-1.1601141582519583
-1.1601141582519578
-1.1407614807352635
-1.1407614807352633
-1.1407614807352633
-1.1407614807352628
-1.1210747752411385
-1.121074775241138
-1.110209728590915
-1.1102097285909145
-1.1102097285909145
-1.110209728590914
-1.0899713469676957
-1.0899713469676955
-1.0899713469676955
-1.0899713469676953
-1.0710360513893216
-1.0710360513893213
-1.071036051389321
-1.07103605138932
-1.0579538849775905
-1.0579538849775902
-1.0500429129936972
-1.0500429129936972
-1.0500429129936972
-1.050042912993697
-1.026877374306719
-1.026877374306719
-1.0268773743067188
-1.0268773743067183
-1.0167689042535148
-1.0167689042535142
-1.016768904253514
-1.016768904253514
-1.0049622070584154
-1.004962207058415
-1.004962207058415
-1.0049622070584148
-0.9824105154158291
-0.9824105154158291
-0.9824105154158289
-0.9824105154158281
-0.9738437177363759
-0.9738437177363756
-0.9701432487753157
-0.9701432487753157
-0.9701432487753154
-0.9701432487753152
-0.9594802324968742
-0.9594802324968741
-0.959480232496874
-0.9594802324968736
-0.9432441965351742
-0.9432441965351741
-0.9432441965351736
-0.9432441965351734
-0.9250570280053224
-0.925057028005322
-0.9250570280053219
-0.9250570280053216
-0.9229470201917656
-0.9229470201917651
-0.922947020191765
-0.9229470201917648
-0.9193375386929153
-0.9193375386929147
-0.9193375386929142
-0.9193375386929142
-0.9156287038426482
-0.915628703842648
-0.915628703842648
-0.9156287038426476
-0.8909813797455185
-0.8909813797455184
-0.8909813797455184
-0.8909813797455176
-0.881141529822848
-0.881141529822848
-0.8811415298228478
-0.8811415298228471
-0.875433483480369
-0.875433483480369
-0.8754334834803688
-0.8754334834803683
-0.8735498975728125
-0.8735498975728123
-0.8515143595863965
-0.8515143595863964
-0.8515143595863962
-0.851514359586396
-0.8312418285290176
-0.8312418285290171
-0.831241828529017
-0.831241828529017
-0.8208183127136031
-0.820818312713603
-0.8208183127136027
-0.8208183127136026
-0.8203245908036823
-0.8203245908036821
-0.820324590803682
-0.8203245908036819
-0.7997682705006159
-0.7997682705006158
-0.7997682705006157
-0.7997682705006155
-0.7927195784323039
-0.7927195784323036
-0.7927195784323032
-0.7927195784323027
-0.7735126993034426
-0.7735126993034419
-0.7735126993034415
-0.7735126993034412
-0.76445796576564
-0.7644579657656397
-0.7480863690500532
-0.7480863690500532
-0.748086369050053
-0.7480863690500522
-0.7395865094679447
-0.7395865094679446
-0.7395865094679445
-0.7395865094679434
-0.7134249609596173
-0.7134249609596172
-0.7134249609596169
-0.7134249609596168
-0.6886114996688681
-0.6886114996688681
-0.6886114996688677
-0.6886114996688677
-0.6764920427643726
-0.6764920427643722
-0.6764920427643719
-0.6764920427643711
-0.6584484553994506
-0.65844845539945
-0.6182399836804505
-0.61823998368045
-0.61823998368045
-0.61823998368045
-0.6176930596693149
-0.6176930596693146
-0.6176930596693143
-0.6176930596693142
-0.5752277691701655
-0.5752277691701653
-0.540553415399602
-0.5405534153996019
-0.5405534153996018
-0.5405534153996014
-0.4655933723732176
-0.4655933723732171
-0.4655933723732168
-0.46559337237321613
-0.40674746145630347
-0.40674746145630336
-0.40674746145630314
-0.4067474614563029
-9.153036789974712e-05
-9.15303678997136e-05
9.153036789985308e-05
9.153036789987094e-05
0.406747461456303
0.40674746145630314
0.40674746145630325
0.4067474614563033
0.4655933723732168
0.46559337237321685
0.46559337237321685
0.46559337237321774
0.5405534153996011
0.5405534153996012
0.5405534153996018
0.540553415399602
0.5752277691701647
0.5752277691701649
0.6176930596693143
0.6176930596693148
0.6176930596693149
0.6176930596693152
0.6182399836804497
0.6182399836804505
0.6182399836804506
0.6182399836804509
0.65844845539945
0.6584484553994501
0.676492042764372
0.6764920427643726
0.6764920427643726
0.6764920427643741
0.6886114996688681
0.6886114996688681
0.6886114996688684
0.6886114996688684
0.7134249609596166
0.7134249609596168
0.7134249609596169
0.7134249609596169
0.7395865094679445
0.7395865094679446
0.7395865094679447
0.7395865094679449
0.7480863690500529
0.748086369050053
0.7480863690500533
0.7480863690500533
0.7644579657656398
0.7644579657656401
0.7735126993034411
0.7735126993034412
0.7735126993034415
0.7735126993034418
0.7927195784323035
0.792719578432304
0.7927195784323041
0.792719578432305
0.799768270500615
0.799768270500615
0.7997682705006158
0.7997682705006158
0.820324590803682
0.8203245908036821
0.8203245908036823
0.820324590803683
0.8208183127136027
0.8208183127136027
0.8208183127136031
0.8208183127136034
0.8312418285290167
0.8312418285290172
0.8312418285290173
0.8312418285290174
0.8515143595863962
0.8515143595863963
0.8515143595863965
0.8515143595863968
0.8735498975728127
0.8735498975728127
0.8754334834803688
0.8754334834803691
0.8754334834803692
0.8754334834803693
0.8811415298228478
0.8811415298228478
0.8811415298228481
0.8811415298228483
0.8909813797455178
0.8909813797455183
0.8909813797455185
0.8909813797455185
0.9156287038426476
0.9156287038426477
0.9156287038426478
0.9156287038426479
0.919337538692914
0.9193375386929142
0.9193375386929142
0.9193375386929148
0.9229470201917643
0.9229470201917643
0.9229470201917651
0.9229470201917656
0.9250570280053211
0.9250570280053214
0.9250570280053217
0.9250570280053217
0.9432441965351734
0.9432441965351736
0.9432441965351737
0.9432441965351738
0.9594802324968738
0.959480232496874
0.9594802324968742
0.9594802324968749
0.9701432487753145
0.9701432487753153
0.9701432487753157
0.9701432487753159
0.9738437177363757
0.9738437177363757
0.9824105154158284
0.9824105154158289
0.982410515415829
0.9824105154158294
1.0049622070584145
1.004962207058415
1.0049622070584154
1.0049622070584154
1.0167689042535133
1.0167689042535135
1.0167689042535137
1.016768904253514
1.0268773743067185
1.0268773743067185
1.0268773743067188
1.026877374306719
1.0500429129936968
1.0500429129936972
1.0500429129936977
1.050042912993698
1.0579538849775894
1.057953884977591
1.0710360513893202
1.071036051389321
1.0710360513893211
1.0710360513893211
1.0899713469676953
1.0899713469676955
1.0899713469676966
1.0899713469676968
1.110209728590914
1.1102097285909145
1.110209728590915
1.110209728590915
1.1210747752411387
1.1210747752411396
1.140761480735263
1.140761480735263
1.1407614807352633
1.140761480735264
1.160114158251958
1.1601141582519583
