-1.160114158251958
-1.1601141582519567
-1.1407614807352633
-1.1407614807352626
-1.1407614807352626
-1.1407614807352624
-1.1210747752411399
-1.1210747752411394
-1.1102097285909145
-1.1102097285909143
-1.110209728590914
-1.1102097285909136
-1.0899713469676957
-1.0899713469676957
-1.0899713469676957
-1.0899713469676955
-1.0710360513893216
-1.0710360513893211
-1.071036051389321
-1.0710360513893207
-1.0579538849775905
-1.0579538849775898
-1.050042912993697
-1.0500429129936968
-1.0500429129936966
-1.0500429129936963
-1.0268773743067188
-1.0268773743067185
-1.0268773743067185
-1.0268773743067179
-1.016768904253514
-1.0167689042535137
-1.0167689042535135
-1.0167689042535135
-1.0049622070584154
-1.0049622070584154
-1.004962207058415
-1.0049622070584148
-0.9824105154158298
-0.9824105154158297
-0.9824105154158288
-0.9824105154158287
-0.9738437177363759
-0.9738437177363756
-0.9701432487753157
-0.9701432487753154
-0.9701432487753152
-0.9701432487753151
-0.9594802324968743
-0.9594802324968742
-0.959480232496874
-0.9594802324968736
-0.9432441965351737
-0.9432441965351736
-0.9432441965351732
-0.943244196535173
-0.9250570280053219
-0.9250570280053219
-0.9250570280053217
-0.9250570280053214
-0.9229470201917657
-0.9229470201917652
-0.9229470201917651
-0.9229470201917637
-0.9193375386929148
-0.9193375386929148
-0.9193375386929146
-0.9193375386929141
-0.915628703842648
-0.9156287038426479
-0.9156287038426476
-0.9156287038426475
-0.8909813797455184
-0.8909813797455184
-0.8909813797455184
-0.8909813797455182
-0.881141529822848
-0.8811415298228479
-0.8811415298228479
-0.8811415298228475
-0.8754334834803691
-0.875433483480369
-0.8754334834803689
-0.8754334834803688
-0.8735498975728125
-0.8735498975728124
-0.8515143595863965
-0.8515143595863963
-0.8515143595863963
-0.8515143595863953
-0.8312418285290173
-0.8312418285290172
-0.8312418285290171
-0.8312418285290168
-0.8208183127136028
-0.8208183127136026
-0.8208183127136024
-0.8208183127136021
-0.820324590803682
-0.820324590803682
-0.820324590803682
-0.8203245908036818
-0.7997682705006158
-0.7997682705006157
-0.7997682705006155
-0.7997682705006152
-0.7927195784323039
-0.7927195784323038
-0.7927195784323037
-0.7927195784323031
-0.7735126993034416
-0.7735126993034415
-0.7735126993034415
-0.773512699303441
-0.76445796576564
-0.7644579657656397
-0.7480863690500535
-0.7480863690500533
-0.7480863690500533
-0.748086369050053
-0.7395865094679448
-0.7395865094679448
-0.7395865094679448
-0.7395865094679445
-0.713424960959617
-0.7134249609596168
-0.7134249609596168
-0.7134249609596163
-0.6886114996688683
-0.6886114996688681
-0.6886114996688678
-0.6886114996688677
-0.6764920427643725
-0.676492042764372
-0.6764920427643719
-0.6764920427643719
-0.6584484553994505
-0.6584484553994503
-0.6182399836804504
-0.6182399836804503
-0.61823998368045
-0.6182399836804496
-0.6176930596693151
-0.6176930596693151
-0.6176930596693144
-0.6176930596693143
-0.5752277691701653
-0.575227769170165
-0.5405534153996019
-0.5405534153996019
-0.5405534153996014
-0.5405534153996014
-0.46559337237321696
-0.46559337237321663
-0.4655933723732165
-0.4655933723732162
-0.40674746145630314
-0.4067474614563031
-0.406747461456303
-0.406747461456303
-9.153036789998253e-05
-9.153036789953154e-05
9.153036789963639e-05
9.153036790001683e-05
0.40674746145630264
0.4067474614563028
0.4067474614563029
0.4067474614563031
0.46559337237321663
0.46559337237321674
0.4655933723732171
0.4655933723732172
0.5405534153996009
0.5405534153996017
0.5405534153996018
0.540553415399602
0.575227769170165
0.5752277691701654
0.6176930596693146
0.6176930596693148
0.6176930596693149
0.617693059669315
0.6182399836804501
0.6182399836804501
0.6182399836804502
0.6182399836804503
0.6584484553994502
0.6584484553994502
0.6764920427643717
0.6764920427643719
0.676492042764372
0.6764920427643721
0.6886114996688676
0.6886114996688678
0.6886114996688678
0.6886114996688679
0.7134249609596168
0.7134249609596168
0.7134249609596169
0.713424960959617
0.7395865094679442
0.7395865094679445
0.7395865094679446
0.7395865094679447
0.7480863690500532
0.7480863690500533
0.7480863690500533
0.7480863690500542
0.7644579657656397
0.7644579657656401
0.7735126993034399
0.7735126993034411
0.7735126993034415
0.7735126993034418
0.792719578432303
0.7927195784323035
0.7927195784323038
0.7927195784323039
0.799768270500615
0.7997682705006152
0.7997682705006154
0.7997682705006157
0.820324590803682
0.820324590803682
0.8203245908036821
0.8203245908036826
0.8208183127136027
0.8208183127136027
0.8208183127136027
0.8208183127136028
0.8312418285290164
0.8312418285290166
0.8312418285290171
0.8312418285290172
0.851514359586396
0.8515143595863962
0.8515143595863963
0.8515143595863964
0.8735498975728123
0.8735498975728124
0.8754334834803689
0.8754334834803689
0.875433483480369
0.8754334834803692
0.8811415298228475
0.8811415298228478
0.8811415298228479
0.8811415298228481
0.8909813797455175
0.8909813797455179
0.8909813797455183
0.8909813797455186
0.9156287038426476
0.9156287038426478
0.9156287038426479
0.9156287038426482
0.9193375386929136
0.9193375386929145
0.9193375386929145
0.9193375386929145
0.9229470201917639
0.9229470201917647
0.9229470201917651
0.9229470201917653
0.9250570280053212
0.9250570280053215
0.9250570280053216
0.9250570280053219
0.9432441965351733
0.9432441965351733
0.9432441965351737
0.9432441965351738
0.9594802324968739
0.9594802324968741
0.9594802324968742
0.9594802324968742
0.970143248775315
0.9701432487753152
0.9701432487753152
0.9701432487753154
0.9738437177363752
0.9738437177363756
0.9824105154158279
0.9824105154158292
0.9824105154158292
0.9824105154158296
1.0049622070584145
1.004962207058415
1.004962207058415
1.0049622070584152
1.016768904253513
1.0167689042535137
1.0167689042535137
1.016768904253514
1.0268773743067183
1.0268773743067183
1.0268773743067185
1.0268773743067185
1.0500429129936963
1.0500429129936972
1.0500429129936972
1.0500429129936977
1.0579538849775902
1.057953884977594
1.07103605138932
1.0710360513893202
1.071036051389321
1.071036051389321
1.0899713469676957
1.0899713469676957
1.089971346967696
1.0899713469676962
1.1102097285909145
1.1102097285909145
1.1102097285909152
1.1102097285909154
1.1210747752411383
1.1210747752411385
1.1407614807352628
1.1407614807352628
1.140761480735263
1.1407614807352635
1.1601141582519574
1.1601141582519578
