-8.417145201564763
-8.415730988007379
-8.316732513268924
-8.316715332816441
-8.315318405551748
-8.315301222177544
-8.215075184083451
-8.213660970526314
-8.159520911166107
-8.159475527089718
-8.15810743007353
-8.158062038133812
-8.055879969477967
-8.055851738346213
-8.054466040257452
-8.054437804169819
-7.960557316509727
-7.960473721823004
-7.959145583624003
-7.9590619741097335
-7.893445954252703
-7.892031740696006
-7.854291398485028
-7.854224864929338
-7.852878757141305
-7.852812211616901
-7.740420963893043
-7.74029135879098
-7.7390127145430165
-7.738883085856633
-7.6875991260202925
-7.6875607335075395
-7.68618543731894
-7.686147037744773
-7.631090176452792
-7.6309774388353455
-7.6296804748887155
-7.62956771644094
-7.524333712630267
-7.524154485088905
-7.522930920914287
-7.522751659951787
-7.476047172205807
-7.474632958649765
-7.459411788554528
-7.459326945141002
-7.458000130825341
-7.457915271352388
-7.411816133843565
-7.411653463871819
-7.410411324203802
-7.41024862339364
-7.340316072939167
-7.340090471562895
-7.338919994716708
-7.338694350423108
-7.24119639492569
-7.2411497542991174
-7.239782955384113
-7.2397363056517205
-7.234936444225049
-7.234801232308725
-7.233528723685326
-7.233393485454853
-7.224933261527643
-7.224723834429115
-7.223534663991888
-7.223325196343584
-7.21570274066884
-7.215443223538801
-7.214312572211064
-7.214053005071338
-7.098294627907125
-7.098050948334454
-7.09690159454126
-7.096657867135683
-7.043361951767097
-7.043179416020915
-7.041959588380565
-7.041777016282556
-7.00973653931689
-7.0096390891896405
-7.008325697772624
-7.008228228027479
-6.998420798510512
-6.99700658495536
-6.913398120652905
-6.913180821274983
-6.912000726641663
-6.911783383331106
-6.811831514523756
-6.811686103744087
-6.810424813039529
-6.810279372224447
-6.758651847356394
-6.758600747901423
-6.75723856282272
-6.757187452680156
-6.677362845712795
-6.677182067109133
-6.6759602556317255
-6.67577943904624
-6.553168472227666
-6.553068860066911
-6.551757782679614
-6.5516581490705725
-6.510005006932268
-6.50859079337824
-6.413278647965124
-6.413143087922031
-6.411870962801168
-6.411735372996108
-6.296412265878712
-6.2963634429349895
-6.29499890100486
-6.2949500670992355
-6.1506856051138366
-6.150600408652122
-6.149273970507599
-6.149188754487812
-6.075264178383755
-6.073849964830962
-5.952320429256783
-5.951320513684704
-5.9513205128588025
-5.950320429256787
-5.924100001536058
-5.9240634380918245
-5.922686265199853
-5.9226496930279255
-5.809435349104678
-5.808435435609491
-5.808435434763274
-5.807435349104682
-5.768938690052358
-5.767524476500612
-5.58200913878677
-5.581009228816649
-5.581009227935947
-5.580009138786763
-5.286863628292068
-5.285863723348928
-5.285863722419052
-5.2848636282920705
-4.949130778964854
-4.948130880509785
-4.948130879516442
-4.947130778964855
-4.603768658806223
-4.602768767970434
-4.602768766902555
-4.601768658806229
-4.296360468937796
-4.295360585914611
-4.295360584770306
-4.294360468937792
-4.079755637343356
-4.0787557605323
-4.078755759327228
-4.077755637343361
-0.0010024606124915435
-0.0009975454273358974
0.0009975454273355247
0.0010024606124914657
4.0777556373433566
4.078755759327226
4.0787557605322995
4.0797556373433554
4.294360468937795
4.295360584770308
4.295360585914612
4.296360468937796
4.601768658806224
4.602768766902552
4.602768767970431
4.603768658806224
4.947130778964854
4.948130879516438
4.948130880509784
4.949130778964853
5.284863628292066
5.285863722419051
5.285863723348927
5.2868636282920685
5.580009138786768
5.581009227935951
5.581009228816652
5.58200913878677
5.767524476500611
5.768938690052362
5.807435349104678
5.808435434763271
5.808435435609488
5.809435349104678
5.922649693027925
5.922686265199851
5.924063438091825
5.9241000015360585
5.950320429256784
5.951320512858802
5.951320513684703
5.952320429256786
6.073849964830961
6.0752641783837555
6.149188754487811
6.149273970507598
6.150600408652124
6.15068560511384
6.2949500670992355
6.2949989010048615
6.29636344293499
6.296412265878712
6.411735372996108
6.411870962801169
6.413143087922035
6.413278647965129
6.5085907933782385
6.5100050069322695
6.5516581490705725
6.551757782679614
6.553068860066911
6.553168472227668
6.675779439046238
6.675960255631725
6.677182067109131
6.6773628457127945
6.757187452680157
6.757238562822722
6.758600747901423
6.7586518473563935
6.810279372224448
6.810424813039531
6.811686103744085
6.811831514523754
6.911783383331109
6.912000726641667
6.913180821274984
6.913398120652908
6.997006584955363
6.998420798510511
7.0082282280274795
7.0083256977726265
7.009639089189639
7.009736539316888
7.041777016282559
7.041959588380566
7.043179416020919
7.043361951767102
7.09665786713568
7.09690159454126
7.098050948334452
7.098294627907125
7.214053005071337
7.214312572211063
7.2154432235388
7.21570274066884
7.223325196343584
7.223534663991891
7.224723834429114
7.224933261527641
7.233393485454849
7.233528723685323
7.234801232308722
7.234936444225046
7.239736305651725
7.239782955384116
7.24114975429912
7.241196394925693
7.33869435042311
7.338919994716709
7.340090471562899
7.340316072939169
7.410248623393642
7.410411324203802
7.41165346387182
7.4118161338435655
7.457915271352387
7.45800013082534
7.4593269451410045
7.4594117885545295
7.474632958649764
7.476047172205809
7.522751659951787
7.5229309209142885
7.524154485088907
7.52433371263027
7.629567716440944
7.629680474888719
7.630977438835342
7.63109017645279
7.686147037744775
7.68618543731894
7.687560733507536
7.687599126020289
7.738883085856635
7.739012714543018
7.740291358790982
7.740420963893045
7.852812211616899
7.852878757141303
7.85422486492934
7.854291398485028
7.892031740696008
7.893445954252705
7.959061974109735
7.959145583624005
7.960473721823008
7.960557316509728
8.05443780416982
8.054466040257454
8.055851738346213
8.055879969477969
8.158062038133812
8.158107430073532
8.159475527089718
8.159520911166107
8.213660970526316
8.215075184083448
8.315301222177544
8.315318405551748
8.316715332816443
8.316732513268924
8.415730988007383
8.417145201564763
