-2.790558261713264
-2.7891440481963157
-2.7338364887841533
-2.733806827696657
-2.732422594187666
-2.732392917751846
-2.6758823416870143
-2.6744681281740434
-2.643761949355451
-2.643681087924742
-2.6423500723108773
-2.64226916767246
-2.583788227391023
-2.583736873221123
-2.5823749611612974
-2.5823235788860455
-2.527162816855392
-2.5270067312376625
-2.5257572915158097
-2.5256011190346856
-2.488234620668745
-2.486820407163509
-2.46435311228752
-2.464225954556921
-2.4629446666615955
-2.462817436211539
-2.393830035251086
-2.3935717910150736
-2.3924396891395405
-2.3921812948108667
-2.3639767734754242
-2.3639003474266924
-2.3625646506474416
-2.3624881789168017
-2.3274248853217427
-2.3271941161266776
-2.3260297077985963
-2.3257988001719583
-2.2565881501303995
-2.256198667388982
-2.2552287780761477
-2.2548390605277606
-2.232733640764339
-2.231319427272935
-2.2208684158015783
-2.2206863244471715
-2.2194660391665577
-2.21928383274771
-2.186017941018246
-2.185652983005156
-2.1846517747353604
-2.184286588458585
-2.1309663970516746
-2.130417593301463
-2.1296632500118826
-2.1291141103604985
-2.0806176595844126
-2.0805101320645942
-2.0792075791152818
-2.0790999786684985
-2.0722027801216125
-2.0718818160241197
-2.070825602098453
-2.0705044245144912
-2.0560890409970347
-2.0555596943995367
-2.05477786970823
-2.054248185243084
-2.033871536307517
-2.0331428683043535
-2.0326598434169276
-2.0319307408902207
-1.9806206910484994
-1.979707855714502
-1.9795409971036044
-1.978627663655345
-1.9552794647688119
-1.9545629839757972
-1.9540605349966123
-1.9533436071037293
-1.9346452046817777
-1.9341512233256175
-1.93332030230243
-1.9328259823348157
-1.9211292738941974
-1.9208771219440743
-1.9197378290649925
-1.9194854943286437
-1.916348805514584
-1.9149345920485554
-1.8998270134288922
-1.8989180417725326
-1.8987440834945213
-1.8978345931667862
-1.8271474239471486
-1.826453327019456
-1.8259156256200093
-1.825221060262852
-1.7718818789828237
-1.7714444989128866
-1.7705372205439525
-1.7700995082176967
-1.7676800062353581
-1.7667781487275926
-1.7665911785292943
-1.7656887648831496
-1.7418842056910384
-1.7417345527898005
-1.7404779996072643
-1.7403282257846915
-1.653838273201526
-1.6531806960575068
-1.652586617978028
-1.6519285425922738
-1.5878935510649759
-1.5870033663663237
-1.5867952136599934
-1.585904412453212
-1.5757500728511353
-1.5754002499372872
-1.5743799999063892
-1.5740298724984076
-1.547710274573575
-1.5462960611589338
-1.441736429771011
-1.4411373108038392
-1.4404557836649465
-1.439856131825626
-1.3655873566112107
-1.3647160948826604
-1.3644740323172149
-1.3636020592399332
-1.3580260675241356
-1.3578121332280064
-1.3566282562824519
-1.3564141015228672
-1.1999376820958547
-1.1994351129717873
-1.1986161630532606
-1.198113039595427
-1.136873561657429
-1.135459348368942
-1.1072828620190538
-1.1064437903800202
-1.1061452104071727
-1.105305275141726
-0.9423890576795511
-0.9420574803503777
-0.9410145654488976
-0.9406825036307035
-0.8211711341990087
-0.8203935441755758
-0.8199908124858379
-0.8192121021105954
-0.6950452770306457
-0.6936310642016268
-0.518953594004455
-0.518325388306869
-0.5176877180305594
-0.5170579743442837
-0.23427783457040913
-0.23286362748875417
0.23286362748875342
0.2342778345704084
0.5170579743442836
0.51768771803056
0.5183253883068687
0.5189535940044548
0.6936310642016266
0.6950452770306453
0.8192121021105957
0.8199908124858376
0.820393544175576
0.8211711341990087
0.9406825036307034
0.9410145654488974
0.9420574803503775
0.9423890576795504
1.1053052751417258
1.1061452104071714
1.10644379038002
1.1072828620190527
1.135459348368942
1.1368735616574288
1.1981130395954271
1.19861616305326
1.199435112971788
1.1999376820958543
1.356414101522868
1.3566282562824523
1.3578121332280064
1.3580260675241356
1.3636020592399336
1.364474032317215
1.3647160948826604
1.3655873566112104
1.4398561318256262
1.440455783664946
1.4411373108038386
1.4417364297710107
1.5462960611589336
1.547710274573575
1.5740298724984068
1.5743799999063885
1.5754002499372866
1.5757500728511342
1.5859044124532122
1.5867952136599932
1.587003366366323
1.5878935510649754
1.651928542592274
1.6525866179780282
1.653180696057507
1.6538382732015264
1.7403282257846917
1.740477999607265
1.741734552789802
1.74188420569104
1.76568876488315
1.7665911785292945
1.7667781487275929
1.7676800062353575
1.7700995082176965
1.7705372205439522
1.771444498912887
1.771881878982824
1.8252210602628522
1.8259156256200102
1.8264533270194558
1.8271474239471486
1.8978345931667862
1.8987440834945233
1.8989180417725338
1.8998270134288924
1.9149345920485552
1.9163488055145845
1.9194854943286426
1.9197378290649922
1.920877121944073
1.9211292738941954
1.9328259823348155
1.9333203023024301
1.9341512233256166
1.9346452046817775
1.9533436071037291
1.9540605349966125
1.9545629839757974
1.9552794647688128
1.9786276636553461
1.979540997103605
1.9797078557145025
1.9806206910484996
2.0319307408902203
2.0326598434169267
2.033142868304354
2.033871536307518
2.0542481852430843
2.054777869708231
2.055559694399537
2.0560890409970356
2.0705044245144926
2.0708256020984543
2.071881816024119
2.072202780121612
2.079099978668498
2.079207579115282
2.080510132064595
2.0806176595844135
2.1291141103604985
2.129663250011883
2.1304175933014635
2.130966397051675
2.184286588458585
2.1846517747353595
2.1856529830051556
2.1860179410182456
2.2192838327477094
2.2194660391665573
2.2206863244471724
2.2208684158015792
2.2313194272729335
2.23273364076434
2.2548390605277615
2.255228778076149
2.256198667388982
2.2565881501304004
2.325798800171958
2.3260297077985954
2.3271941161266767
2.3274248853217423
2.3624881789168017
2.362564650647441
2.3639003474266933
2.363976773475425
2.392181294810867
2.392439689139541
2.3935717910150744
2.3938300352510864
2.4628174362115405
2.4629446666615964
2.4642259545569223
2.4643531122875215
2.486820407163509
2.488234620668745
2.525601119034685
2.5257572915158097
2.5270067312376616
2.527162816855392
2.582323578886046
2.582374961161298
2.5837368732211234
2.583788227391022
2.64226916767246
2.6423500723108773
2.6436810879247425
2.643761949355451
2.674468128174044
2.6758823416870148
2.732392917751846
2.732422594187666
2.733806827696657
2.733836488784153
2.7891440481963143
2.7905582617132625
