-1.4148663905789383
-1.4093477484130843
-1.4040911850754643
-1.3919036961442293
-1.390145230524308
-1.3849070357912987
-1.372581834706153
-1.3638682757311713
-1.362547442130454
-1.3576473057518812
-1.3525902985492828
-1.3441743986771983
-1.333659256754176
-1.3300632144078774
-1.3246909972985779
-1.3171090344912042
-1.315027721609403
-1.3041543871247008
-1.2959930429654773
-1.2922473070628555
-1.2900900984870591
-1.288931818383568
-1.2741378525912015
-1.2713040776134839
-1.2669336334867183
-1.2640137729823908
-1.2566196637005096
-1.252096509960496
-1.2503234802288232
-1.2465053944504731
-1.2366784139281743
-1.2346613674663283
-1.232046836505959
-1.2295648993693262
-1.227089482033977
-1.2230879330058038
-1.2129211664039012
-1.2105348838065182
-1.204113442267036
-1.1982928219424154
-1.1950138098286622
-1.1910434477639704
-1.1860819100908788
-1.1832041046900155
-1.1754547769140906
-1.1749192136445052
-1.1715038760929777
-1.1674510982197719
-1.163695339753122
-1.1595363861214747
-1.1555907257476679
-1.1511835913503785
-1.1509525395956224
-1.1428879116529407
-1.1390250475175474
-1.1362211071153516
-1.1324761169995636
-1.1240724814596128
-1.12164947109217
-1.1186434107399457
-1.1139217397950156
-1.112618139336693
-1.111210755535109
-1.1090220712688992
-1.106185696222472
-1.1027824806958733
-1.1011029054013013
-1.0953492031552534
-1.0945064705128513
-1.0910646021338113
-1.0892794025505674
-1.0872009957196105
-1.0798837206069758
-1.0763462558683554
-1.0722446607745737
-1.0684111563022958
-1.0656593853894318
-1.063000112924572
-1.0621143108189512
-1.057283031553132
-1.0530110577780363
-1.0462572321943842
-1.0453533774750001
-1.042382997503482
-1.0381619411892617
-1.0339387503821709
-1.0258595621046243
-1.019351524449348
-1.015929630341153
-1.0056294916779653
-1.0021101051335617
-1.0013600486749095
-0.9981530775708757
-0.9917205077813716
-0.9903533520751313
-0.9872903736641067
-0.9839768851951113
-0.9813724149543971
-0.9793635472447583
-0.9763049265000543
-0.9718972413081713
-0.9625114087026599
-0.9609919775166439
-0.9553886024532751
-0.9499609388970869
-0.9441750780960382
-0.9437883744164788
-0.9399990917379716
-0.9350179342839965
-0.9317106728412999
-0.930880236809923
-0.9250605148911961
-0.923506490032802
-0.9221828013365413
-0.9139924470331088
-0.9130392808429654
-0.9014035327215643
-0.8877665871516139
-0.8850138723651197
-0.879876197744008
-0.8778196199910815
-0.8740960210360329
-0.8702449160172951
-0.8614158609491348
-0.8582195302251722
-0.8520928050364763
-0.8463829528457784
-0.8442632253100731
-0.8416059909437653
-0.8227443844729249
-0.8182250809829821
-0.8163991239685309
-0.8149785107672021
-0.8068159314606719
-0.8011511130335713
-0.7994680852502279
-0.7847730176491741
-0.7785575885339973
-0.7662365881955973
-0.7469685921387832
-0.741157786858926
-0.734010303682382
-0.7271415254703297
-0.7249645912675765
-0.7235652543512093
-0.7179808270698945
-0.6776173778584627
-0.67266533843868
-0.6661012461819322
-0.6404622870049279
-0.631024157739011
-0.6252074161644956
-0.5895196990297303
-0.5501495362028882
-0.5420882487692174
-0.5225206883353339
-0.48271064796019236
-0.48222851614565243
-0.46250937536953707
-0.4609392102999371
-0.00012216122622233963
-8.99974092927539e-05
8.999740929241063e-05
0.0001221612262223034
0.4609392102999374
0.4625093753695373
0.48222851614565193
0.4827106479601925
0.5225206883353339
0.5420882487692168
0.5501495362028889
0.5895196990297304
0.6252074161644958
0.6310241577390105
0.6404622870049274
0.6661012461819318
0.6726653384386803
0.6776173778584628
0.7179808270698946
0.7235652543512096
0.7249645912675767
0.7271415254703297
0.734010303682382
0.7411577868589262
0.7469685921387836
0.7662365881955974
0.7785575885339976
0.7847730176491742
0.7994680852502285
0.8011511130335714
0.8068159314606721
0.8149785107672023
0.8163991239685308
0.8182250809829822
0.822744384472925
0.8416059909437658
0.8442632253100735
0.8463829528457782
0.8520928050364761
0.8582195302251722
0.8614158609491351
0.8702449160172951
0.8740960210360331
0.8778196199910816
0.879876197744008
0.8850138723651199
0.8877665871516139
0.901403532721564
0.9130392808429653
0.9139924470331086
0.9221828013365421
0.9235064900328019
0.925060514891196
0.9308802368099232
0.9317106728413003
0.9350179342839966
0.9399990917379719
0.9437883744164793
0.9441750780960387
0.9499609388970869
0.9553886024532751
0.9609919775166443
0.9625114087026596
0.971897241308171
0.9763049265000546
0.9793635472447583
0.981372414954397
0.9839768851951111
0.9872903736641062
0.9903533520751313
0.9917205077813713
0.9981530775708758
1.001360048674909
1.0021101051335615
1.0056294916779651
1.015929630341153
1.019351524449348
1.025859562104624
1.033938750382171
1.0381619411892617
1.042382997503482
1.0453533774750001
1.0462572321943842
1.053011057778036
1.057283031553132
1.0621143108189515
1.0630001129245719
1.0656593853894314
1.0684111563022956
1.0722446607745735
1.0763462558683554
1.0798837206069754
1.0872009957196107
1.0892794025505672
1.0910646021338113
1.094506470512851
1.0953492031552532
1.101102905401301
1.1027824806958735
1.1061856962224723
1.109022071268899
1.1112107555351083
1.1126181393366925
1.1139217397950156
1.1186434107399457
1.12164947109217
1.1240724814596128
1.1324761169995636
1.1362211071153514
1.1390250475175474
1.1428879116529402
1.1509525395956224
1.1511835913503783
1.1555907257476683
1.1595363861214742
1.1636953397531222
1.1674510982197719
1.171503876092977
1.174919213644506
1.1754547769140902
1.1832041046900148
1.1860819100908786
1.1910434477639702
1.195013809828662
1.1982928219424154
1.2041134422670365
1.210534883806518
1.2129211664039015
1.2230879330058035
1.227089482033977
1.2295648993693262
1.2320468365059587
1.2346613674663283
1.2366784139281741
1.2465053944504731
1.2503234802288232
1.252096509960496
1.2566196637005094
1.2640137729823904
1.2669336334867185
1.2713040776134843
1.2741378525912013
1.2889318183835683
1.2900900984870594
1.2922473070628557
1.2959930429654778
1.3041543871247012
1.3150277216094035
1.3171090344912046
1.3246909972985788
1.3300632144078781
1.333659256754176
1.344174398677199
1.3525902985492833
1.3576473057518823
1.3625474421304538
1.363868275731171
1.372581834706153
1.3849070357912985
1.390145230524308
1.3919036961442293
1.4040911850754645
1.409347748413084
1.4148663905789385
