-1.4421287686929964
-1.4371301880243332
-1.430656439308013
-1.4201908109466472
-1.4114674332390924
-1.4010745903543136
-1.3969883667351233
-1.395347739167872
-1.3895653157749543
-1.3845681213959053
-1.3759211489615084
-1.3664412279586724
-1.3624529927193663
-1.3518243712401308
-1.3450633759795627
-1.3381353380930139
-1.3318464556796683
-1.3271523117912967
-1.323535019861582
-1.315426372375714
-1.3129433674858013
-1.3063230076979153
-1.3037870606411768
-1.3010176899475967
-1.2952233962253952
-1.2919380399355374
-1.2885581718819015
-1.2881089746243422
-1.279076240752203
-1.2756463280329489
-1.2728794696580672
-1.2684774585612326
-1.26540289760473
-1.2594186947753052
-1.2503930160486707
-1.2492376353338572
-1.243488071796517
-1.2398579534617302
-1.2379689732201609
-1.233651552862218
-1.231083193969675
-1.2253020559041563
-1.2242659866019523
-1.2183738180014956
-1.2161166175915887
-1.2130550999989458
-1.2083595244036482
-1.2049789480496331
-1.2005343851363972
-1.1959870840089828
-1.1916796921966615
-1.1894146520825517
-1.1809407791922226
-1.178087259709229
-1.1747731154457457
-1.1705069285562792
-1.1695841589400187
-1.167588469574831
-1.1628668138577483
-1.1613555120969794
-1.1575727602125438
-1.1537084520700343
-1.149908967583381
-1.1475850825121807
-1.14519865253294
-1.141153835302539
-1.1393212162822315
-1.1356643831077184
-1.1349901145453842
-1.1315762742388944
-1.1290777510715266
-1.1247329592924085
-1.1195177417219333
-1.1187816707598373
-1.1176698290398766
-1.114767449878733
-1.1133084716682342
-1.1083499980424252
-1.1050660869662112
-1.1011469443362552
-1.0989990661734204
-1.094598828605515
-1.0916313557662272
-1.089539253598757
-1.0874254519606055
-1.085994119950227
-1.0825461089781634
-1.0798805939580713
-1.074147954943576
-1.0688426836398939
-1.06727511102692
-1.0663340847418623
-1.0613056730151993
-1.057757186097645
-1.054094535452963
-1.0480328503137952
-1.041749286518097
-1.03841851103393
-1.034688780640334
-1.0344830078990899
-1.0286353722828099
-1.027050726189555
-1.0233433240371985
-1.0168366361414785
-1.0145634693069916
-1.0104998818307325
-1.006919521599307
-1.0035950381118182
-0.9988334725811985
-0.9970164975196356
-0.9909870618218871
-0.9851147427329222
-0.9819856281849135
-0.9814609445981322
-0.9767131021122555
-0.968987545977317
-0.9665646044468231
-0.9588882344653908
-0.9502446562819135
-0.9482498070058699
-0.9478787093832429
-0.9451741553808974
-0.9421696348497616
-0.9344055989084912
-0.9342899591448848
-0.9188895029393566
-0.9165865548851783
-0.9092400420547572
-0.9076831015440507
-0.9038126941373383
-0.8974716480435985
-0.893827916570216
-0.8900052054869783
-0.8814244139617274
-0.8789733217451293
-0.865891407124338
-0.8640459179308568
-0.8557952637177015
-0.8539313939483053
-0.8439947666494435
-0.8389771907513176
-0.8318716069370753
-0.8259256182536772
-0.8170735493816254
-0.815199850429494
-0.7956484443603601
-0.7930727172694517
-0.7834869754070221
-0.7762650773345194
-0.770535090775808
-0.7655333324663155
-0.7534751233880945
-0.7530300061636
-0.7441372449466045
-0.7355496328038954
-0.7226586555725424
-0.7101522387398052
-0.7071636808893874
-0.6936909149046463
-0.691325966510399
-0.6722760366689692
-0.6511616612130127
0.6511616612130126
0.6722760366689691
0.6913259665103988
0.6936909149046459
0.7071636808893876
0.7101522387398049
0.7226586555725426
0.7355496328038953
0.7441372449466043
0.7530300061635998
0.7534751233880941
0.7655333324663153
0.7705350907758082
0.7762650773345192
0.783486975407022
0.7930727172694516
0.79564844436036
0.8151998504294943
0.8170735493816265
0.825925618253677
0.8318716069370752
0.8389771907513173
0.8439947666494434
0.8539313939483054
0.8557952637177012
0.8640459179308568
0.865891407124338
0.8789733217451292
0.8814244139617272
0.8900052054869781
0.893827916570216
0.8974716480435986
0.903812694137338
0.9076831015440507
0.909240042054757
0.9165865548851782
0.9188895029393565
0.9342899591448843
0.9344055989084908
0.9421696348497623
0.9451741553808973
0.9478787093832429
0.9482498070058701
0.9502446562819132
0.9588882344653907
0.9665646044468235
0.968987545977317
0.9767131021122558
0.981460944598132
0.9819856281849135
0.9851147427329222
0.9909870618218871
0.9970164975196358
0.9988334725811983
1.0035950381118177
1.006919521599307
1.0104998818307325
1.0145634693069905
1.0168366361414785
1.0233433240371985
1.0270507261895545
1.0286353722828097
1.0344830078990896
1.034688780640335
1.03841851103393
1.041749286518097
1.0480328503137952
1.0540945354529627
1.0577571860976451
1.0613056730151993
1.066334084741862
1.0672751110269199
1.068842683639894
1.0741479549435757
1.0798805939580713
1.0825461089781636
1.0859941199502263
1.0874254519606052
1.0895392535987567
1.0916313557662274
1.0945988286055153
1.0989990661734204
1.101146944336255
1.1050660869662117
1.1083499980424252
1.1133084716682342
1.1147674498787326
1.1176698290398766
1.1187816707598377
1.1195177417219329
1.1247329592924082
1.1290777510715264
1.1315762742388944
1.1349901145453842
1.1356643831077184
1.1393212162822306
1.1411538353025388
1.14519865253294
1.147585082512182
1.149908967583381
1.1537084520700343
1.1575727602125438
1.1613555120969792
1.1628668138577478
1.167588469574831
1.169584158940019
1.1705069285562797
1.1747731154457455
1.1780872597092293
1.1809407791922224
1.1894146520825517
1.191679692196662
1.195987084008983
1.2005343851363974
1.2049789480496333
1.2083595244036476
1.2130550999989456
1.216116617591589
1.2183738180014956
1.2242659866019527
1.2253020559041565
1.2310831939696756
1.2336515528622183
1.2379689732201613
1.2398579534617302
1.2434880717965175
1.2492376353338572
1.250393016048671
1.2594186947753052
1.2654028976047296
1.2684774585612326
1.2728794696580672
1.2756463280329489
1.2790762407522027
1.2881089746243422
1.2885581718819012
1.2919380399355374
1.2952233962253945
1.3010176899475965
1.303787060641177
1.3063230076979155
1.3129433674858002
1.3154263723757138
1.323535019861582
1.3271523117912967
1.3318464556796683
1.3381353380930139
1.3450633759795625
1.3518243712401306
1.3624529927193663
1.3664412279586724
1.3759211489615084
1.3845681213959053
1.389565315774954
1.3953477391678717
1.3969883667351233
1.4010745903543136
1.4114674332390922
1.4201908109466475
1.4306564393080128
1.4371301880243337
1.4421287686929964
