-1.4545872153600072
-1.4379933441680024
-1.4349308741142925
-1.4123508992919325
-1.3988147240348345
-1.3894823994409413
-1.3801994335641943
-1.377727684771248
-1.373302297551299
-1.3728504133785473
-1.3664610719728116
-1.355728158256137
-1.3445156508941625
-1.3397600357501052
-1.3354255088877234
-1.321892154258468
-1.3175240856065302
-1.315478357893265
-1.3095354662171048
-1.3000543324527718
-1.2965199484598757
-1.289581096270565
-1.2884537746474927
-1.2859195046150966
-1.277797603624245
-1.2729688837297508
-1.267804221499264
-1.2618568110696973
-1.2576241582328
-1.2538953056913225
-1.2498831644697461
-1.2483792946387278
-1.2453648541304874
-1.2306983076642894
-1.2289992900180091
-1.2225099163733253
-1.2177849104813672
-1.2131774890525218
-1.2097806353369036
-1.2043306747242792
-1.200837052334693
-1.193099578388097
-1.186933019319584
-1.1857224235805135
-1.1828515942642697
-1.1810755405572704
-1.1776971163035257
-1.1697138733202708
-1.1676824104083563
-1.1632961075724464
-1.1589464536134326
-1.1568788516140995
-1.1513741680987273
-1.1491876943388253
-1.1441800379312268
-1.1417857438969983
-1.1416175762857523
-1.134278031189218
-1.1314831897244748
-1.1235962111973639
-1.1155709464351646
-1.1130169450197478
-1.1118531464070478
-1.1100781979735168
-1.1072473740916373
-1.101222813053494
-1.0993217544825853
-1.0978105027506884
-1.090993629988368
-1.0866536327444978
-1.0795704897583247
-1.072477414806586
-1.0678986479322925
-1.0659572641442983
-1.0607194905789752
-1.057428484576603
-1.0551672060200208
-1.0494700959513563
-1.045051517106873
-1.0392182128325387
-1.038635801188027
-1.0356139841340246
-1.0294709927740329
-1.0262900700680722
-1.0241945818228817
-1.0224623042976344
-1.0173114764286497
-1.0127925678731386
-1.0098304918372085
-1.00525982621864
-0.9997114583808512
-0.9979580623617943
-0.9963465973652811
-0.9926864525000783
-0.991222033643161
-0.9833954316086607
-0.9806365746123519
-0.9798273492730667
-0.9724624693734244
-0.9679952015075297
-0.9658043452245928
-0.9617052535050663
-0.9598892537950662
-0.9521169370548317
-0.9456308693769975
-0.9438230211584404
-0.9385905539076153
-0.9328385790260131
-0.9297727808001606
-0.925593154454177
-0.9249535071165795
-0.9180008444192843
-0.9145202534988202
-0.9080474027135396
-0.9022097986387174
-0.8977894775435659
-0.8923255799801986
-0.8911595688735754
-0.8793993297157371
-0.8736929815134643
-0.8645992976081183
-0.8616028261083573
-0.8550415345925427
-0.8528944662159723
-0.8473245376762667
-0.8450157268942536
-0.8377444297850483
-0.8312145474670373
-0.8247014570861472
-0.8137569836453435
-0.8095393992901428
-0.808473381302823
-0.799797789306125
-0.7890214042391085
-0.7859781536128675
-0.7780680710536445
-0.7687275968726722
-0.7672682275090101
-0.7509575966939397
-0.7386691244923562
-0.7258781165370847
-0.721120669270167
-0.7127909853854293
-0.7118952820894042
-0.7026322574585637
-0.6987837414002769
-0.6782149631673562
-0.6587245818455056
-0.6558104136001743
-0.6354935748093388
-0.6307814191930063
-0.6250553659942071
-0.5756861872104957
-0.5489677102027577
-0.5345227901424637
-0.5310204552739445
-0.5174581822049715
-0.48712104054877925
-0.4774725010530322
-0.46703192318463704
-0.00014831263976620477
-7.438293574302588e-05
7.438293574343674e-05
0.0001483126397656889
0.46703192318463677
0.47747250105303213
0.4871210405487789
0.5174581822049723
0.5310204552739444
0.5345227901424634
0.5489677102027573
0.5756861872104957
0.6250553659942076
0.6307814191930067
0.6354935748093389
0.6558104136001743
0.6587245818455052
0.6782149631673556
0.6987837414002765
0.7026322574585634
0.7118952820894043
0.7127909853854293
0.7211206692701669
0.7258781165370848
0.7386691244923564
0.7509575966939392
0.7672682275090107
0.7687275968726722
0.7780680710536444
0.7859781536128675
0.7890214042391086
0.7997977893061249
0.8084733813028228
0.8095393992901426
0.8137569836453437
0.8247014570861471
0.8312145474670372
0.8377444297850483
0.8450157268942536
0.847324537676267
0.8528944662159724
0.8550415345925426
0.8616028261083573
0.8645992976081189
0.8736929815134642
0.8793993297157371
0.8911595688735746
0.8923255799801986
0.897789477543566
0.9022097986387172
0.9080474027135393
0.9145202534988202
0.9180008444192842
0.9249535071165795
0.9255931544541768
0.9297727808001607
0.9328385790260136
0.938590553907615
0.9438230211584405
0.9456308693769975
0.9521169370548317
0.9598892537950661
0.9617052535050662
0.965804345224593
0.9679952015075293
0.9724624693734242
0.9798273492730666
0.9806365746123527
0.9833954316086607
0.991222033643161
0.9926864525000785
0.9963465973652808
0.9979580623617937
0.9997114583808511
1.00525982621864
1.0098304918372083
1.0127925678731384
1.0173114764286493
1.0224623042976337
1.0241945818228815
1.0262900700680713
1.0294709927740324
1.0356139841340244
1.0386358011880268
1.0392182128325387
1.0450515171068728
1.0494700959513565
1.05516720602002
1.0574284845766029
1.0607194905789752
1.065957264144298
1.0678986479322923
1.0724774148065859
1.0795704897583245
1.0866536327444978
1.0909936299883671
1.0978105027506886
1.0993217544825853
1.1012228130534936
1.107247374091637
1.1100781979735164
1.1118531464070482
1.1130169450197474
1.1155709464351635
1.123596211197364
1.131483189724475
1.134278031189218
1.1416175762857526
1.1417857438969983
1.1441800379312268
1.1491876943388253
1.1513741680987273
1.1568788516140998
1.158946453613433
1.1632961075724466
1.1676824104083567
1.169713873320271
1.1776971163035257
1.1810755405572706
1.1828515942642706
1.185722423580514
1.186933019319584
1.1930995783880969
1.200837052334693
1.2043306747242792
1.2097806353369032
1.2131774890525215
1.2177849104813672
1.2225099163733253
1.2289992900180091
1.2306983076642892
1.2453648541304874
1.2483792946387275
1.249883164469746
1.2538953056913225
1.2576241582328
1.261856811069697
1.2678042214992638
1.2729688837297508
1.2777976036242453
1.2859195046150964
1.2884537746474924
1.2895810962705647
1.2965199484598757
1.3000543324527718
1.3095354662171046
1.3154783578932647
1.3175240856065302
1.3218921542584683
1.3354255088877236
1.3397600357501056
1.3445156508941625
1.3557281582561371
1.3664610719728116
1.3728504133785462
1.3733022975512987
1.3777276847712483
1.3801994335641943
1.389482399440941
1.3988147240348345
1.412350899291933
1.4349308741142925
1.4379933441680024
1.4545872153600077
