-11.795635560733254
-11.795635546591114
-11.673324150575775
-11.673324150426813
-11.673324136434424
-11.67332413628546
-11.54971753610098
-11.549717521958842
-11.48116096635973
-11.481160965966913
-11.481160952223048
-11.481160951830233
-11.355462807599036
-11.355462807355007
-11.355462793459004
-11.355462793214974
-11.23614666004162
-11.236146659318955
-11.236146645917962
-11.236146645195298
-11.157826669216066
-11.157826655073933
-11.107676183849941
-11.10767618327547
-11.107676169719479
-11.107676169145007
-10.960849165258916
-10.96084916413729
-10.96084915116133
-10.960849150039705
-10.905550449691738
-10.905550449360716
-10.905550435553476
-10.905550435222453
-10.829113207592755
-10.829113206618064
-10.82911319348425
-10.829113192509558
-10.681811722486872
-10.681811720925808
-10.681811708431159
-10.681811706870095
-10.647298494644259
-10.647298480502124
-10.621687872855436
-10.621687872122601
-10.621687858732301
-10.621687857999465
-10.546590923799064
-10.546590922382864
-10.546590909728014
-10.546590908311813
-10.42713017334956
-10.427130171351642
-10.427130159349264
-10.42713015735135
-10.356359779944235
-10.356359779541199
-10.356359765807845
-10.35635976540481
-10.333496045359729
-10.333496044182489
-10.333496031266675
-10.333496030089437
-10.288562683449996
-10.288562681594183
-10.288562669430155
-10.28856266757434
-10.22327964920867
-10.223279646832545
-10.223279635267579
-10.223279632891453
-10.091739819002154
-10.091739816366642
-10.09173980510776
-10.091739802472249
-10.081910792366052
-10.081910790129085
-10.081910778401955
-10.081910776164989
-10.070009061405267
-10.070009059784358
-10.07000904735633
-10.070009045735421
-10.06057031896043
-10.060570318110077
-10.060570304843878
-10.060570303993527
-10.05700803126314
-10.057008017121005
-9.948501948219969
-9.948501945721299
-9.94850193430032
-9.94850193180165
-9.858777085964125
-9.858777083957607
-9.858777071965061
-9.858777069958544
-9.789740401055914
-9.789740399757353
-9.789740386973527
-9.789740385674966
-9.752143240949248
-9.752143240500011
-9.752143226814251
-9.752143226365012
-9.722306898017615
-9.72230689574584
-9.722306884059137
-9.722306881787361
-9.57232574947247
-9.572325747783031
-9.572325735431612
-9.572325733742174
-9.472499130077079
-9.472499129175668
-9.472499115963698
-9.47249911506229
-9.437435299610323
-9.437435285468188
-9.431711723887831
-9.431711721928806
-9.431711709882034
-9.431711707923014
-9.247629042260419
-9.247629040963021
-9.24762902817792
-9.247629026880523
-9.148176157663885
-9.148176157209416
-9.148176143529053
-9.148176143074583
-9.102000257732797
-9.102000256161388
-9.102000243678235
-9.102000242106827
-8.915129283728707
-8.91512928287434
-8.915129269612407
-8.91512926875804
-8.849467158007528
-8.849467143865391
-8.763977175581118
-8.763977174448994
-8.763977161484364
-8.763977160352242
-8.608337360640617
-8.608337360238767
-8.60833734650419
-8.608337346102342
-8.45170029657409
-8.451700295892058
-8.451700282448403
-8.45170028176637
-8.360255692359521
-8.360255678217387
-8.198880474195194
-8.198880473914047
-8.198880460055854
-8.198880459774706
-8.034264547177827
-8.034264533035692
8.034264533035694
8.034264547177832
8.198880459774706
8.198880460055857
8.19888047391405
8.198880474195198
8.360255678217388
8.360255692359521
8.451700281766371
8.451700282448405
8.451700295892051
8.451700296574087
8.608337346102344
8.608337346504193
8.608337360238766
8.608337360640615
8.763977160352237
8.763977161484362
8.763977174448984
8.763977175581111
8.849467143865391
8.84946715800753
8.915129268758035
8.915129269612406
8.915129282874343
8.91512928372871
9.102000242106827
9.102000243678235
9.102000256161391
9.102000257732799
9.148176143074584
9.148176143529053
9.148176157209415
9.148176157663883
9.247629026880523
9.247629028177919
9.247629040963025
9.247629042260423
9.431711707923014
9.431711709882038
9.43171172192881
9.431711723887833
9.437435285468188
9.437435299610327
9.472499115062297
9.472499115963705
9.472499129175677
9.472499130077086
9.572325733742174
9.57232573543161
9.572325747783035
9.572325749472471
9.722306881787361
9.722306884059137
9.722306895745836
9.722306898017614
9.752143226365021
9.752143226814258
9.752143240500018
9.752143240949255
9.789740385674966
9.789740386973527
9.789740399757356
9.789740401055917
9.858777069958546
9.858777071965061
9.858777083957609
9.858777085964128
9.948501931801648
9.948501934300316
9.948501945721299
9.948501948219969
10.057008017121001
10.05700803126314
10.060570303993524
10.060570304843877
10.060570318110075
10.060570318960426
10.070009045735418
10.070009047356324
10.07000905978436
10.070009061405266
10.081910776164984
10.081910778401948
10.081910790129081
10.081910792366047
10.091739802472249
10.091739805107762
10.09173981636664
10.091739819002155
10.223279632891447
10.223279635267573
10.223279646832543
10.223279649208665
10.288562667574338
10.28856266943015
10.28856268159418
10.288562683449994
10.333496030089439
10.33349603126668
10.333496044182489
10.333496045359729
10.356359765404806
10.356359765807845
10.356359779541197
10.356359779944233
10.427130157351344
10.427130159349263
10.427130171351644
10.427130173349564
10.546590908311815
10.546590909728016
10.546590922382865
10.546590923799068
10.62168785799946
10.621687858732296
10.621687872122601
10.621687872855436
10.647298480502123
10.647298494644259
10.681811706870093
10.681811708431155
10.681811720925804
10.681811722486868
10.829113192509558
10.829113193484249
10.829113206618066
10.829113207592759
10.905550435222453
10.905550435553476
10.905550449360717
10.905550449691738
10.960849150039705
10.960849151161328
10.960849164137294
10.960849165258917
11.107676169145005
11.107676169719477
11.107676183275471
11.107676183849943
11.157826655073933
11.157826669216071
11.236146645195296
11.236146645917962
11.236146659318955
11.23614666004162
11.355462793214981
11.355462793459012
11.355462807355002
11.355462807599034
11.481160951830228
11.481160952223044
11.481160965966906
11.481160966359724
11.549717521958852
11.54971753610098
11.673324136285457
11.673324136434424
11.673324150426804
11.673324150575768
11.795635546591122
11.795635560733254
