-10.415537659020272
-10.375748435202103
-10.34224766713892
-10.295232020336321
-10.257326459465169
-10.18712741050912
-10.152899755679877
-10.101762374917252
-10.066401766990541
-10.033137889466833
-10.021263105951318
-9.994345572152987
-9.931066505809516
-9.904028444220694
-9.864709787116453
-9.84440161743906
-9.773082037944752
-9.75527627107726
-9.72573127784429
-9.702238839736948
-9.679020504664898
-9.652714858534761
-9.63205499315955
-9.58154678587348
-9.557002789387129
-9.534618933747808
-9.52509284981753
-9.51326506534976
-9.477696301311608
-9.470271366023708
-9.456172436131341
-9.411011518835545
-9.38208725997604
-9.355465483915772
-9.319895312033951
-9.293056862654218
-9.275426838177804
-9.244290285770113
-9.219590699380252
-9.194692709614522
-9.176406954555567
-9.150207919279305
-9.140653498098004
-9.092405996048129
-9.06967213686117
-9.063464395504003
-9.048002524895724
-9.028549175447864
-8.992871517653606
-8.974136948348493
-8.945540140719318
-8.909608798068861
-8.896099053764718
-8.881006373349676
-8.85866262753001
-8.839503157023277
-8.815383681388834
-8.805432330302017
-8.795895298563819
-8.774732663646114
-8.75471469650545
-8.732539603484238
-8.710885338087701
-8.687375842460364
-8.65905198758977
-8.653362432840094
-8.636732555931868
-8.63320423692981
-8.607226148825374
-8.592872979410568
-8.577493136809071
-8.555813587135495
-8.549343760972699
-8.523922220939163
-8.5084314182735
-8.493560201261886
-8.46286106091194
-8.455397496915756
-8.41406257481536
-8.403875997296538
-8.382239860347143
-8.370807076502478
-8.34574430275188
-8.307780066154766
-8.278810146202964
-8.241132932720848
-8.221064049224779
-8.187671979450199
-8.168552085432752
-8.158797856721183
-8.142588059840591
-8.110454227712072
-8.06875997725717
-8.060644859361132
-8.037802224722988
-8.019101137241158
-7.99860078789881
-7.990225487957736
-7.944830261876844
-7.9285384455759615
-7.877365237200038
-7.861405705301293
-7.843764655927576
-7.805408970370721
-7.7899278021013245
-7.722952437291409
-7.704456756706305
-7.662543306945953
-7.647478412253043
-7.5806909046639745
-7.541363158775242
-7.522569109764885
-7.495020435410831
-7.43454804743875
-7.426993006445296
-7.40222128480045
-7.364285482677013
-7.346130777790711
-7.332005520955021
-7.309017484799567
-7.301023191525782
-7.2623400358143595
-7.211302082657196
-7.1525242278148555
-7.13034243886989
-7.101058848263001
-7.024183462728528
-6.980998474265571
-6.967697946514784
-6.963490412610823
-6.919369290881661
-6.9102063347314475
-6.9018890506187605
-6.891320553425134
-6.728163443814948
-6.718694257066043
-6.692531270537913
-6.553219724768961
-6.548726471760398
-6.54546491567892
-6.399219845139608
-6.3075490815971955
-6.238170234059816
-6.151546274135243
-6.145156468097191
-5.810424452077421
-5.7956829773160985
-5.770940858849696
-5.756253412079599
-5.452966506077352
-5.436291794650457
-5.346095563824629
-5.3008212027010435
-5.179791663271116
-4.947632965966185
-4.836120349940728
-4.835131878543563
-4.661099522130564
-4.602680194298133
-4.592952484001556
-4.704740505228572e-06
-3.312150476322822e-06
3.3260472064656893e-06
4.690843629309821e-06
4.592952483999452
4.602680174312875
4.661099522125955
4.835131880574841
4.836120367897869
4.947632945971323
5.179791663272322
5.300821182755168
5.346095563791322
5.436291814510755
5.452966506164873
5.756253431884264
5.770940839104033
5.7956829774533904
5.810424451855247
6.1451564695351255
6.15154629255936
6.23817021410657
6.307549081637495
6.3992198251837795
6.545464922641651
6.548726472398987
6.553219737120912
6.692531270410471
6.718694248148194
6.728163452961462
6.891320536318796
6.901889052336545
6.910206333414016
6.9193692942070175
6.963490394641021
6.967697965928717
6.980998472640064
7.024183466965269
7.10105883893421
7.130342450056682
7.152524232418905
7.2113020812011035
7.262340036343004
7.30102319167308
7.309017492679323
7.332005524251145
7.346130770533289
7.364285496353692
7.402221297455091
7.426993021050065
7.434548041776343
7.49502043432534
7.52256911231568
7.541363156362847
7.580690903466377
7.6474784123130615
7.662543305295988
7.704456760808724
7.722952437234366
7.789927801177557
7.805408968513436
7.843764654248365
7.861405702506791
7.8773652428707726
7.928538445956358
7.944830259564499
7.990225484942161
7.998600784209384
8.019101136305745
8.037802226552786
8.060644858461442
8.068759982329869
8.110454227535394
8.142588054270439
8.158797855863776
8.168552086883949
8.187671975722889
8.22106405209753
8.241132938541005
8.278810151808901
8.30778007079182
8.345744304632902
8.370807071993976
8.382239855654602
8.403875992178088
8.41406257347395
8.455397504438023
8.462861057411123
8.493560201584385
8.508431416517437
8.52392222598022
8.549343761893027
8.555813592494872
8.57749313710465
8.592872981765916
8.607226145208926
8.633204236376901
8.636732548906211
8.653362434743256
8.659051989775474
8.687375843443588
8.710885337083447
8.732539599890629
8.754714699426756
8.774732658483972
8.795895298334184
8.805432332634572
8.815383683708207
8.839503154635537
8.858662623564205
8.881006370973347
8.896099052206793
8.909608803195313
8.945540140668557
8.974136948121862
8.99287151383776
9.028549181565669
9.048002525855818
9.063464397538755
9.069672135396655
9.092405991008114
9.140653496869598
9.150207922436202
9.176406951525495
9.194692712922603
9.219590703168489
9.244290281451065
9.275426832180024
9.293056863672088
9.319895309497698
9.355465481636633
9.382087262455546
9.411011515911612
9.456172435425842
9.47027136860393
9.477696300023135
9.513265063657565
9.525092852565884
9.534618932159736
9.557002785268892
9.581546790688428
9.632054998650727
9.652714859454187
9.679020507901788
9.702238843941743
9.725731277734365
9.75527627185298
9.773082035529704
9.844401617119841
9.864709784338324
9.904028438695665
9.931066507999503
9.994345570263386
10.021263106640307
10.033137890787804
10.066401764216238
10.101762371473725
10.152899757075131
10.187127419811894
10.25732646178322
10.295232017711173
10.342247666783328
10.375748435520219
10.415537648558063
