-3.4433778780259745
-3.4130871030366925
-3.3780937782051677
-3.349499961339139
-3.328789841005424
-3.3154254230558795
-3.2929308802813044
-3.2618324998702617
-3.2526214049475404
-3.2193293014405397
-3.2149640040765988
-3.206354249645583
-3.1832770626291844
-3.1491199402304026
-3.134242154982096
-3.117668198590372
-3.0993674456836033
-3.087927914360167
-3.0608941196302717
-3.057881830470249
-3.0423981257894184
-3.017112303887771
-2.999104913824313
-2.9898356720913224
-2.9782731297338803
-2.956799261503094
-2.9411045805753973
-2.9199359830006455
-2.9098180820927495
-2.8984150971230673
-2.8892009430633676
-2.8582294139444753
-2.8478928332439786
-2.8379453012672373
-2.8305142052799135
-2.8159319313369946
-2.810416294629098
-2.786694704287624
-2.7655172435098336
-2.7459339992955907
-2.7375113567618152
-2.724246289509314
-2.717333151679015
-2.7091514263853957
-2.6988432847759274
-2.6859894236842097
-2.6825071646424608
-2.669604479097095
-2.6644108184712025
-2.6400536377113775
-2.629304175331346
-2.613815827052481
-2.594539460320662
-2.588284078235916
-2.582287986661131
-2.5729900773406102
-2.5589557780042647
-2.551443705822354
-2.539688883632783
-2.537178343967261
-2.5259731715715223
-2.5177943408375647
-2.512191537185612
-2.499916787917464
-2.4913004478492597
-2.482914907672396
-2.4810445453351933
-2.451875964985223
-2.4486601190278483
-2.4440222173066646
-2.436941587572736
-2.4203150473945443
-2.413317750295338
-2.4092225343076032
-2.3850776607809028
-2.3774313705932486
-2.3670972347050587
-2.3573118986816928
-2.3513115062975527
-2.3477894727881004
-2.3416915256343867
-2.3350618774065195
-2.3246717066363747
-2.310769201236909
-2.308045133187124
-2.3036599482981943
-2.291457590692699
-2.278465965385584
-2.2657168805119206
-2.2640187863982066
-2.25887323338661
-2.237252594270115
-2.2321084644921543
-2.2143673182375925
-2.2017543901905965
-2.1985318417471857
-2.194753319369219
-2.1739908271273607
-2.1606344070454373
-2.1507390500790593
-2.1286610461177253
-2.117996024498985
-2.1119202789209677
-2.105165142429915
-2.0678833167050263
-2.066638559800948
-2.0610916757389504
-2.038943802673559
-2.029745124983256
-2.014256589000688
-2.010514146066088
-1.9748285188409451
-1.9635668452249104
-1.9464884606861126
-1.9261738250261107
-1.9146530467141902
-1.9089150664693328
-1.8841559144864746
-1.8592287592969021
-1.8518740907869335
-1.8431870471634921
-1.836052342369778
-1.8160088875602454
-1.8083387160473356
-1.7484092456324982
-1.7251297453854313
-1.7121103709700138
-1.6911188833234883
-1.662668150962476
-1.6453399182885142
-1.6332924182827817
-1.631253967687705
-1.6037392584170516
-1.5762954424328974
-1.5695034260628722
-1.532081501473519
-1.4571530220422035
-1.4458143694908268
-1.4209191962246825
-1.4078687929673495
-1.3883333121045036
-1.3342657982656838
-1.3255470204038915
-1.3142467319735696
-1.2974146184598483
-1.2824087802132516
-1.1631168451491627
-1.1466400070398215
-1.1188651922397377
-1.0801876800133066
-1.007918533895878
-0.9857246895132511
-0.9714941025590378
-0.9393057748911624
-0.8469854316373648
-0.8246267975107036
-0.6573539800540396
-0.6348499002944864
-0.6023108244468947
-0.5844748965565599
-0.2815702168112289
-0.2676643378050865
0.2676643446541937
0.28157020985765535
0.584474903776781
0.6023108243560957
0.6348499085874115
0.6573539648389359
0.8246268094159177
0.8469854210730435
0.9393057890051869
0.9714941037883337
0.9857246815880316
1.007918527621475
1.08018769023465
1.1188651969460046
1.1466399969809293
1.1631168377210526
1.2824087868178093
1.2974146236058202
1.3142467299984084
1.3255470165029526
1.3342658074804643
1.388333302329514
1.4078687822662712
1.4209192060963647
1.4458143650488697
1.4571530231211898
1.5320815095385043
1.569503432107548
1.5762954495801158
1.6037392606362895
1.63125396222555
1.6332924173395533
1.6453399111135167
1.6626681474255685
1.691118888453888
1.7121103775955226
1.725129740948192
1.7484092343406055
1.8083387132954218
1.8160088904733376
1.8360523480961004
1.8431870499145484
1.8518740922556347
1.8592287688039866
1.8841559164551747
1.9089150611866088
1.9146530415152736
1.9261738246448417
1.9464884561653697
1.9635668543110696
1.974828511145531
2.010514141731413
2.014256596193524
2.02974512913947
2.0389438050262214
2.061091675706221
2.066638561804594
2.0678833186076746
2.1051651505139897
2.111920280879553
2.11799602181103
2.128661046259541
2.1507390417070376
2.160634406136982
2.173990829163554
2.194753317110903
2.198531845012429
2.201754392192736
2.2143673201855556
2.2321084705029532
2.2372525959518783
2.2588732333401422
2.264018783767026
2.2657168815170112
2.2784659723455456
2.291457589250882
2.3036599461249265
2.308045131204495
2.310769205032521
2.3246717006595916
2.335061881011136
2.3416915261438866
2.347789467041718
2.351311508061544
2.357311904035841
2.3670972290998815
2.3774313688678927
2.3850776622689605
2.409222536296789
2.413317748344583
2.4203150471715023
2.4369415909409677
2.4440222191629606
2.448660121091905
2.4518759638120096
2.4810445448080958
2.482914909026528
2.4913004494973277
2.499916785967927
2.512191535688922
2.5177943379982204
2.525973164780732
2.537178346400962
2.5396888887140907
2.551443704885666
2.5589557710310498
2.572990072953783
2.58228798678186
2.58828408253202
2.594539466048568
2.613815822360379
2.6293041710344816
2.640053640001977
2.6644108224979113
2.669604483074761
2.682507163865804
2.68598942059135
2.6988432819685073
2.709151418417384
2.7173331519653936
2.724246287852249
2.737511357875165
2.745933998533575
2.7655172512800608
2.7866947037921737
2.8104162967971837
2.8159319269559653
2.8305141961358378
2.8379452972533374
2.8478928398420154
2.858229417466034
2.889200942247711
2.8984150912662945
2.9098180886913174
2.9199359775370106
2.9411045779603917
2.9567992619767973
2.978273124050872
2.9898356743229
2.999104920317953
3.0171122997600097
3.042398130976618
3.057881835387832
3.0608941200086393
3.0879279086361744
3.099367448079365
3.1176681989358794
3.134242151101796
3.1491199351119223
3.1832770602371903
3.2063542514623307
3.214964010110996
3.2193293072378983
3.252621400439574
3.2618324890639956
3.2929308785297087
3.3154254284038567
3.328789842628153
3.3494999593854815
3.3780937738957877
3.413087105968319
3.443377867681107
