-1.2107286070849672
-1.197887411401382
-1.1860963475384227
-1.1753205278734873
-1.1733460145304029
-1.1653089992957988
-1.1571000320914369
-1.1534265847167278
-1.1484021836406788
-1.1445044926570895
-1.1382780491840754
-1.1315416431196383
-1.1307291481356736
-1.1195696064719518
-1.1183699471574922
-1.1131143432700723
-1.1102244729370436
-1.1062847950270875
-1.0990640013622948
-1.096082962425644
-1.0937030952611402
-1.0901036644101716
-1.0798945536634188
-1.074391519092617
-1.072604437381462
-1.0700906565737016
-1.0682144486099328
-1.0621530023379953
-1.0599993149355766
-1.055416536896195
-1.0527122677983867
-1.049810435282626
-1.047076657049359
-1.035877438282312
-1.0333916195964925
-1.0280959970369163
-1.0262844960010964
-1.024984018836626
-1.0211694266925564
-1.0188693480920608
-1.0155608806871534
-1.013460755691065
-1.0107631538252333
-1.0061426075543203
-1.0011741518509694
-0.9982210036178794
-0.9943893773726823
-0.9908555132176988
-0.9898198344391712
-0.9865464371940686
-0.9821913449597695
-0.9791808843521443
-0.976499485620483
-0.9725714635361563
-0.9702334784648994
-0.9670984805495627
-0.9656268363849395
-0.9651437986887241
-0.9611784882114366
-0.9554456241879973
-0.954498453004005
-0.9518652656238294
-0.9505073321095183
-0.9461136828249137
-0.94297955719038
-0.9394860264461276
-0.9365005223950547
-0.9310868147338562
-0.9274567961820456
-0.9246581275216286
-0.9235296458663937
-0.9207441695637681
-0.919898513164045
-0.9170669094680745
-0.9157099035743174
-0.9125188083667325
-0.9118590477889298
-0.9076072426765158
-0.9050834350515028
-0.902708984516466
-0.8980246225044026
-0.8865091757846796
-0.8850011798394926
-0.879848950233931
-0.8793480604195347
-0.8774907251319815
-0.876127762574021
-0.8733186329199657
-0.8710384606810635
-0.8664689489285267
-0.8633586086348087
-0.8602518404210032
-0.8596394176950509
-0.8580939276472324
-0.8556168214050183
-0.8458370764555763
-0.84255226733846
-0.8403605987448105
-0.8373746442746637
-0.8322359972286276
-0.8294590106658036
-0.8273788904205447
-0.8256913225567476
-0.821914354628444
-0.8167203774863191
-0.8098270560240567
-0.8062835618133354
-0.8054378923605964
-0.8033243404411505
-0.8007652892412463
-0.7962123784851249
-0.791776704916883
-0.7871045304771527
-0.7820547661628965
-0.7808455424480617
-0.7740303141470712
-0.7724581264510711
-0.7686380558105171
-0.7667186837795285
-0.7639379081953575
-0.761512638471131
-0.7525013214263612
-0.7452933473506089
-0.7350544094820805
-0.7300400725513561
-0.7292471966952047
-0.72459115503014
-0.7185955947680347
-0.7171726488601248
-0.7141950571042273
-0.7082422271901752
-0.7065697765209755
-0.7000753339945692
-0.6908940944831509
-0.6775364280450257
-0.6670979291392286
-0.6602871256238007
-0.6593365005078528
-0.652939777245603
-0.6471663065580392
-0.6461187673497907
-0.6414092775003372
-0.6393213700464206
-0.6299767779678981
-0.6011343529677536
-0.592284996896159
-0.5888448574896132
-0.5654226731567089
-0.563057944830052
-0.5611361890872871
-0.549843754353641
-0.5132566170572365
-0.4987851061782489
-0.48699397969080505
-0.482627817480269
-0.4441528028127582
-0.4345150359255642
-0.427788335444409
-0.42718152939703874
-0.3642814333309452
-0.00016990469904697633
-5.177282153457482e-05
5.1772821534488365e-05
0.00016990469904702008
0.36428143333094604
0.42718152939703863
0.4277883354444088
0.434515035925564
0.44415280281275843
0.4826278174802689
0.48699397969080516
0.4987851061782491
0.5132566170572367
0.5498437543536412
0.5611361890872875
0.5630579448300522
0.5654226731567089
0.588844857489613
0.5922849968961588
0.6011343529677534
0.6299767779678982
0.6393213700464206
0.6414092775003372
0.6461187673497907
0.6471663065580394
0.6529397772456029
0.6593365005078528
0.6602871256238009
0.6670979291392287
0.6775364280450257
0.6908940944831506
0.7000753339945689
0.7065697765209755
0.7082422271901753
0.714195057104227
0.7171726488601248
0.7185955947680346
0.72459115503014
0.7292471966952041
0.730040072551356
0.7350544094820805
0.7452933473506089
0.7525013214263606
0.7615126384711309
0.7639379081953577
0.7667186837795282
0.7686380558105171
0.772458126451071
0.7740303141470714
0.7808455424480617
0.7820547661628962
0.7871045304771527
0.7917767049168829
0.7962123784851248
0.8007652892412461
0.8033243404411505
0.8054378923605964
0.8062835618133344
0.8098270560240564
0.816720377486319
0.821914354628444
0.8256913225567476
0.8273788904205445
0.8294590106658039
0.8322359972286282
0.8373746442746638
0.8403605987448108
0.8425522673384598
0.8458370764555759
0.855616821405018
0.8580939276472322
0.859639417695051
0.8602518404210032
0.8633586086348086
0.8664689489285267
0.8710384606810635
0.8733186329199657
0.8761277625740211
0.8774907251319816
0.8793480604195345
0.879848950233931
0.8850011798394926
0.8865091757846796
0.8980246225044025
0.9027089845164655
0.905083435051503
0.9076072426765158
0.9118590477889301
0.9125188083667327
0.9157099035743179
0.9170669094680746
0.919898513164045
0.9207441695637681
0.9235296458663934
0.9246581275216279
0.9274567961820456
0.9310868147338562
0.9365005223950532
0.9394860264461276
0.9429795571903802
0.9461136828249135
0.9505073321095187
0.9518652656238297
0.954498453004004
0.9554456241879962
0.9611784882114364
0.9651437986887239
0.9656268363849391
0.9670984805495625
0.9702334784648992
0.9725714635361563
0.9764994856204828
0.9791808843521441
0.9821913449597692
0.9865464371940684
0.9898198344391712
0.990855513217699
0.9943893773726823
0.9982210036178794
1.0011741518509691
1.0061426075543196
1.0107631538252335
1.013460755691065
1.0155608806871537
1.0188693480920603
1.021169426692556
1.0249840188366262
1.0262844960010966
1.0280959970369163
1.0333916195964923
1.0358774382823117
1.047076657049359
1.049810435282626
1.0527122677983864
1.0554165368961943
1.0599993149355766
1.0621530023379953
1.0682144486099328
1.0700906565737018
1.0726044373814623
1.074391519092617
1.079894553663419
1.0901036644101714
1.09370309526114
1.0960829624256438
1.0990640013622948
1.1062847950270875
1.1102244729370436
1.113114343270072
1.118369947157492
1.119569606471952
1.130729148135673
1.1315416431196381
1.1382780491840756
1.1445044926570898
1.1484021836406786
1.1534265847167284
1.157100032091437
1.165308999295799
1.173346014530403
1.1753205278734875
1.1860963475384227
1.1978874114013824
1.2107286070849672
