-1.2157904198097862
-1.201488648247765
-1.1954304401334312
-1.1821545327506184
-1.171592076989173
-1.1704996403427204
-1.1636581932500207
-1.1560411304394247
-1.1526943360778457
-1.15171990710725
-1.1480204268560028
-1.1447920574235824
-1.1360188259890436
-1.1290316657635255
-1.1242659772339805
-1.122614110662452
-1.1215101950207593
-1.1186287209270012
-1.1128061899233561
-1.1082808721838415
-1.1043235756736591
-1.098402382318224
-1.0907325274376034
-1.0869980086797248
-1.0866729615678288
-1.084707976813774
-1.0816322596331958
-1.0810002792401574
-1.072073550198656
-1.0709892714271252
-1.070256431401033
-1.064803000909657
-1.0632191267854074
-1.0552639052304646
-1.0527455092359883
-1.0498444112287038
-1.048286737454652
-1.041626038560776
-1.0397066803113588
-1.0362055079826165
-1.0333787024435814
-1.031475910322013
-1.0296438449175123
-1.0249595292923794
-1.0212240277260762
-1.020677404276874
-1.013896433927249
-1.0123172641051013
-1.0104707916170999
-1.008614584062029
-1.0055131535584305
-1.0013140975929071
-0.9971326380576468
-0.9960586290703395
-0.9922868746955953
-0.9911338663700198
-0.9907047098583363
-0.9880641803162283
-0.9852100460226155
-0.9839542701100854
-0.979950733151145
-0.9785420754840566
-0.9734954409000544
-0.9712109869962542
-0.9697899038134027
-0.9682380592289903
-0.964851151281169
-0.9627946886865841
-0.9606050422040384
-0.9559551955157826
-0.952872756024931
-0.950659609764247
-0.9480391221869282
-0.9455586573434505
-0.9432671999179638
-0.9427079698463968
-0.9403768776698034
-0.9389389981054709
-0.9365161857859947
-0.9332909087043929
-0.9315826549986517
-0.9293739302760378
-0.9262831662274555
-0.9254130612069336
-0.9231822982079838
-0.9196140194901018
-0.9171288874892113
-0.914028951848904
-0.9114522741031708
-0.9096376370161199
-0.9062126686910367
-0.9060586917206916
-0.9044147826800479
-0.9003367757886964
-0.8991932351704824
-0.8961840064504027
-0.8949450097235621
-0.8931415713515186
-0.8907434628243581
-0.8882282330581158
-0.8856007034039399
-0.8831813151377164
-0.8808887927826692
-0.8774045849108956
-0.8742731515859524
-0.870796854372727
-0.8660531722902862
-0.8603837490082551
-0.859520939391359
-0.8584831801773982
-0.8535035859866996
-0.8481204099481942
-0.846814804305989
-0.8445969139108349
-0.8438747274678476
-0.8400795871741453
-0.8396263171849373
-0.8344891480209956
-0.8228051316455428
-0.8221603997318622
-0.8188662009509946
-0.8158443790659029
-0.8119985652449874
-0.8079447796885547
-0.8013523761686
-0.7989137889385867
-0.7964118579447882
-0.7930887140335657
-0.7868803148698528
-0.7833218034635534
-0.7807656208284454
-0.7722071459385212
-0.768350248902848
-0.764189927310165
-0.7597629126566342
-0.7538275083970879
-0.7459880693995363
-0.7430449621882504
-0.7388878847615554
-0.737371819654854
-0.7275747467457309
-0.725538258552699
-0.7172976011076588
-0.7035112009124315
-0.6996129092239076
-0.6953590399953972
-0.6882349900611053
-0.6871651410117476
-0.6799415988027881
-0.6770344539526894
-0.6655168638576694
-0.6502233031594277
-0.6466569062416018
-0.6449130072084313
-0.6406969069824556
-0.6186683240646063
-0.6170623327668274
-0.6121575979867647
-0.5990355643737522
-0.5684623200574005
-0.5665122075813156
-0.5360899937507041
0.5360899937507034
0.5665122075813155
0.5684623200573998
0.5990355643737523
0.6121575979867645
0.6170623327668274
0.6186683240646063
0.6406969069824557
0.6449130072084311
0.6466569062416018
0.6502233031594278
0.6655168638576692
0.677034453952689
0.6799415988027878
0.6871651410117475
0.6882349900611054
0.695359039995397
0.6996129092239075
0.7035112009124315
0.7172976011076587
0.7255382585526993
0.7275747467457309
0.7373718196548541
0.7388878847615559
0.7430449621882503
0.7459880693995362
0.7538275083970877
0.7597629126566336
0.7641899273101649
0.7683502489028479
0.7722071459385211
0.7807656208284456
0.7833218034635533
0.7868803148698527
0.7930887140335664
0.7964118579447883
0.798913788938587
0.8013523761686
0.8079447796885547
0.8119985652449876
0.8158443790659029
0.8188662009509947
0.822160399731862
0.8228051316455428
0.8344891480209959
0.8396263171849373
0.8400795871741452
0.8438747274678485
0.8445969139108351
0.8468148043059895
0.8481204099481942
0.8535035859866997
0.8584831801773983
0.8595209393913588
0.860383749008255
0.8660531722902862
0.8707968543727272
0.8742731515859525
0.8774045849108958
0.8808887927826691
0.8831813151377162
0.88560070340394
0.8882282330581155
0.8907434628243577
0.8931415713515186
0.8949450097235621
0.8961840064504027
0.8991932351704824
0.9003367757886965
0.9044147826800477
0.9060586917206913
0.9062126686910362
0.9096376370161198
0.9114522741031711
0.9140289518489042
0.9171288874892113
0.9196140194901019
0.9231822982079839
0.9254130612069338
0.9262831662274557
0.9293739302760379
0.9315826549986517
0.9332909087043928
0.9365161857859954
0.9389389981054711
0.9403768776698035
0.9427079698463969
0.9432671999179639
0.9455586573434503
0.9480391221869282
0.9506596097642471
0.9528727560249312
0.9559551955157825
0.9606050422040384
0.9627946886865837
0.964851151281169
0.9682380592289899
0.9697899038134025
0.9712109869962544
0.9734954409000546
0.9785420754840566
0.9799507331511452
0.9839542701100847
0.9852100460226155
0.9880641803162283
0.9907047098583365
0.9911338663700198
0.9922868746955955
0.9960586290703393
0.9971326380576468
1.0013140975929073
1.00551315355843
1.0086145840620289
1.0104707916170999
1.0123172641051013
1.013896433927249
1.0206774042768743
1.0212240277260758
1.024959529292379
1.0296438449175125
1.031475910322013
1.0333787024435814
1.036205507982617
1.0397066803113582
1.0416260385607758
1.048286737454652
1.049844411228703
1.052745509235988
1.0552639052304646
1.0632191267854076
1.0648030009096572
1.0702564314010328
1.0709892714271252
1.0720735501986556
1.0810002792401578
1.081632259633196
1.0847079768137742
1.086672961567829
1.0869980086797246
1.0907325274376038
1.098402382318224
1.1043235756736594
1.1082808721838413
1.1128061899233561
1.1186287209270012
1.1215101950207598
1.122614110662452
1.1242659772339807
1.1290316657635255
1.1360188259890436
1.1447920574235824
1.1480204268560028
1.1517199071072501
1.1526943360778448
1.156041130439425
1.1636581932500205
1.1704996403427204
1.1715920769891728
1.182154532750618
1.1954304401334317
1.2014886482477651
1.2157904198097862
