-1.2117420065588802
-1.1938391741534353
-1.1916421005540825
-1.174705491907825
-1.1702023584677204
-1.166127509352344
-1.1596642580111736
-1.151452422141279
-1.1478828467246749
-1.146384756511991
-1.1391492744102871
-1.1296751516087793
-1.127678867990306
-1.1206861606727778
-1.1190618227997553
-1.116141290496088
-1.1109450863321928
-1.1076198585247559
-1.0969338615120952
-1.0939313809108682
-1.0920958512965115
-1.0905696423025752
-1.0792512246845216
-1.0757599827946593
-1.0722065045075067
-1.0693047663204323
-1.0665130909137885
-1.0649420253733586
-1.0571809534319163
-1.0543219007390414
-1.052674228566229
-1.0505817609313928
-1.0432949266872467
-1.036556112404953
-1.0334651100945094
-1.0300673172209527
-1.0276635362303816
-1.023237406911944
-1.0221182273420275
-1.0193443625486964
-1.017048728252565
-1.0152314337874917
-1.0119623850690493
-1.0081988326169837
-1.002051395409337
-0.999299098871376
-0.9943469839701232
-0.9921931663569935
-0.9900454669983393
-0.9876127303441822
-0.9840981394874281
-0.9799924729977596
-0.9755484345937036
-0.9711575606599833
-0.9705746260874428
-0.9690305007136496
-0.9680042089433868
-0.9655483767756895
-0.9616368923742363
-0.9607323215513713
-0.9555816486109598
-0.9517062656813973
-0.9473403656396895
-0.9450528869291546
-0.9413847918186428
-0.9371108959384647
-0.9355281675770223
-0.9293653884232524
-0.9266421911597815
-0.9242006521157432
-0.9205985366211504
-0.9193702500374259
-0.91755163401429
-0.9159808378556427
-0.9146319151987092
-0.9115596902743015
-0.90950165324935
-0.9082255465851004
-0.9040942348704075
-0.9006516827502202
-0.8948544105477324
-0.8904034483941717
-0.8825843864475741
-0.8811915521981704
-0.8777633068198435
-0.8770809974457855
-0.8749300343408318
-0.8721614341188404
-0.8693703832191872
-0.8660088882476663
-0.8618262383201399
-0.8608818998738583
-0.8603654914796238
-0.8573996859818657
-0.8523877409045242
-0.8452356682013195
-0.8432870021874106
-0.8361358822155072
-0.8350818393662117
-0.8325740957111605
-0.8287469748864865
-0.8271731139181165
-0.8237118660927389
-0.8232576348087449
-0.8206161529509367
-0.8110494342803486
-0.8082392927734445
-0.8061402203250424
-0.8044529747010155
-0.798864356470601
-0.7927267129151382
-0.7894630129349979
-0.7856560431662645
-0.7817489984466136
-0.7784053113835149
-0.772522093473788
-0.7703540111686532
-0.7699479129383395
-0.7671878429757925
-0.7651480981937171
-0.7598846424736548
-0.7520308338844265
-0.7426800021251861
-0.7368707249618147
-0.7294808693543329
-0.7282710762891659
-0.7243731593252406
-0.7239642272323176
-0.7197802592063038
-0.7135749983105194
-0.7120325071540128
-0.7097205157269373
-0.6973853493305097
-0.6885653291716022
-0.6746811062503518
-0.6658034339342337
-0.6574497341688712
-0.6563887245632669
-0.6528097041460215
-0.6471832752568483
-0.6452240972589908
-0.6424299893437588
-0.6396206241322516
-0.6247686224289672
-0.598523792933769
-0.5969907806863664
-0.5851645516822392
-0.5702836124128576
-0.5678409583903066
-0.560106283431567
-0.5521439355314891
-0.5138370189015097
-0.50040492367371
-0.4939405095207847
-0.4905438201997248
-0.4467572214903134
-0.4321194929038398
-0.4269815630619703
-0.422759339374829
-0.3634824172301707
-0.0001531775102461187
-5.196313538727913e-05
5.19631353873e-05
0.0001531775102461867
0.36348241723017055
0.4227593393748288
0.42698156306197005
0.4321194929038388
0.4467572214903133
0.4905438201997251
0.4939405095207847
0.5004049236737101
0.5138370189015095
0.5521439355314889
0.5601062834315671
0.5678409583903062
0.5702836124128574
0.585164551682239
0.596990780686366
0.5985237929337688
0.6247686224289677
0.6396206241322517
0.6424299893437588
0.6452240972589902
0.6471832752568483
0.6528097041460214
0.6563887245632668
0.6574497341688711
0.6658034339342341
0.6746811062503518
0.6885653291716021
0.6973853493305094
0.7097205157269371
0.7120325071540126
0.7135749983105191
0.7197802592063037
0.7239642272323175
0.7243731593252403
0.7282710762891659
0.729480869354333
0.7368707249618142
0.7426800021251859
0.7520308338844268
0.759884642473655
0.7651480981937174
0.7671878429757926
0.7699479129383394
0.7703540111686531
0.7725220934737876
0.7784053113835147
0.7817489984466136
0.7856560431662644
0.7894630129349979
0.7927267129151375
0.7988643564706007
0.8044529747010156
0.8061402203250417
0.8082392927734444
0.8110494342803486
0.8206161529509369
0.8232576348087448
0.8237118660927388
0.8271731139181164
0.8287469748864867
0.8325740957111605
0.8350818393662109
0.8361358822155073
0.8432870021874106
0.8452356682013197
0.8523877409045242
0.8573996859818651
0.8603654914796233
0.8608818998738582
0.8618262383201397
0.8660088882476663
0.8693703832191875
0.8721614341188406
0.8749300343408325
0.8770809974457857
0.8777633068198443
0.8811915521981711
0.8825843864475741
0.8904034483941717
0.8948544105477324
0.90065168275022
0.9040942348704076
0.9082255465851001
0.90950165324935
0.9115596902743013
0.9146319151987091
0.9159808378556422
0.91755163401429
0.9193702500374262
0.9205985366211503
0.9242006521157432
0.9266421911597816
0.9293653884232524
0.9355281675770222
0.9371108959384644
0.9413847918186428
0.945052886929155
0.9473403656396893
0.9517062656813968
0.9555816486109596
0.9607323215513713
0.9616368923742359
0.965548376775689
0.9680042089433866
0.9690305007136492
0.9705746260874426
0.971157560659983
0.9755484345937036
0.9799924729977594
0.9840981394874283
0.9876127303441824
0.9900454669983395
0.9921931663569935
0.9943469839701234
0.9992990988713758
1.0020513954093369
1.0081988326169837
1.0119623850690493
1.015231433787492
1.017048728252565
1.0193443625486966
1.0221182273420277
1.023237406911944
1.0276635362303816
1.0300673172209527
1.0334651100945094
1.0365561124049532
1.0432949266872469
1.0505817609313928
1.0526742285662283
1.0543219007390412
1.0571809534319168
1.0649420253733588
1.0665130909137888
1.0693047663204327
1.0722065045075062
1.0757599827946593
1.0792512246845216
1.090569642302575
1.092095851296511
1.093931380910868
1.0969338615120947
1.1076198585247563
1.1109450863321928
1.1161412904960875
1.1190618227997549
1.1206861606727776
1.1276788679903063
1.1296751516087793
1.1391492744102871
1.1463847565119907
1.147882846724675
1.151452422141279
1.1596642580111731
1.166127509352344
1.1702023584677204
1.174705491907825
1.1916421005540825
1.1938391741534353
1.2117420065588798
