-8.820538379227962
-8.76814581775562
-8.730420867172647
-8.64974517783458
-8.608432845597136
-8.537257280188822
-8.48528629757065
-8.47073248179301
-8.451167872741582
-8.407066439146323
-8.372855925853056
-8.367664555910329
-8.327223487259728
-8.298808401803011
-8.288264546452677
-8.245594564930807
-8.231672641380708
-8.198076076793406
-8.193159078808472
-8.173283046152847
-8.147874765484412
-8.100508249461042
-8.085051090767083
-8.075065337900718
-8.067967293988401
-8.058677811837244
-8.011573282436757
-7.993047802974588
-7.97310802479597
-7.960814553826882
-7.948560395395486
-7.921060650941688
-7.906254369836976
-7.885528009588929
-7.864041772417671
-7.854681008538832
-7.840655903420088
-7.82487527054888
-7.800629094168166
-7.785858588472536
-7.774294402903999
-7.744893594674372
-7.733341299542993
-7.704099178844671
-7.695548803493832
-7.672084838536648
-7.662407631163431
-7.652798973124458
-7.640434031331804
-7.632702011455423
-7.610949533479136
-7.595317641822938
-7.583956982967598
-7.571086651248147
-7.538931717354864
-7.529033726245831
-7.518824052902416
-7.507146903875292
-7.471917284070528
-7.44918841884664
-7.445494426403924
-7.434357805279709
-7.42379831681843
-7.423129874029053
-7.38451025700389
-7.375471504346258
-7.371033096444763
-7.3494446267704445
-7.346289815267004
-7.3190526157866875
-7.3111772619294495
-7.273724683873211
-7.2630367476324595
-7.210932838449691
-7.209545390619243
-7.2017319472031565
-7.192874481161838
-7.17564147569833
-7.168384484603819
-7.159259184510003
-7.15034923179859
-7.1391277406400375
-7.125267801410164
-7.11805663009389
-7.106293997644318
-7.072506519282997
-7.044690305209032
-7.024387581930477
-7.00743881623563
-6.976083581908628
-6.972034959490758
-6.949434842018183
-6.938785550036841
-6.9223917652248215
-6.900625152143427
-6.897059870142491
-6.855329770819943
-6.842758701964715
-6.795936091255314
-6.778636753951665
-6.750875937278642
-6.7330000183640895
-6.729104359884013
-6.682623052346101
-6.673642427941102
-6.658909574977289
-6.634389011070515
-6.5874583680069065
-6.560982882087796
-6.527725589838931
-6.48277356628976
-6.463059435995141
-6.442771223313635
-6.428710323720213
-6.370963740508979
-6.3390282707063905
-6.319602594563181
-6.306844104196994
-6.305974587726682
-6.284686663085171
-6.261663137933585
-6.178654083883991
-6.162137074391302
-6.154901807388529
-6.144257495145365
-6.120578727561689
-6.108392348992684
-5.999826731666429
-5.993459719012186
-5.970841591428768
-5.930971379741757
-5.914139153430599
-5.861248316236653
-5.843116869930182
-5.783389179829996
-5.769016761436883
-5.757140329478745
-5.583875392086135
-5.5817157217711815
-5.573229903200857
-5.538180776275114
-5.525683274618321
-5.358576884878925
-5.228800068480307
-5.19154914382738
-5.172696395425237
-5.084746110516717
-4.8888964527829515
-4.813932322624189
-4.810512233237677
-4.699079181217643
-4.594185371143164
-4.563283814244558
-4.546857066317095
-4.377723020555639
-4.307972486299575
-4.293287974800033
-4.263017452234074
-3.9902000208048527
-3.810860923807592
-5.978032935186534e-06
-1.9055386345250657e-06
1.9052656868204031e-06
5.978305773415338e-06
3.8108609238077302
3.990200020805573
4.2630174721811
4.293287974800346
4.307972466385039
4.377723020552649
4.546857046414674
4.563283814285189
4.594185391024381
4.699079181215064
4.810512238696036
4.813932337110769
4.888896432913276
5.084746110519842
5.172696415325859
5.1915491239394465
5.228800068485302
5.358576884882172
5.525683294080447
5.538180776531561
5.5732298836954595
5.5817157217223885
5.583875390827984
5.75714032839115
5.769016761338147
5.783389179427284
5.843116889584227
5.861248316239948
5.91413913987818
5.9309713742209516
5.970841589822592
5.993459718800836
5.999826731150357
6.108392350494282
6.120578745976313
6.1442574776581615
6.154901807105463
6.162137073869509
6.178654082728
6.261663136500058
6.284686663176903
6.305974589892964
6.306844103766783
6.319602595738785
6.339028270210965
6.370963740652024
6.428710323043819
6.442771222579152
6.463059437270256
6.482773565686591
6.5277255897542386
6.560982882649147
6.587458368935438
6.634389010374223
6.6589095741110675
6.673642426817594
6.682623053624587
6.7291043599693054
6.733000017648183
6.750875938293003
6.778636753591049
6.795936090502919
6.842758701730177
6.855329769603538
6.897059872290416
6.900625152184192
6.922391765786205
6.938785549066088
6.9494348403103094
6.972034960459399
6.976083583359707
7.007438815031287
7.024387581898198
7.044690305684222
7.072506518857796
7.106293996867643
7.118056630437402
7.125267802550807
7.13912773995533
7.150349230420084
7.159259184290565
7.168384484262883
7.175641474480668
7.192874481412393
7.20173194688536
7.209545390766511
7.210932839255423
7.263036746010431
7.273724683502277
7.311177260824589
7.319052616178665
7.346289814751413
7.349444627575644
7.371033096867696
7.375471503963782
7.384510256392324
7.423129874155405
7.423798317746418
7.434357806358092
7.445494425253831
7.449188418817992
7.471917284787478
7.507146902505085
7.518824052184582
7.529033726408233
7.538931717759367
7.571086652559722
7.583956983486604
7.595317640680156
7.610949531527553
7.632702013281597
7.64043403207938
7.652798974155557
7.662407632533329
7.672084838702139
7.695548801606287
7.704099179295253
7.733341299282289
7.744893594726081
7.774294402312158
7.785858590134931
7.800629094603131
7.824875268919013
7.840655903292959
7.854681009170758
7.864041771832304
7.885528009717985
7.90625436781545
7.92106065241405
7.948560398207226
7.960814554983233
7.973108024086686
7.993047802693589
8.011573282714734
8.058677810794334
8.06796729451047
8.075065337607636
8.08505108977838
8.10050824919611
8.147874766813475
8.173283045334033
8.193159077832194
8.198076076335086
8.23167264103527
8.24559456398809
8.288264547276293
8.298808401720844
8.327223486804995
8.367664557012336
8.372855926510011
8.407066439275912
8.451167874218468
8.470732479598317
8.485286298753614
8.53725728119236
8.608432847261692
8.649745177746917
8.730420867838031
8.768145818589002
8.820538381229506
