-8.885805298281813
-8.806741736771292
-8.762792450856914
-8.676569692701829
-8.648125824460854
-8.60716362542933
-8.567340245296004
-8.512308545626393
-8.48264251388585
-8.467445102197592
-8.462044762938586
-8.424562681927236
-8.391425788236162
-8.380893348855128
-8.373660541087231
-8.331385169983152
-8.319182886580032
-8.31113854811155
-8.272038515159343
-8.257524763664195
-8.251456033078469
-8.230761233202957
-8.222860194471208
-8.204718178909413
-8.173166252838563
-8.158722323233002
-8.129053053099135
-8.118094249897197
-8.088989516955198
-8.060797466064306
-8.056171844084211
-8.035597873950454
-8.029269832821566
-8.022856984102019
-8.007387569419373
-7.99525884322229
-7.9719893314991825
-7.9492257998060705
-7.9298513514743565
-7.9068596419532104
-7.8887582086263155
-7.871765579295145
-7.860636141977577
-7.8433518568689164
-7.839355312684527
-7.8232897122182585
-7.8175606615753255
-7.80826694214813
-7.789263250484113
-7.784518266057401
-7.766980539964448
-7.761472855403004
-7.733185123585486
-7.728895574609448
-7.691509087122497
-7.686757956425964
-7.676544809721657
-7.66440273259717
-7.6491072589042455
-7.630730396591676
-7.622280095459823
-7.610109913743711
-7.597467106912658
-7.594451398433471
-7.579020053326069
-7.563774778213862
-7.557339928129648
-7.545366674884218
-7.537170440555602
-7.523820101121021
-7.521284238984743
-7.498665015010927
-7.487043508445645
-7.46594074095566
-7.455735553059202
-7.449060881898328
-7.432597571011396
-7.407717558831428
-7.404214790607472
-7.389965590788168
-7.383845910932577
-7.365301695399304
-7.357839283953477
-7.349442650766449
-7.342412039655259
-7.3289026154445684
-7.304849549265006
-7.297771439233142
-7.290649839037923
-7.2816810791796875
-7.2677720551801475
-7.244857083886313
-7.234983777399145
-7.215256061033577
-7.212965748282335
-7.203729450222804
-7.1773592354773825
-7.170069777335971
-7.1566054153734395
-7.147222793579795
-7.14445632690313
-7.129484920725083
-7.123998988052584
-7.104343066180582
-7.09446831192791
-7.084419913475953
-7.077468998718376
-7.06803099584424
-7.0387840519158615
-7.014072106296129
-7.009507602894166
-6.99898982499017
-6.972086045453283
-6.9638500201779365
-6.949303680870531
-6.947676748918768
-6.915399544412045
-6.904751082877269
-6.889923087120649
-6.876668913495765
-6.868558438658426
-6.853686255412512
-6.839872274083137
-6.795857813538092
-6.781674621988589
-6.754658994284016
-6.7325804302330186
-6.719326374433069
-6.706966646628906
-6.694890147535968
-6.691814923846314
-6.669775147415556
-6.618817294090781
-6.601677366559228
-6.586542942665764
-6.549791126740837
-6.533561549899019
-6.511791664395901
-6.486927942298425
-6.473927964664158
-6.442758423063779
-6.418745952412586
-6.41140357121347
-6.4009834448768865
-6.3616615412202275
-6.3453664887228145
-6.294155932012846
-6.255914254148857
-6.254370632399829
-6.236552566025704
-6.23142669345881
-6.163000878021286
-6.146755074236422
-6.096061144852703
-6.033099558219721
-6.022775425728959
-5.920562838898589
-5.903476868543533
-5.846843584534648
-5.741614955364113
-5.685337780031445
-5.564447366700893
5.564447365802199
5.685337779052174
5.74161495557519
5.846843583958484
5.903476868232311
5.920562839045028
6.022775425600231
6.033099557309583
6.096061144962584
6.1467550746166335
6.163000878770488
6.23142669432353
6.236552566471142
6.25437063275351
6.255914254513359
6.294155931773853
6.345366488256288
6.361661540828926
6.400983444942941
6.411403571916718
6.418745950788836
6.44275842433094
6.4739279639178955
6.48692794205501
6.511791663260448
6.533561550276636
6.549791126857943
6.586542943210374
6.601677366390116
6.618817293875732
6.669775147585161
6.6918149237183755
6.694890144766323
6.706966645958884
6.71932637501989
6.732580431402525
6.754658994528443
6.781674623257293
6.795857813059868
6.839872272278242
6.85368625557991
6.868558438831253
6.876668915761624
6.8899230860685305
6.904751085154939
6.915399544355018
6.94767674934725
6.949303681354107
6.963850020774981
6.972086044152451
6.998989824568427
7.00950760156558
7.014072106066667
7.03878405308986
7.068030996913935
7.077468999087538
7.084419914302966
7.094468311772365
7.104343066786738
7.123998986159771
7.129484919279803
7.144456325868867
7.147222792921449
7.156605414279994
7.170069774859309
7.17735923560466
7.203729451826138
7.212965750023462
7.2152560599684215
7.234983778613248
7.244857082901705
7.267772054350751
7.2816810781981705
7.290649839371292
7.297771439944351
7.304849549471789
7.3289026166553555
7.342412040367171
7.349442653202307
7.3578392842087315
7.365301696394125
7.383845910533644
7.38996559259069
7.404214788682724
7.4077175587383115
7.432597570796914
7.449060882600207
7.455735552411171
7.4659407422951825
7.487043507145351
7.498665013230428
7.52128423857089
7.5238201004312515
7.537170440916672
7.545366674735875
7.557339926816337
7.563774778407557
7.579020054449667
7.594451399582327
7.597467105755423
7.610109914912643
7.622280094384456
7.630730396929946
7.6491072585542215
7.664402731953089
7.676544810810505
7.686757955461766
7.691509085135518
7.728895575467598
7.733185122957029
7.761472855311354
7.766980538899626
7.784518265622993
7.789263250313089
7.808266943539374
7.817560662569635
7.823289710455586
7.839355312533518
7.8433518565122045
7.86063614338398
7.871765576363755
7.888758209120939
7.906859642906889
7.929851351187379
7.949225799215628
7.971989330183724
7.99525884415814
8.007387569570174
8.022856986297608
8.029269833171153
8.035597874096661
8.056171841848123
8.060797466319269
8.08898951821335
8.11809425076498
8.129053053376326
8.158722323006522
8.173166252308551
8.20471817929621
8.22286019508667
8.230761234640886
8.251456032887322
8.257524764497843
8.27203851621426
8.311138549382402
8.319182886188875
8.33138516929359
8.373660541024222
8.380893348632982
8.391425788845112
8.424562682435614
8.4620447618369
8.467445102376548
8.482642514120256
8.512308546128214
8.567340245484852
8.607163624455342
8.648125824881626
8.676569693430299
8.762792451858797
8.806741735886382
8.885805298673322
