-2.864324793707617
-2.852848353505069
-2.8142633625202964
-2.8040568695777197
-2.7992147743995917
-2.781598284033634
-2.7497042023296507
-2.73489639319774
-2.7203922542232792
-2.717464446832794
-2.698268210152509
-2.6931500040496967
-2.66409023561219
-2.64599096451765
-2.6396713271055563
-2.638320140585894
-2.6075329850456455
-2.599768985295629
-2.582896605642552
-2.573042493163556
-2.5543533844858035
-2.5454532278840754
-2.542771230750066
-2.5219635973945227
-2.515941340050999
-2.5117911664310197
-2.48541633032101
-2.476424980518211
-2.4377861489065036
-2.429556833758401
-2.4250184268299946
-2.4247039338613976
-2.4195385911011864
-2.416757085431284
-2.4125868224839415
-2.3973416184236602
-2.369641527529418
-2.3646848162163985
-2.356398427388704
-2.3463443640821002
-2.300659895662754
-2.2943218664846903
-2.288777905656666
-2.2877655676703585
-2.282932418586385
-2.276471327687279
-2.2733808311797796
-2.263879926877077
-2.26011546083935
-2.257884972737122
-2.2443337603239866
-2.2209224749081593
-2.2082866756539747
-2.2013532229224757
-2.175713216827222
-2.1680616289751304
-2.160672025712253
-2.1536072209348176
-2.1500011293740515
-2.1413193607341157
-2.14036563527241
-2.137079326549263
-2.133645078997093
-2.1224563026151366
-2.118386629152019
-2.1123979038221767
-2.0962615152667903
-2.094906055303129
-2.0890972931622063
-2.0641824467406495
-2.060505156640365
-2.047640340255663
-2.0380728189376875
-2.0316811060258884
-2.02836057532255
-2.026731669293754
-2.0115622228407193
-2.0019704055105123
-1.991757661633653
-1.9874952632759044
-1.9854400274344262
-1.9742716832509997
-1.9700218946334476
-1.9662485121467221
-1.9567353877759301
-1.9563667118531738
-1.9556837116374928
-1.9505692000805157
-1.945461254031515
-1.9424958808329407
-1.938684441879433
-1.9324693176278083
-1.9038626995659806
-1.8973086372981758
-1.893403265504245
-1.887308098490429
-1.8563394054712878
-1.8473147741013403
-1.8333459600807276
-1.831411656108976
-1.8187466274160256
-1.805154198099848
-1.7969987501057028
-1.7829356003762156
-1.7804411198360137
-1.7775365587559806
-1.774660911801691
-1.7716631791359485
-1.7633447093786936
-1.7598196520180136
-1.7567388552053131
-1.7234275336859315
-1.6602943488545923
-1.6540313308565757
-1.6456992347591066
-1.6400485972743144
-1.6358183130402382
-1.602505110951841
-1.5937487367083263
-1.587288853850032
-1.5844159484397617
-1.5841158484272087
-1.5766047886424521
-1.574758848098365
-1.5461314187344677
-1.5029442131128017
-1.452640640727073
-1.4470812806665065
-1.4124909380753186
-1.4049558209367052
-1.3973707978522285
-1.3881634141948915
-1.373318343088688
-1.3647213001472513
-1.3540030837572765
-1.3437461075656592
-1.2764503320707004
-1.254151328366206
-1.2202526145048156
-1.2057502936321083
-1.1663063811668652
-1.16117724058105
-1.1522262023907417
-1.1117838610647885
-1.1017192318377744
-1.0730411903961337
-0.9925145464714095
-0.9857567075765903
-0.9637057603838518
-0.949944719242651
-0.866173919967555
-0.826658003349322
-0.8145539566168566
-0.7725328797358554
-0.729748972318089
-0.710670353388789
-0.5738288169496569
-0.5431514445202105
-0.5120240025002668
-0.4705754373020026
-0.292281199722349
-0.17632704225910056
0.17632704250690762
0.292281199453161
0.4705754373084662
0.5120240035876816
0.5431514435200422
0.5738288169031699
0.7106703546812467
0.7297489709140127
0.77253287925254
0.8145539579414828
0.8266580015066527
0.8661739200312217
0.9499447216255067
0.9637057582158094
0.9857567053921751
0.9925145492705003
1.0730411899629773
1.101719232987345
1.1117838598823617
1.1522262031860988
1.1611772323583358
1.1663063889361236
1.2057502896767263
1.2202526185510079
1.254151327766399
1.2764503327706775
1.3437461076858748
1.3540030840983521
1.3647212978514554
1.3733183404280567
1.3881634184969487
1.3973707963531334
1.4049558213922935
1.4124909391445626
1.4470812782889437
1.45264064406793
1.5029442123281274
1.5461314200598815
1.5747588498187217
1.5766047848059135
1.5841158429432787
1.5844159472622965
1.587288853469641
1.5937487381697062
1.6025051171614955
1.6358183104848771
1.6400486015502234
1.6456992323650723
1.6540313344310593
1.6602943445627032
1.7234275347305232
1.7567388560544215
1.759819650895453
1.7633447103301574
1.7716631826651026
1.7746609113971346
1.7775365540585504
1.7804411236764313
1.7829355953871229
1.7969987553886575
1.8051541943671598
1.8187466265239594
1.8314116585546834
1.8333459583856606
1.847314777275156
1.856339403054665
1.8873080983232058
1.8934032653723272
1.897308637181012
1.903862700110378
1.9324693216988624
1.9386844375741377
1.942495878184199
1.9454612553511634
1.9505692023999361
1.9556837081290184
1.956366707279516
1.9567353906145522
1.9662485090945938
1.9700218977976616
1.9742716891165502
1.985440021755778
1.9874952577972274
1.9917576618854955
2.001970414757559
2.0115622253980794
2.026731670621476
2.0283605726326503
2.031681105797587
2.038072818631636
2.0476403408548363
2.0605051498988134
2.064182452758679
2.089097291809406
2.0949060549925607
2.0962615179341846
2.11239790156506
2.118386624736135
2.1224563082263534
2.1336450768917925
2.1370793226934706
2.140365638552636
2.141319358795892
2.150001135036361
2.1536072219698683
2.1606720256849745
2.1680616278304
2.1757132171571114
2.201353231363513
2.2082866664920706
2.220922477283744
2.244333757866544
2.257884971031113
2.2601154553078446
2.2638799323595875
2.273380831078304
2.276471328114308
2.2829324187329885
2.2877655660334923
2.288777908219948
2.294321862221958
2.3006599005957207
2.346344363060349
2.3563984271524983
2.364684822296132
2.3696415205848753
2.3973416155687586
2.4125868225854132
2.4167570829588785
2.419538599264014
2.4247039306002183
2.425018426235742
2.4295568318340774
2.4377861523476554
2.4764249847270734
2.4854163272115906
2.511791169984332
2.5159413429208217
2.5219635940945966
2.542771225678683
2.5454532197306077
2.554353393846156
2.573042495619107
2.582896604496319
2.5997689947445495
2.607532974880617
2.638320140361721
2.639671324963348
2.6459909649007995
2.6640902382870904
2.6931500107162187
2.6982682029033196
2.7174644378061594
2.7203922633656865
2.734896390997617
2.7497042028485907
2.7815982850994705
2.7992147867492534
2.8040568700317827
2.8142633504984462
2.852848361260679
2.8643247854490155
