-1.1297722550847036
-1.1217326561764605
-1.119381197762566
-1.1143002714854875
-1.1082847701759162
-1.1054782333581288
-1.100502076465084
-1.0951292962051977
-1.0871485640011749
-1.0838507313326395
-1.0805841148958097
-1.0766416854565857
-1.059602985814809
-1.056941361504903
-1.0533050912644446
-1.0471499456877722
-1.0423275473130225
-1.027827334078829
-1.0173332158490995
-1.016609634686232
-1.0139829762806285
-1.006267507038867
-0.9981879755505045
-0.9966366432255318
-0.9915554469049808
-0.9859926573016035
-0.9823800569599624
-0.9751722578898375
-0.9722535258209866
-0.9698876780665475
-0.9681818092223015
-0.9652306043166446
-0.9567965493626182
-0.9536094443906882
-0.9522456657088787
-0.9469079499526732
-0.9447171832859637
-0.9403080096825327
-0.9364468072887185
-0.9334927768945479
-0.9287889206194556
-0.926909194772338
-0.9221960571543101
-0.9189114315917141
-0.9151767650188676
-0.906029229960568
-0.9049792534840378
-0.9030105504558606
-0.8820516937777326
-0.873497879305936
-0.8689075944920278
-0.8616623443664816
-0.8582581954226867
-0.8566114615427806
-0.8510908593236025
-0.8490872546966539
-0.8454514806690513
-0.8429145774385446
-0.8402893995379436
-0.8364888936850733
-0.8355065974728814
-0.8330980262430615
-0.8284426627744903
-0.8229629732601479
-0.8209031214309942
-0.8174541692144396
-0.8130121454144985
-0.8100732140488678
-0.8078407143789671
-0.8046632696454732
-0.7971020060054639
-0.7910539936280443
-0.780344473421046
-0.7774390177772437
-0.7706629406487808
-0.7683898233417925
-0.7660917707203843
-0.7588203113353057
-0.7555130642766654
-0.7529760496307226
-0.7496329714637137
-0.7440363000253363
-0.7329830946068726
-0.7278725740622785
-0.7221345617834453
-0.7106855793648682
-0.706323549698862
-0.6921904381190898
-0.6828606501689873
-0.6764919008985003
-0.6650354490769187
-0.633864145597415
-0.6210040777417318
-0.6181326679066064
-0.6069838215551525
-0.5954492700212342
-0.5907499127397159
-0.5650302887228645
-0.558226818305034
-0.5481776893832536
-0.5380332119929038
-0.5277455047676299
-0.5257889975996148
-0.5095604158320143
-0.48594160260831504
-0.4826127701781157
-0.4775101935976674
-0.4402794789220447
-0.1884402585838185
-0.18518790618215747
-0.1822558810242589
-0.17892868088224073
-0.17558859552168873
-0.17465794582248265
-0.16822230494927995
-0.16685027539314565
-0.15812142576073768
-0.1577591718771196
-0.15353758843672302
-0.15056244300892674
-0.14357002517789613
-0.1344427567221181
-0.13305283010719335
-0.1268111454590487
-0.040157159398051236
-0.03305132090169072
-0.013680647676969738
-0.005810806417716855
0.005810806417716762
0.013680647676969679
0.033051320901690676
0.04015715939805083
0.12681114545904865
0.13305283010719307
0.13444275672211786
0.14357002517789608
0.1505624430089263
0.15353758843672258
0.1577591718771191
0.15812142576073746
0.16685027539314543
0.16822230494927984
0.17465794582248223
0.17558859552168835
0.17892868088224062
0.18225588102425871
0.18518790618215747
0.1884402585838184
0.44027947892204444
0.4775101935976673
0.48261277017811566
0.4859416026083149
0.5095604158320143
0.5257889975996146
0.5277455047676297
0.5380332119929039
0.5481776893832537
0.5582268183050341
0.5650302887228648
0.590749912739716
0.5954492700212344
0.6069838215551524
0.6181326679066064
0.6210040777417322
0.633864145597415
0.6650354490769186
0.6764919008985005
0.6828606501689872
0.6921904381190894
0.7063235496988619
0.7106855793648681
0.7221345617834454
0.7278725740622782
0.7329830946068726
0.744036300025336
0.7496329714637138
0.7529760496307226
0.7555130642766654
0.7588203113353053
0.7660917707203844
0.7683898233417923
0.7706629406487807
0.7774390177772433
0.7803444734210462
0.7910539936280442
0.797102006005464
0.8046632696454733
0.8078407143789672
0.8100732140488685
0.8130121454144984
0.8174541692144398
0.8209031214309945
0.8229629732601479
0.8284426627744904
0.8330980262430615
0.8355065974728817
0.8364888936850733
0.8402893995379439
0.8429145774385439
0.845451480669052
0.8490872546966537
0.8510908593236026
0.8566114615427805
0.8582581954226866
0.8616623443664817
0.8689075944920277
0.8734978793059358
0.8820516937777326
0.9030105504558608
0.9049792534840386
0.9060292299605682
0.9151767650188677
0.9189114315917141
0.9221960571543099
0.926909194772338
0.9287889206194556
0.9334927768945477
0.9364468072887188
0.9403080096825327
0.9447171832859641
0.9469079499526734
0.9522456657088795
0.9536094443906884
0.9567965493626186
0.9652306043166446
0.9681818092223015
0.9698876780665475
0.9722535258209869
0.9751722578898375
0.9823800569599623
0.9859926573016035
0.9915554469049808
0.996636643225532
0.9981879755505043
1.0062675070388667
1.0139829762806285
1.016609634686232
1.0173332158490995
1.0278273340788289
1.0423275473130225
1.047149945687772
1.0533050912644448
1.056941361504903
1.0596029858148088
1.076641685456586
1.0805841148958097
1.0838507313326395
1.0871485640011744
1.0951292962051975
1.1005020764650837
1.1054782333581286
1.108284770175916
1.1143002714854873
1.1193811977625656
1.1217326561764607
1.1297722550847031
