-1.162880221515791
-1.1592801029919717
-1.1447864683758044
-1.1404813376322316
-1.1267307771374666
-1.1214525952980936
-1.119719966251944
-1.1169187500390865
-1.1127563371578213
-1.1114001865062404
-1.1073545216819953
-1.100759058309561
-1.0981774632529933
-1.0942372648745724
-1.0833170027817967
-1.0795615798522995
-1.0762975186533728
-1.0727897661687251
-1.0703324235110772
-1.0644656594893784
-1.0630004075211061
-1.0545051788579243
-1.0521680970019156
-1.0466735106321088
-1.0440491825650282
-1.0405700372025986
-1.037259057490941
-1.035134669027282
-1.031818393753698
-1.0299603246280609
-1.024711672727734
-1.0234988186808163
-1.0195129094939552
-1.016976177520246
-1.013096967083044
-1.0096143400198712
-1.006708327063824
-1.0004623247139566
-0.9984135262178316
-0.9945117397160544
-0.9922722700671207
-0.990923456077764
-0.9882701575150267
-0.9871065645476028
-0.9842454933787704
-0.982292940991842
-0.9756290532616217
-0.9712763118593978
-0.9688149984441451
-0.96841655960679
-0.9660233147192697
-0.9625466964809954
-0.9567933817091908
-0.9538041783759409
-0.9506998667319907
-0.9475600572441418
-0.9456457386024189
-0.9425034022312807
-0.9404203616970725
-0.9333729237606683
-0.9324319554146905
-0.9279879259468984
-0.9265838765722969
-0.9245675397239518
-0.9159701269808438
-0.9109942860757431
-0.9101056872118635
-0.9070067071578816
-0.9055406453554253
-0.903095586931864
-0.8972428165923377
-0.8944922843311308
-0.8934655350116001
-0.8858285355892268
-0.8841919934172925
-0.8821368645726695
-0.8782431011112092
-0.8747076025276155
-0.8726270075468703
-0.8651935549743963
-0.8627375994454413
-0.8593168244453232
-0.8551217852295103
-0.8525164921403648
-0.8522788851423015
-0.8466732551046668
-0.8434298484343751
-0.8410580619914333
-0.8327789618809381
-0.8291666143010097
-0.8256797934248798
-0.8232393685045318
-0.8157105029489373
-0.8114913417917841
-0.8092354769612323
-0.8067519727815413
-0.8041708769672837
-0.8022632440832185
-0.7961817425064921
-0.7895739279163169
-0.7891139426989999
-0.7866657764019525
-0.7750979572161375
-0.7730666416084906
-0.7654411091288996
-0.7612001452325411
-0.7568722780716364
-0.7526893473577605
-0.7486491321837666
-0.7459705587148318
-0.7375617522153342
-0.7350952401485891
-0.7243230304011007
-0.7189271409247949
-0.7149511047630828
-0.7122942586897165
-0.7071606547098281
-0.700734328077679
-0.6946932533118378
-0.691875972844687
-0.6851032292979573
-0.6809015873557506
-0.6763345809722662
-0.663190042692228
-0.6424723140915755
-0.6300639866333406
-0.6280101486499282
-0.6189550237862389
0.6189550237862389
0.6280101486499282
0.6300639866333402
0.6424723140915752
0.6631900426922284
0.676334580972266
0.6809015873557507
0.6851032292979574
0.6918759728446872
0.6946932533118378
0.700734328077679
0.7071606547098283
0.7122942586897165
0.7149511047630829
0.7189271409247949
0.7243230304011007
0.735095240148589
0.7375617522153342
0.7459705587148319
0.7486491321837667
0.7526893473577599
0.7568722780716363
0.7612001452325412
0.7654411091288996
0.7730666416084906
0.7750979572161375
0.7866657764019526
0.7891139426990001
0.7895739279163166
0.7961817425064921
0.8022632440832187
0.8041708769672838
0.8067519727815416
0.8092354769612325
0.8114913417917838
0.8157105029489374
0.8232393685045317
0.82567979342488
0.8291666143010098
0.8327789618809378
0.8410580619914332
0.8434298484343751
0.8466732551046671
0.8522788851423013
0.8525164921403647
0.8551217852295102
0.8593168244453231
0.8627375994454412
0.8651935549743963
0.8726270075468703
0.8747076025276157
0.878243101111209
0.8821368645726695
0.8841919934172926
0.8858285355892268
0.8934655350116003
0.8944922843311307
0.8972428165923377
0.9030955869318632
0.9055406453554252
0.9070067071578811
0.9101056872118632
0.9109942860757431
0.9159701269808437
0.9245675397239516
0.9265838765722969
0.9279879259468985
0.9324319554146906
0.9333729237606683
0.9404203616970728
0.9425034022312808
0.9456457386024187
0.9475600572441416
0.9506998667319903
0.9538041783759407
0.9567933817091908
0.9625466964809954
0.9660233147192697
0.96841655960679
0.9688149984441451
0.971276311859398
0.9756290532616217
0.9822929409918421
0.9842454933787704
0.987106564547603
0.9882701575150273
0.990923456077764
0.9922722700671205
0.9945117397160544
0.9984135262178312
1.0004623247139566
1.0067083270638237
1.009614340019871
1.0130969670830448
1.0169761775202457
1.0195129094939552
1.0234988186808163
1.0247116727277337
1.0299603246280609
1.0318183937536975
1.0351346690272818
1.037259057490941
1.0405700372025986
1.0440491825650284
1.0466735106321088
1.0521680970019156
1.0545051788579245
1.0630004075211068
1.0644656594893784
1.070332423511077
1.0727897661687247
1.0762975186533725
1.0795615798522993
1.0833170027817967
1.0942372648745726
1.0981774632529937
1.1007590583095608
1.1073545216819956
1.1114001865062404
1.1127563371578217
1.1169187500390865
1.1197199662519441
1.121452595298093
1.1267307771374666
1.1404813376322316
1.1447864683758044
1.159280102991971
1.1628802215157912
