-1.1369157588692282
-1.131441217568553
-1.1257407052992607
-1.1241050078963382
-1.1067700296022376
-1.1043667534241786
-1.1023703409239674
-1.098429259401307
-1.0894993923041019
-1.087260518060562
-1.0805489855374422
-1.0776044266073437
-1.0728195150894861
-1.0646550383466618
-1.0626862902342016
-1.0580071260860715
-1.0466120032718331
-1.037626204295603
-1.03201991120859
-1.0238788912801118
-1.0202253086862478
-1.0132898981338156
-1.0037254602987529
-0.9971765807705557
-0.9937251644361959
-0.9875153375876803
-0.9861917595747616
-0.9815385688913149
-0.9779726398838648
-0.9737332184886357
-0.9676533027161293
-0.9628696994497232
-0.9615810060533143
-0.9561865995536625
-0.9518675971300615
-0.9495788332274265
-0.9481128096518214
-0.942576826052408
-0.9382493119487785
-0.9329981045961854
-0.9285436407053588
-0.9265290112984256
-0.9213588116270012
-0.9153933608895479
-0.9130470238594787
-0.9088105477378997
-0.9061206038388159
-0.8999953479210286
-0.8860618949650215
-0.8818777745224382
-0.8752489901226275
-0.8621066415382043
-0.8585419039204393
-0.8566921318835763
-0.8529652732563916
-0.8483088228620642
-0.8466989349508336
-0.8403566798810054
-0.8375144157361895
-0.8356646424941352
-0.8331983303713081
-0.8293297116700387
-0.8256501757676494
-0.8247129692385294
-0.8191022241557467
-0.815349549722679
-0.8133073241275629
-0.807375681572739
-0.8063692323302476
-0.8036434233454881
-0.7978621594445852
-0.7904228072682551
-0.7838619927322104
-0.7795047159598896
-0.7761301979859813
-0.7683689014887314
-0.7677114419028171
-0.7612803455357054
-0.756752792613692
-0.7549313062040897
-0.7484561671017901
-0.7409888711268583
-0.7315424578260528
-0.7227472852596324
-0.720812252465581
-0.7173042795950575
-0.703404209872571
-0.6937834933933614
-0.6781676138280479
-0.6709166441536566
-0.6593669637367294
-0.6360531603605739
-0.620071127815179
-0.6090169296023032
-0.608689614832832
-0.6000781894905612
-0.5915767326018091
-0.5693562821648124
-0.5658238781330572
-0.5392924817606475
-0.533390611829962
-0.5273855976837096
-0.5202800928197908
-0.5012506656708325
-0.4949072454058623
-0.4778858189256489
-0.474838803180033
-0.4399575261789412
-0.18875174916730839
-0.18651603712435635
-0.18127159809757507
-0.17665789285274458
-0.17580608448421434
-0.17377081017239926
-0.16848974444287432
-0.16677488771318255
-0.15952119803128195
-0.1585503229164159
-0.1557901037223382
-0.15178969563108793
-0.14665201570423383
-0.13708218339872175
-0.13423900142924153
-0.12828989190466447
-0.0406416498325959
-0.032761485439157086
-0.01477354355730567
-0.006304798890652809
0.006304798890652856
0.01477354355730554
0.032761485439157016
0.04064164983259574
0.1282898919046647
0.13423900142924164
0.13708218339872183
0.1466520157042339
0.15178969563108802
0.1557901037223381
0.15855032291641644
0.1595211980312821
0.16677488771318266
0.16848974444287426
0.1737708101723995
0.17580608448421417
0.17665789285274433
0.18127159809757482
0.18651603712435652
0.18875174916730852
0.4399575261789412
0.4748388031800328
0.4778858189256489
0.4949072454058623
0.501250665670833
0.5202800928197906
0.5273855976837096
0.533390611829962
0.5392924817606476
0.5658238781330573
0.5693562821648123
0.5915767326018093
0.6000781894905614
0.608689614832832
0.6090169296023032
0.6200711278151789
0.6360531603605738
0.6593669637367293
0.6709166441536567
0.678167613828048
0.6937834933933614
0.7034042098725705
0.7173042795950575
0.720812252465581
0.7227472852596325
0.7315424578260529
0.7409888711268582
0.7484561671017901
0.7549313062040897
0.7567527926136923
0.7612803455357053
0.7677114419028169
0.7683689014887313
0.7761301979859812
0.7795047159598896
0.7838619927322102
0.790422807268255
0.7978621594445852
0.803643423345488
0.8063692323302469
0.8073756815727389
0.8133073241275631
0.8153495497226791
0.819102224155747
0.8247129692385298
0.8256501757676494
0.8293297116700388
0.8331983303713082
0.8356646424941352
0.8375144157361895
0.8403566798810054
0.8466989349508334
0.8483088228620638
0.8529652732563914
0.8566921318835762
0.858541903920439
0.862106641538204
0.8752489901226274
0.8818777745224381
0.8860618949650215
0.8999953479210284
0.9061206038388161
0.9088105477378997
0.9130470238594796
0.9153933608895478
0.921358811627001
0.9265290112984254
0.9285436407053587
0.9329981045961854
0.9382493119487787
0.9425768260524082
0.9481128096518212
0.9495788332274265
0.9518675971300616
0.9561865995536623
0.9615810060533143
0.9628696994497234
0.9676533027161293
0.9737332184886357
0.9779726398838648
0.9815385688913149
0.9861917595747616
0.98751533758768
0.9937251644361956
0.9971765807705558
1.0037254602987526
1.0132898981338156
1.0202253086862476
1.0238788912801116
1.03201991120859
1.0376262042956024
1.046612003271833
1.0580071260860713
1.062686290234201
1.0646550383466618
1.0728195150894861
1.0776044266073428
1.0805489855374422
1.0872605180605615
1.0894993923041012
1.0984292594013068
1.1023703409239671
1.1043667534241788
1.1067700296022374
1.1241050078963382
1.1257407052992612
1.1314412175685533
1.1369157588692278
