-2.668119059700144
-2.6636461674488574
-2.655780688209418
-2.649896973317241
-2.640852779933712
-2.629851602748897
-2.6207121858552886
-2.6053216442044373
-2.558073661761851
-2.5485889228954584
-2.537177955146737
-2.529004504413269
-2.523924372101239
-2.4923836514962567
-2.4912337625042027
-2.476120941365937
-2.42653218959741
-2.4198635361812384
-2.4018208835615233
-2.3884943944099923
-2.359682157246735
-2.338234623273573
-2.3286816376967
-2.3169386017579874
-2.306916867167306
-2.302134229440409
-2.2850625884093096
-2.2715045969535623
-2.267543049000513
-2.253637048751754
-2.2383861570662127
-2.2280740350169395
-2.2221501121209544
-2.2131857858405457
-2.2051336481118917
-2.1921310524290165
-2.1891674899817923
-2.1722938344480287
-2.1636915933737053
-2.1615477735499953
-2.1552079600135303
-2.1534457829323745
-2.1489251309256567
-2.1374232813465595
-2.11643291038237
-2.101148102243284
-2.098740195393586
-2.0916191204670165
-2.086038725798653
-2.06861835912858
-2.0536587775375192
-2.050042851155717
-2.0362979406050954
-2.0277094894482737
-2.015042057884441
-2.0059799818918673
-1.9976347544565374
-1.977269175454805
-1.9603236129919421
-1.9473956441821194
-1.9401830960206632
-1.9321896704341839
-1.9235090094493308
-1.9117255795480133
-1.890574195368308
-1.8788443051774228
-1.8597809603929738
-1.8446188881700385
-1.8289392116794565
-1.819169687439471
-1.8164578982261508
-1.805102227185711
-1.800731341913764
-1.7820671153676175
-1.7553283696258901
-1.7217991803695787
-1.7012414116419006
-1.6871765378960728
-1.6706914870644507
-1.6563640177710748
-1.65030351957732
-1.633016253706562
-1.616045535885519
-1.6007005779336354
-1.5885582969259706
-1.5782625332654654
-1.5733094294878138
-1.5597028917613625
-1.5555110702886787
-1.5474746071213215
-1.526496782600626
-1.5046294776530669
-1.4979243224627916
-1.4731702931317425
-1.4522483073846595
-1.4296932605192751
-1.404262835629006
-1.39458367225406
-1.3468675374555767
-1.3046100306902848
-1.2939708192379933
-1.2666620804702056
-1.2647117028608206
-1.2468993823170735
-1.217628423701772
-1.166994908038759
-1.1527072735230797
-1.1174872488488135
-1.013319268622833
-1.0066629999861096
-0.9875650476009322
-0.9819076307219873
-0.9427899219491409
-0.930975917540896
-0.9184484160384535
-0.9076854705088799
-0.8574707230933079
-0.8517171816280609
-0.812813354555451
-0.7911399837603055
-0.7459489331336511
-0.7409644905548355
-0.6949062439336563
-0.6778774165909244
-0.6337764768036742
-0.5853359198500916
-0.562410880725518
-0.5039413718977129
0.5039413714564284
0.5624108817150983
0.5853359202098553
0.6337764780264937
0.677877421462443
0.6949062390672804
0.7409644905269007
0.7459489321333038
0.7911399832301288
0.8128133547621037
0.8517171816964171
0.8574707232077721
0.9076854725394354
0.9184484179204951
0.9309759175577736
0.9427899184742171
0.9819076292259745
0.9875650465361577
1.0066629919382335
1.013319277147672
1.1174872492906334
1.152707273160875
1.166994908516395
1.2176284232508043
1.2468993817727834
1.264711703360327
1.2666620786424678
1.2939708222716355
1.3046100295207286
1.3468675387420952
1.3945836724788352
1.4042628360409413
1.4296932603238715
1.4522483099200219
1.4731702919814538
1.497924322059812
1.5046294769326343
1.5264967841894443
1.5474746047447216
1.5555110698566963
1.5597028946661726
1.5733094311901326
1.5782625310253837
1.588558298156774
1.600700578324189
1.6160455356734225
1.6330162576436407
1.6503035189846347
1.6563640187626487
1.6706914854013244
1.687176535887283
1.7012414112722178
1.721799179431216
1.7553283711218186
1.7820671149225094
1.8007313426996594
1.805102226130588
1.8164578954245139
1.8191696894014082
1.8289392155094983
1.8446188904527367
1.8597809589829581
1.8788443032849038
1.8905741968894134
1.9117255801211324
1.9235090071472156
1.9321896688262312
1.9401830980118184
1.9473956447454774
1.9603236119254075
1.9772691739119008
1.9976347559203513
2.005979985230034
2.0150420577077317
2.0277094845608548
2.0362979433732016
2.0500428494568994
2.053658774352829
2.068618361774703
2.086038728770173
2.0916191191718583
2.0987401977555713
2.1011481011785254
2.1164329151006593
2.1374232789763075
2.148925129289172
2.153445787454516
2.155207961041788
2.161547771114879
2.1636915948355333
2.172293835397729
2.1891674915376327
2.192131049723329
2.2051336481357473
2.213185784725023
2.222150109614953
2.228074034329788
2.2383861557938483
2.253637047921663
2.2675430485151287
2.271504599604302
2.2850625905576134
2.3021342303596795
2.306916862160725
2.316938601283589
2.3286816459420074
2.3382346253987327
2.359682146139933
2.388494392032642
2.40182088685154
2.4198635374487485
2.426532184999414
2.476120947906132
2.4912337664205
2.4923836494794296
2.5239243760644428
2.529004499820466
2.5371779543186888
2.5485889233098042
2.5580736502388617
2.6053216570706073
2.6207121756828275
2.6298516144759643
2.6408527710430305
2.649896982881547
2.6557806772359847
2.6636461621778635
2.668119062216626
