-8.638606681616686
-8.620068921451658
-8.54702639233442
-8.499629089311215
-8.486632756877619
-8.443288775067199
-8.393619069660026
-8.368636545221024
-8.318003139198135
-8.300094063658184
-8.237339384856794
-8.224905977752625
-8.209403877707738
-8.199159151352918
-8.18237689622077
-8.165188778013393
-8.145010512283987
-8.131628650830772
-8.081546375520293
-8.057390080291057
-8.051899333365414
-8.013770192787108
-8.013211830690826
-8.003901768450723
-7.984499127028981
-7.970102052993494
-7.958489275164763
-7.947791182547851
-7.930103198086398
-7.916614495894699
-7.883799903461239
-7.866691522381641
-7.8430549855290375
-7.83751878530417
-7.815257236760092
-7.804082688145764
-7.800903397016069
-7.778052047759503
-7.76172543958427
-7.746170924156972
-7.728848093411773
-7.70095777141217
-7.683870651864704
-7.6753665330077085
-7.659209282497065
-7.647616737596425
-7.630095214488657
-7.61844443036036
-7.5929066271046475
-7.57683337777336
-7.561382265012436
-7.539988479464496
-7.52141190523727
-7.51148148072598
-7.481200128111774
-7.478056508027968
-7.461262474443408
-7.451240563781179
-7.432802271586365
-7.4227627809334304
-7.412342744717062
-7.390817418651782
-7.374607117951628
-7.353907557463333
-7.341552418470649
-7.333354908013882
-7.32533018493865
-7.2888210744505715
-7.256987663031862
-7.245689001257399
-7.240471282029035
-7.220286321384474
-7.212294235611594
-7.195298641566929
-7.186059841656681
-7.169030357819757
-7.145378784265708
-7.140354207503977
-7.116074544112525
-7.099533340029646
-7.0873137839373275
-7.071688605611292
-7.060232054364955
-7.048515241314773
-7.0240332851057845
-7.007283423845809
-6.991141489841877
-6.966802539471455
-6.945358681405543
-6.9222197208481635
-6.916667354823803
-6.889194582830635
-6.876256594597706
-6.855636962906566
-6.844642473630448
-6.803349089230253
-6.789550582978175
-6.76541541185522
-6.755631743085655
-6.74697021082824
-6.724246098754332
-6.707382298831842
-6.686766032422737
-6.651414519711104
-6.630864286567662
-6.629677058716325
-6.607410289770719
-6.5852580444005095
-6.555971940830123
-6.528477992705863
-6.493462888414675
-6.480121999016863
-6.467764073332972
-6.448607395415178
-6.403583995557854
-6.397080695582252
-6.325019874678028
-6.304056245216137
-6.272858757869557
-6.22279076163754
-6.217210313546382
-6.137167462024249
-6.133585762001221
-6.082015719333733
-5.953229102559988
-5.900528114468757
-5.879289207247017
-5.827136782451622
5.827136782543654
5.879289206387413
5.9005281137533965
5.953229102991954
6.08201571950076
6.133585762806209
6.137167461928826
6.217210311082218
6.222790759533519
6.272858754419694
6.304056242759171
6.325019872131005
6.397080692914429
6.403583993134452
6.448607395946101
6.4677640710708255
6.480121999978144
6.493462888343559
6.528477991611878
6.555971939569179
6.585258044555068
6.607410288922166
6.629677058421292
6.63086428528717
6.651414522128355
6.686766030843452
6.707382299988643
6.724246098189926
6.74697020899051
6.755631741483778
6.765415409670078
6.7895505836544325
6.803349087816041
6.8446424726118735
6.855636962624859
6.876256595443128
6.889194582948091
6.916667355607409
6.922219721088189
6.945358682665125
6.96680254090961
6.991141490637586
7.0072834247102875
7.024033286013196
7.048515243071856
7.060232055999741
7.071688605617253
7.087313782524922
7.099533340627416
7.116074545373983
7.1403542065528915
7.145378784757594
7.169030358084851
7.18605984331616
7.195298642401411
7.212294234034603
7.220286321920693
7.240471281361422
7.245689003071922
7.256987664158909
7.28882107426342
7.325330185899773
7.333354909727324
7.34155241833342
7.353907558428885
7.374607118482326
7.390817419514069
7.412342744672341
7.422762781029227
7.432802271348678
7.451240565195585
7.461262473793414
7.478056507040558
7.481200127269775
7.511481480252255
7.521411906833315
7.539988475392868
7.5613822646296684
7.576833378980132
7.592906626293088
7.618444427951846
7.630095215059111
7.647616737659541
7.6592092830188285
7.6753665310224495
7.6838706503795855
7.7009577706891115
7.728848092720363
7.746170924230691
7.761725436996208
7.778052048533111
7.800903396831774
7.804082688394934
7.815257238489865
7.837518786438218
7.8430549859079015
7.8666915233080745
7.8837999046642055
7.916614496735366
7.930103200241262
7.947791184689687
7.958489275054686
7.970102055750785
7.984499124501963
8.003901767990742
8.013211830582712
8.01377019494859
8.0518993331703
8.057390079541207
8.081546375411483
8.13162865408549
8.145010511804639
8.165188778872276
8.182376894105154
8.199159156103711
8.209403878096161
8.22490598130201
8.237339388553293
8.300094065136335
8.318003139948749
8.36863654460984
8.393619070878245
8.443288774138123
8.486632753187939
8.499629088345204
8.547026394297037
8.620068920343186
8.63860668108838
