-8.480006244291237
-8.40379102608435
-8.391704869192917
-8.323726687052451
-8.289586369770946
-8.262105543606033
-8.215005407311915
-8.160380943381679
-8.151848132200074
-8.099541515770014
-8.098658664463558
-8.084857191738097
-8.016612295967228
-7.997251714525151
-7.975599114688926
-7.940458312779461
-7.927872266700253
-7.900041512743332
-7.8535054164133244
-7.812982614463828
-7.7963399892667375
-7.7804102697860325
-7.701735570920538
-7.683967736028366
-7.655347844094951
-7.638674223931213
-7.613190759600531
-7.599482606341515
-7.5609066914992935
-7.54442457294231
-7.539572996803112
-7.510911251251624
-7.506019790301278
-7.467458539343998
-7.459357119153936
-7.440820693496178
-7.388480264120011
-7.3529484014092175
-7.33214634505423
-7.305864840037267
-7.287640157808351
-7.255150485092849
-7.23405976273985
-7.210383371141711
-7.198247319312008
-7.181430639181169
-7.168338766343924
-7.125520189570039
-7.066664393995656
-7.0330632852377715
-7.018062018997363
-6.9700965302739695
-6.942897263201099
-6.9267638985698525
-6.890533238098221
-6.883688596669032
-6.801941542737328
-6.781559570319123
-6.710383645828255
-6.707028571093568
-6.6771118819416335
-6.588969760029666
-6.541883113418732
-6.469539792006959
-6.458357135420077
-6.442689669681138
-6.377617745703592
-6.350652916164147
-6.323408175799166
-6.3009981773422385
-6.225189962770494
-6.136922336264312
-6.045739443190079
-6.022007320914656
-5.956502623656374
-5.941477416112581
-5.900269326499856
-5.88383456860773
-5.880148005776482
-5.853595543657729
-5.718780234065988
-5.657349274570869
-5.597465085886852
-5.552670520467371
-5.548069855581212
-5.485892367041369
-5.421647728124049
-5.336408889185943
-5.247483285798939
-5.237330970974631
-5.181645841599844
-4.983972958110851
-4.9282504237462135
-4.922677057552077
-4.894288089166935
-4.87564170556004
-4.815555308959729
-4.7714770127522295
-4.692157654431893
-4.614271844794026
-4.585758277718744
-4.538909696689734
-4.4229767323225735
-4.417051703733676
-4.348546817052166
-4.281639576498739
-4.188135135702416
-3.9862015930990085
-0.8254261420076145
-0.8026615598812027
-0.7917788515535314
-0.7882826656012025
-0.7743480561388122
-0.7507888330463617
-0.7424169576586123
-0.7357759338706871
-0.7098632328237854
-0.6945713955473056
-0.6927908505839027
-0.6715268001166678
-0.663744914363199
-0.6392566584409838
-0.6248885203398044
-0.6153938673508283
-0.06673206040926052
-0.04598784318351501
-0.005442861607793325
-0.001946723868506046
0.0019467235737446584
0.005442861730636539
0.045987843643996267
0.06673206053750748
0.6153938672934043
0.6248885205749062
0.63925665854654
0.6637449145781364
0.6715268004869869
0.6927908507614937
0.6945713954260759
0.7098632330815007
0.735775933802745
0.7424169576522326
0.7507888334432486
0.7743480562041882
0.7882826656951846
0.7917788516226776
0.802661559344545
0.8254261422528337
3.986201592974911
4.18813513565572
4.281639595677796
4.348546797890282
4.417051703923442
4.42297673238727
4.538909699653031
4.585758292916591
4.614271827175315
4.692157653751101
4.7714770033699745
4.81555532686588
4.875641701781032
4.8942880805312265
4.922677049911942
4.928250436577038
4.9839729562457915
5.181645856439307
5.237330971284951
5.247483287272712
5.336408872642073
5.421647727866993
5.485892382048503
5.5480698572883504
5.55267051737694
5.5974650727114295
5.6573492746507785
5.718780234163221
5.853595556631753
5.88014799098308
5.8838345725112795
5.9002693420606755
5.941477414642778
5.956502608165417
6.022007329167649
6.0457394544911836
6.136922317536354
6.225189962812108
6.300998194501171
6.323408156831248
6.350652920664128
6.3776177475585225
6.442689669585723
6.458357141188998
6.469539792798369
6.54188310979701
6.588969752612474
6.6771118816790205
6.707028574368951
6.71038364303586
6.781559571565447
6.8019415442428155
6.883688600054905
6.890533243160489
6.9267638942329475
6.9428972636363815
6.970096526979862
7.018062015629382
7.033063288894371
7.066664393837116
7.125520195723883
7.168338766368927
7.181430642293829
7.198247320673117
7.210383374032306
7.234059761603787
7.25515048240997
7.287640154990052
7.305864843241025
7.332146343106565
7.352948403409688
7.388480265328839
7.4408206930227365
7.459357115470855
7.467458539418507
7.506019789221019
7.510911249796178
7.53957299500977
7.5444245704359
7.560906692660087
7.599482600211588
7.6131907635334874
7.63867422293781
7.655347849479385
7.683967737868555
7.7017355732320265
7.780410262627221
7.796339986596588
7.812982608859737
7.853505415278815
7.900041519843418
7.927872271808005
7.940458313922875
7.975599108964648
7.997251708038388
8.016612300767209
8.08485719162333
8.098658664309655
8.099541514196742
8.151848130357697
8.160380947360837
8.215005410243867
8.262105544084699
8.28958636785037
8.323726681595003
8.391704871961341
8.403791023172689
8.48000624319094
