-1.0822770391172876
-1.082277039117287
-1.0802054181954575
-1.0802054181954572
-1.0783859959427882
-1.0783859959427882
-1.0748610739343616
-1.0748610739343614
-1.058600702729302
-1.0586007027293014
-1.05263939966434
-1.0526393996643397
-1.0370701532549804
-1.03707015325498
-1.031892986802514
-1.0318929868025133
-1.0077317136067896
-1.0077317136067894
-0.9994490119104783
-0.9994490119104782
-0.9789489994733019
-0.9789489994733016
-0.966302799284823
-0.9663027992848228
-0.9589767900143596
-0.9589767900143595
-0.9580330790625193
-0.9580330790625192
-0.9399372089041653
-0.9399372089041645
-0.9364929934367087
-0.9364929934367081
-0.9352012109510125
-0.9352012109510124
-0.9277031068352871
-0.9277031068352871
-0.9258945684384869
-0.9258945684384868
-0.916346212833402
-0.9163462128334019
-0.9053653181000424
-0.9053653181000415
-0.9030785610438634
-0.9030785610438633
-0.8912730068415721
-0.8912730068415718
-0.8881288743437378
-0.8881288743437378
-0.8578651039721663
-0.8578651039721658
-0.8480215161859834
-0.8480215161859833
-0.8276213622697193
-0.827621362269719
-0.8272015844122023
-0.8272015844122019
-0.8158040602773597
-0.8158040602773594
-0.8123286855812006
-0.8123286855812005
-0.8075590049950521
-0.8075590049950516
-0.8052705133286676
-0.8052705133286676
-0.7978815134142748
-0.7978815134142747
-0.7971655292283113
-0.7971655292283111
-0.7807159951096445
-0.7807159951096445
-0.7791040720592756
-0.7791040720592755
-0.7680961734076573
-0.768096173407657
-0.7620842862887567
-0.7620842862887566
-0.751319063462556
-0.7513190634625558
-0.7483396909966209
-0.7483396909966208
-0.7365349399243346
-0.7365349399243345
-0.7085934710846584
-0.708593471084658
-0.7028279452441233
-0.702827945244123
-0.6943033423273846
-0.6943033423273844
-0.6542419195584638
-0.6542419195584638
-0.633797872823613
-0.6337978728236128
-0.5947471479521149
-0.5947471479521148
-0.5857198389546499
-0.5857198389546492
-0.5761607960968499
-0.5761607960968496
-0.5426440037869837
-0.5426440037869834
-0.5161492583739404
-0.51614925837394
-0.5043244129849198
-0.5043244129849194
-0.46874959645054803
-0.4687495964505479
-0.46415562145708855
-0.4641556214570882
-0.17776085874766967
-0.1777608587476695
-0.17632847703882842
-0.1763284770388284
-0.16824530484946038
-0.16824530484946035
-0.1647358987860665
-0.1647358987860661
-0.15680111525375587
-0.15680111525375534
-0.14315582674957422
-0.14315582674957406
-0.138126246947132
-0.138126246947132
-0.13587802690348783
-0.13587802690348755
-0.034177962709797165
-0.034177962709797
-0.010061585576384563
-0.010061585576384304
0.010061585576384193
0.010061585576384384
0.03417796270979697
0.03417796270979717
0.13587802690348771
0.1358780269034878
0.138126246947132
0.13812624694713216
0.14315582674957394
0.1431558267495741
0.15680111525375556
0.1568011152537556
0.16473589878606615
0.16473589878606631
0.1682453048494603
0.16824530484946051
0.17632847703882826
0.17632847703882842
0.17776085874766953
0.17776085874766953
0.4641556214570886
0.46415562145708883
0.46874959645054803
0.46874959645054814
0.5043244129849197
0.5043244129849197
0.5161492583739401
0.5161492583739402
0.5426440037869832
0.5426440037869834
0.5761607960968498
0.5761607960968501
0.58571983895465
0.5857198389546502
0.5947471479521153
0.5947471479521154
0.6337978728236131
0.6337978728236131
0.654241919558464
0.6542419195584644
0.6943033423273843
0.6943033423273847
0.7028279452441235
0.7028279452441235
0.7085934710846581
0.7085934710846583
0.7365349399243347
0.7365349399243347
0.7483396909966207
0.748339690996621
0.751319063462556
0.7513190634625564
0.7620842862887565
0.7620842862887566
0.7680961734076571
0.7680961734076572
0.7791040720592749
0.7791040720592757
0.7807159951096446
0.7807159951096453
0.7971655292283112
0.7971655292283112
0.7978815134142742
0.7978815134142743
0.8052705133286676
0.8052705133286681
0.8075590049950518
0.8075590049950522
0.8123286855812007
0.8123286855812009
0.8158040602773595
0.8158040602773599
0.8272015844122015
0.8272015844122023
0.8276213622697192
0.8276213622697193
0.8480215161859832
0.8480215161859836
0.8578651039721659
0.8578651039721663
0.8881288743437377
0.8881288743437378
0.8912730068415717
0.8912730068415718
0.9030785610438633
0.9030785610438635
0.9053653181000415
0.9053653181000415
0.9163462128334018
0.9163462128334025
0.9258945684384867
0.9258945684384873
0.927703106835287
0.927703106835287
0.9352012109510119
0.9352012109510122
0.936492993436708
0.9364929934367082
0.9399372089041643
0.9399372089041653
0.9580330790625191
0.9580330790625191
0.9589767900143593
0.9589767900143595
0.9663027992848229
0.9663027992848232
0.9789489994733019
0.9789489994733025
0.9994490119104779
0.9994490119104784
1.0077317136067894
1.0077317136067894
1.0318929868025128
1.031892986802513
1.0370701532549798
1.0370701532549806
1.05263939966434
1.0526393996643402
1.0586007027293016
1.0586007027293023
1.0748610739343616
1.0748610739343618
1.078385995942788
1.0783859959427888
1.0802054181954572
1.0802054181954577
1.0822770391172871
1.0822770391172876
