-1.1025497141370184
-1.1025497141370182
-1.098475512019681
-1.0984755120196805
-1.0982607089231964
-1.0982607089231962
-1.0923754244861923
-1.092375424486192
-1.0731633450894031
-1.073163345089403
-1.065002177037661
-1.0650021770376603
-1.0629377758576322
-1.062937775857631
-1.0556358536838921
-1.0556358536838917
-1.038243283249436
-1.0382432832494355
-1.0312062157532464
-1.0312062157532458
-1.0294115653435836
-1.0294115653435825
-1.0183923294487784
-1.0183923294487778
-1.0094255464774804
-1.00942554647748
-1.0074512893768237
-1.0074512893768233
-0.9940724564950845
-0.9940724564950842
-0.9934374140977937
-0.9934374140977935
-0.9862446739434741
-0.986244673943474
-0.9848248875668835
-0.9848248875668834
-0.9718239704885441
-0.971823970488544
-0.9709373194977121
-0.9709373194977114
-0.9689412758310171
-0.9689412758310164
-0.9657643848026782
-0.9657643848026779
-0.9531699430722804
-0.9531699430722799
-0.9501917834043144
-0.950191783404314
-0.9417139536830146
-0.9417139536830138
-0.9362052539953846
-0.9362052539953836
-0.933817426656679
-0.9338174266566786
-0.9291886092594706
-0.92918860925947
-0.9169791261757271
-0.9169791261757266
-0.9120252786611734
-0.9120252786611731
-0.9035107088717519
-0.9035107088717518
-0.8980006462672188
-0.8980006462672184
-0.8973427062811414
-0.8973427062811407
-0.8911231694324983
-0.8911231694324981
-0.8829879133121656
-0.882987913312165
-0.8785937163908333
-0.8785937163908332
-0.8695931577768267
-0.8695931577768262
-0.8570780497931005
-0.8570780497931
-0.8526209621729612
-0.8526209621729604
-0.8505466031233879
-0.8505466031233874
-0.837611989298895
-0.8376119892988948
-0.8351527166073541
-0.8351527166073538
-0.8213474942550127
-0.8213474942550126
-0.816685336219078
-0.8166853362190777
-0.8144586463705672
-0.8144586463705669
-0.8126532490989078
-0.8126532490989076
-0.8006656037672166
-0.800665603767216
-0.7952997191031443
-0.7952997191031437
-0.7807226449466131
-0.7807226449466128
-0.7687814685538539
-0.7687814685538532
-0.7635271814826797
-0.7635271814826795
-0.7611036835608732
-0.7611036835608728
-0.7466528809791035
-0.7466528809791035
-0.7369737954385108
-0.7369737954385107
-0.7286740730878755
-0.728674073087875
-0.7250580833378015
-0.7250580833378011
-0.7080490996322086
-0.7080490996322083
-0.6982072450800367
-0.6982072450800363
-0.6932436860251289
-0.6932436860251283
-0.6803033735163799
-0.6803033735163799
-0.6595332007664843
-0.6595332007664843
-0.6478102938352371
-0.647810293835237
-0.6467923875884479
-0.6467923875884477
-0.639314627734273
-0.6393146277342727
0.6393146277342725
0.6393146277342727
0.6467923875884477
0.6467923875884478
0.6478102938352371
0.6478102938352372
0.659533200766484
0.659533200766484
0.6803033735163798
0.6803033735163801
0.6932436860251282
0.6932436860251288
0.6982072450800363
0.6982072450800368
0.7080490996322083
0.708049099632209
0.7250580833378014
0.7250580833378016
0.7286740730878754
0.7286740730878758
0.7369737954385108
0.7369737954385109
0.7466528809791035
0.7466528809791037
0.7611036835608723
0.7611036835608724
0.7635271814826793
0.7635271814826802
0.7687814685538537
0.7687814685538541
0.7807226449466128
0.7807226449466135
0.7952997191031438
0.7952997191031441
0.8006656037672157
0.8006656037672166
0.8126532490989073
0.8126532490989077
0.8144586463705668
0.8144586463705678
0.8166853362190774
0.8166853362190781
0.8213474942550126
0.8213474942550126
0.835152716607354
0.8351527166073542
0.8376119892988948
0.8376119892988951
0.8505466031233873
0.8505466031233878
0.8526209621729601
0.852620962172961
0.8570780497930999
0.8570780497931002
0.8695931577768261
0.8695931577768264
0.8785937163908328
0.8785937163908333
0.8829879133121649
0.8829879133121653
0.8911231694324981
0.8911231694324984
0.897342706281141
0.8973427062811411
0.8980006462672184
0.8980006462672184
0.9035107088717517
0.9035107088717523
0.9120252786611729
0.9120252786611734
0.9169791261757267
0.916979126175727
0.9291886092594703
0.9291886092594704
0.9338174266566784
0.9338174266566787
0.9362052539953837
0.9362052539953845
0.9417139536830138
0.941713953683014
0.950191783404314
0.9501917834043146
0.9531699430722798
0.9531699430722802
0.965764384802678
0.9657643848026781
0.9689412758310163
0.9689412758310172
0.9709373194977114
0.9709373194977127
0.9718239704885442
0.9718239704885445
0.9848248875668834
0.9848248875668838
0.9862446739434731
0.9862446739434739
0.9934374140977936
0.9934374140977937
0.9940724564950844
0.9940724564950845
1.0074512893768235
1.0074512893768237
1.0094255464774804
1.009425546477481
1.0183923294487782
1.0183923294487789
1.0294115653435827
1.0294115653435831
1.0312062157532456
1.0312062157532462
1.0382432832494348
1.0382432832494357
1.0556358536838917
1.0556358536838926
1.062937775857631
1.0629377758576322
1.0650021770376605
1.065002177037661
1.073163345089403
1.073163345089403
1.0923754244861923
1.0923754244861923
1.098260708923196
1.098260708923196
1.0984755120196803
1.0984755120196803
1.1025497141370184
1.1025497141370186
