-1.2218391123569239
-1.2218391123569234
-1.2202604418826104
-1.2202604418826097
-1.2183596925464777
-1.2183596925464775
-1.215787991793351
-1.215787991793351
-1.2021323261990446
-1.2021323261990442
-1.1973855139090928
-1.1973855139090928
-1.1823631889503712
-1.182363188950371
-1.1779139585873526
-1.1779139585873517
-1.1559519779101506
-1.1559519779101501
-1.149341041494384
-1.1493410414943839
-1.1312297435839784
-1.1312297435839784
-1.1210770828260233
-1.1210770828260228
-1.112363894385192
-1.1123638943851917
-1.1106387357571452
-1.110638735757145
-1.0977268495474415
-1.097726849547441
-1.0905899795322274
-1.0905899795322274
-1.0904371188042297
-1.0904371188042297
-1.0868959975922503
-1.0868959975922496
-1.0861373696828904
-1.08613736968289
-1.0756121076781047
-1.0756121076781042
-1.066159983016675
-1.0661599830166746
-1.063964386083191
-1.0639643860831909
-1.0527161117945973
-1.0527161117945971
-1.0465491892127927
-1.046549189212792
-1.0241192567473476
-1.0241192567473476
-1.0168426114195528
-1.0168426114195526
-0.9889593705607967
-0.9889593705607963
-0.9851985113110637
-0.9851985113110637
-0.9601611041393203
-0.9601611041393199
-0.9587987642477712
-0.9587987642477703
-0.9549416827793024
-0.9549416827793017
-0.9501752801221268
-0.9501752801221267
-0.9439063706932792
-0.9439063706932791
-0.9428380980883838
-0.9428380980883837
-0.9203745538872593
-0.9203745538872592
-0.9193043579498035
-0.9193043579498024
-0.9006230350387342
-0.900623035038734
-0.8945087080663611
-0.8945087080663608
-0.8691648024847785
-0.8691648024847785
-0.8622464792252788
-0.8622464792252788
-0.86015440120148
-0.8601544012014798
-0.831284828121478
-0.8312848281214779
-0.8139892720891985
-0.8139892720891985
-0.8034346847190439
-0.8034346847190438
-0.7585746858943965
-0.758574685894396
-0.7454445898571462
-0.745444589857146
-0.7038731381581944
-0.7038731381581942
-0.6995158626647143
-0.6995158626647139
-0.6927458023103402
-0.6927458023103399
-0.6710373740580128
-0.6710373740580128
-0.6404141957054563
-0.6404141957054557
-0.6339396966529361
-0.6339396966529357
-0.6011126469933578
-0.6011126469933574
-0.5988230923880641
-0.598823092388064
-0.13879886122219243
-0.13879886122219243
-0.1380965322159252
-0.13809653221592513
-0.13308138017544893
-0.13308138017544868
-0.13268637314709417
-0.13268637314709397
-0.12818564624276374
-0.12818564624276366
-0.12082372682212475
-0.1208237268221247
-0.12005842822393167
-0.12005842822393142
-0.11931772610534477
-0.11931772610534461
-0.014263346001529049
-0.014263346001528846
-0.0015513633710443713
-0.0015513633710442496
0.001551363371044303
0.0015513633710443895
0.014263346001528364
0.014263346001528477
0.11931772610534488
0.11931772610534488
0.12005842822393151
0.12005842822393158
0.12082372682212446
0.12082372682212476
0.12818564624276357
0.12818564624276374
0.13268637314709372
0.13268637314709422
0.13308138017544877
0.13308138017544902
0.13809653221592522
0.13809653221592524
0.13879886122219223
0.1387988612221923
0.5988230923880639
0.5988230923880647
0.6011126469933575
0.6011126469933579
0.6339396966529359
0.633939696652936
0.6404141957054562
0.6404141957054565
0.6710373740580132
0.6710373740580134
0.69274580231034
0.6927458023103401
0.6995158626647137
0.699515862664714
0.7038731381581943
0.7038731381581946
0.7454445898571462
0.7454445898571465
0.7585746858943959
0.7585746858943965
0.8034346847190437
0.803434684719044
0.8139892720891982
0.8139892720891988
0.831284828121478
0.831284828121479
0.86015440120148
0.8601544012014801
0.8622464792252791
0.8622464792252794
0.8691648024847782
0.8691648024847782
0.8945087080663612
0.8945087080663615
0.9006230350387334
0.9006230350387339
0.9193043579498028
0.919304357949803
0.9203745538872591
0.9203745538872593
0.9428380980883837
0.9428380980883844
0.9439063706932794
0.9439063706932799
0.9501752801221266
0.9501752801221267
0.9549416827793017
0.9549416827793021
0.9587987642477706
0.9587987642477708
0.96016110413932
0.9601611041393202
0.9851985113110634
0.9851985113110635
0.9889593705607963
0.9889593705607963
1.0168426114195523
1.0168426114195523
1.0241192567473472
1.0241192567473474
1.046549189212792
1.0465491892127923
1.052716111794597
1.0527161117945973
1.0639643860831909
1.063964386083191
1.0661599830166746
1.0661599830166748
1.0756121076781044
1.075612107678106
1.08613736968289
1.0861373696828902
1.0868959975922494
1.08689599759225
1.0904371188042294
1.0904371188042297
1.0905899795322271
1.0905899795322274
1.097726849547441
1.0977268495474415
1.110638735757145
1.1106387357571454
1.1123638943851917
1.1123638943851921
1.121077082826022
1.1210770828260221
1.131229743583978
1.1312297435839784
1.1493410414943839
1.149341041494384
1.15595197791015
1.1559519779101504
1.1779139585873522
1.1779139585873524
1.1823631889503703
1.1823631889503705
1.1973855139090928
1.1973855139090934
1.2021323261990449
1.202132326199045
1.2157879917933507
1.2157879917933512
1.2183596925464775
1.2183596925464775
1.2202604418826102
1.2202604418826106
1.2218391123569234
1.2218391123569239
