-8.001710523941158
-8.000572922526324
-7.992700363792918
-7.992679434975739
-7.981205599067194
-7.9810945993662745
-7.9687018925731525
-7.967591030047254
-7.893376681062959
-7.892605491132815
-7.8677110505261965
-7.86745710970056
-7.780196373698693
-7.7800571103008265
-7.755555465301457
-7.755138715613952
-7.630685811820773
-7.630137449702314
-7.5948905876774395
-7.594610902588108
-7.492920033531565
-7.492829088315817
-7.438187405999729
-7.437980476907965
-7.386202296905127
-7.385841098072143
-7.374895070360513
-7.374345138453904
-7.308001650157776
-7.307869001175281
-7.261309958172003
-7.261275681309305
-7.260446533279687
-7.260310215431952
-7.2463815047022155
-7.246265064126679
-7.243436330065022
-7.243396964322027
-7.181429794711771
-7.181409259323292
-7.130258504251109
-7.129542060831396
-7.11670707886139
-7.116463248181746
-7.05278467271922
-7.052626938003001
-7.014550785921336
-7.014485729450346
-6.894546215647174
-6.894207334055047
-6.857106821825629
-6.856535760082423
-6.702812054794266
-6.70249950516771
-6.681029646232746
-6.680857768163431
-6.543654141972819
-6.5433850191262515
-6.534756859855984
-6.5342147202670215
-6.496670251705648
-6.49608405298636
-6.480171945861294
-6.479761540007473
-6.44773640466235
-6.447373996310429
-6.4420594761140615
-6.441548164628133
-5.98803582980499
-5.987063416880894
-5.980809315169175
-5.979841479792696
-5.863629024511766
-5.862676053651074
-5.837115070632879
-5.836170480839208
-5.677650390206284
-5.676723276280314
-5.6502909828713594
-5.649406915234556
-5.637152784097207
-5.636233546124352
-5.510954495428726
-5.510069238300438
-5.365955328603847
-5.36500468869635
-5.3155602457410405
-5.314615366975406
-5.0481487711728015
-5.047212137641143
-4.987745305373573
-4.986810659372871
-4.7392687672226455
-4.738349917776124
-4.720527321422882
-4.719621147656748
-4.689208689349196
-4.6882707342306835
-4.588268412928286
-4.587362813462269
-4.401254915783217
-4.400298718123409
-4.372975803078273
-4.372023104695097
-4.1903310543637
-4.1893758269438495
-4.180776548235561
-4.179821710654478
-0.7475164406689971
-0.7474184178737102
-0.7440169833989431
-0.744015476581886
-0.7253191091825617
-0.7252932366378557
-0.7187093466921084
-0.718625254001976
-0.7027468146431353
-0.7027351725781398
-0.6719037458422767
-0.6718672011980381
-0.6717304430759499
-0.6716445717640485
-0.665401508022184
-0.6653824934986929
-0.0538765672297055
-0.05380881587795762
-0.004104818489725348
-0.002953352967246862
0.0029533529672473233
0.004104818489725532
0.0538088158779576
0.05387656722970548
0.6653824934986926
0.6654015080221838
0.6716445717640495
0.6717304430759503
0.6718672011980479
0.6719037458422785
0.7027351725781421
0.7027468146431337
0.7186252540019745
0.7187093466921085
0.7252932366378514
0.7253191091825589
0.744015476581883
0.7440169833989418
0.7474184178737119
0.7475164406689982
4.179821710654476
4.180776548235561
4.189375826943853
4.190331054363699
4.3720231046950975
4.372975803078273
4.400298718123412
4.401254915783217
4.587362813462271
4.588268412928284
4.6882707342306835
4.689208689349196
4.719621147656749
4.720527321422881
4.738349917776124
4.739268767222643
4.986810659372869
4.987745305373573
5.047212137641142
5.0481487711728
5.3146153669754055
5.315560245741038
5.36500468869635
5.365955328603847
5.510069238300439
5.510954495428721
5.636233546124348
5.63715278409721
5.649406915234557
5.650290982871357
5.676723276280315
5.677650390206286
5.836170480839205
5.837115070632875
5.862676053651074
5.863629024511765
5.979841479792696
5.9808093151691795
5.987063416880896
5.98803582980499
6.441548164628133
6.442059476114062
6.447373996310427
6.447736404662349
6.479761540007478
6.480171945861292
6.496084052986365
6.496670251705645
6.534214720267022
6.534756859855987
6.543385019126252
6.543654141972822
6.680857768163433
6.681029646232749
6.70249950516771
6.702812054794267
6.856535760082421
6.857106821825628
6.89420733405505
6.894546215647173
7.014485729450339
7.014550785921336
7.052626938003001
7.052784672719216
7.116463248181748
7.116707078861392
7.1295420608313975
7.1302585042511115
7.181409259323294
7.1814297947117645
7.243396964322025
7.243436330065028
7.246265064126684
7.24638150470221
7.260310215431957
7.2604465332796835
7.2612756813093
7.261309958171999
7.307869001175279
7.308001650157779
7.374345138453904
7.374895070360512
7.385841098072142
7.386202296905125
7.437980476907965
7.438187405999729
7.4928290883158155
7.4929200335315675
7.594610902588108
7.594890587677437
7.630137449702313
7.630685811820773
7.755138715613949
7.755555465301457
7.780057110300819
7.780196373698688
7.867457109700561
7.867711050526201
7.892605491132813
7.893376681062961
7.967591030047256
7.968701892573149
7.9810945993662745
7.981205599067192
7.992679434975741
7.992700363792919
8.000572922526326
8.00171052394116
