-8.144779988219586
-8.144779974185667
-8.123560066349912
-8.12356006626396
-8.123237794708926
-8.123237794513308
-8.09227085780086
-8.0922708437525
-7.9981886630373165
-7.998188649681809
-7.956829563503713
-7.95682956315344
-7.954737060704632
-7.954737059847713
-7.91726187700362
-7.9172618637695775
-7.835309320421533
-7.835309307781753
-7.803214208839737
-7.803214208260764
-7.802568195987361
-7.8025681942492
-7.751644246935336
-7.751644234527998
-7.70164078117855
-7.701640768245453
-7.680471608086188
-7.680471599377429
-7.642906589570956
-7.642906584159113
-7.639341129958547
-7.63934112934448
-7.586680152214368
-7.58668015206014
-7.582435027824395
-7.58243502750679
-7.516623472212547
-7.516623463270741
-7.510602796525615
-7.510602783677234
-7.506217490322873
-7.506217477274555
-7.497520446131347
-7.497520437248441
-7.421562385827615
-7.421562385024347
-7.415295694720552
-7.415295694153402
-7.365786197435495
-7.365786196559281
-7.350066556787045
-7.350066556471553
-7.335775601421039
-7.335775589461315
-7.31558494875454
-7.315584936234942
-7.250576348142468
-7.250576347631601
-7.241788602877372
-7.241788602228775
-7.1812370435347495
-7.181237042392887
-7.172370276112053
-7.172370273898381
-7.166736710988574
-7.166736710555599
-7.157176267772418
-7.157176266793013
-7.096281738123266
-7.096281736947428
-7.0890684930194565
-7.089068491952923
-7.032181325198232
-7.032181312232909
-6.986333439052103
-6.986333434232925
-6.975860428919203
-6.9758604208499815
-6.966486640592004
-6.966486640529311
-6.903839712974026
-6.903839712099592
-6.901749822190966
-6.901749821849127
-6.8194561497291595
-6.819456139704935
-6.807995741081158
-6.807995728796185
-6.80342592309793
-6.803425910476426
-6.796700778272815
-6.796700768493032
-6.730112165526257
-6.730112164774205
-6.71981346034582
-6.719813459965582
-6.643334803160817
-6.643334801763169
-6.613035160798212
-6.613035160165607
-6.5927341715460726
-6.592734159641752
-6.577884874646945
-6.577884862068709
-6.5097193205390385
-6.509719307774741
-6.464149200927979
-6.464149200275311
-6.4494190864516
-6.44941908485137
-6.424503919672757
-6.424503907114975
-6.344143223539056
-6.344143210305994
-6.299368576704002
-6.299368576526623
-6.290138685668974
-6.290138685039035
-6.2365516817126565
-6.236551668177827
-6.1382243478568
-6.138224333830636
-6.0926105441413
-6.092610544075379
-6.091422232162657
-6.091422231929088
-6.061896263184155
-6.061896249220048
6.061896249220052
6.061896263184153
6.091422231929088
6.0914222321626506
6.092610544075377
6.0926105441413
6.138224333830636
6.138224347856797
6.236551668177827
6.236551681712653
6.290138685039037
6.290138685668977
6.299368576526622
6.299368576704003
6.344143210305991
6.344143223539056
6.424503907114975
6.4245039196727545
6.449419084851372
6.4494190864515994
6.464149200275308
6.464149200927976
6.509719307774743
6.509719320539041
6.5778848620687125
6.577884874646941
6.592734159641754
6.592734171546073
6.613035160165604
6.613035160798207
6.643334801763163
6.643334803160816
6.719813459965581
6.719813460345827
6.730112164774209
6.730112165526257
6.796700768493034
6.796700778272816
6.803425910476424
6.803425923097932
6.807995728796186
6.807995741081155
6.8194561397049345
6.81945614972916
6.901749821849125
6.901749822190966
6.90383971209959
6.903839712974023
6.96648664052931
6.966486640592004
6.975860420849983
6.975860428919204
6.986333434232927
6.9863334390521015
7.03218131223291
7.032181325198232
7.089068491952923
7.089068493019457
7.096281736947427
7.096281738123264
7.157176266793013
7.157176267772419
7.1667367105555995
7.166736710988576
7.172370273898384
7.172370276112055
7.18123704239289
7.1812370435347495
7.2417886022287785
7.241788602877374
7.250576347631602
7.25057634814247
7.315584936234942
7.315584948754542
7.335775589461316
7.335775601421039
7.3500665564715515
7.350066556787046
7.365786196559283
7.365786197435494
7.415295694153405
7.4152956947205535
7.42156238502435
7.421562385827618
7.497520437248442
7.4975204461313485
7.506217477274555
7.506217490322872
7.5106027836772284
7.510602796525612
7.51662346327074
7.516623472212547
7.582435027506791
7.5824350278243955
7.586680152060139
7.58668015221437
7.639341129344479
7.639341129958547
7.642906584159114
7.642906589570956
7.6804715993774275
7.680471608086194
7.701640768245455
7.701640781178546
7.751644234528001
7.751644246935338
7.802568194249201
7.8025681959873605
7.803214208260766
7.803214208839737
7.835309307781757
7.835309320421532
7.9172618637695775
7.917261877003615
7.954737059847711
7.954737060704634
7.956829563153442
7.956829563503714
7.998188649681805
7.998188663037315
8.092270843752502
8.092270857800854
8.123237794513312
8.123237794708922
8.123560066263957
8.123560066349912
8.144779974185669
8.14477998821958
