-2.5803954747645004
-2.580395474764499
-2.5700600570063834
-2.5700600570063816
-2.567298806593054
-2.567298806593053
-2.551755623914956
-2.551755623914956
-2.493888611038047
-2.4938886110380465
-2.470543590290956
-2.470543590290953
-2.4421061072352575
-2.4421061072352552
-2.4230096903484464
-2.4230096903484446
-2.3587569118058047
-2.358756911805804
-2.3292664923388897
-2.3292664923388897
-2.2834177812863192
-2.283417781286319
-2.2664691129941823
-2.2664691129941823
-2.263305913856286
-2.263305913856285
-2.2206225702178863
-2.220622570217886
-2.2045615598163217
-2.2045615598163217
-2.1777289079201396
-2.177728907920139
-2.151238700681186
-2.1512387006811857
-2.1327442195266357
-2.1327442195266357
-2.1233792152375135
-2.123379215237513
-2.099381939073635
-2.099381939073635
-2.0944991579484475
-2.0944991579484467
-2.0943034342962235
-2.0943034342962226
-2.072528281383868
-2.0725282813838675
-2.042491962488008
-2.042491962488008
-2.015890195374782
-2.0158901953747814
-2.011177185845245
-2.0111771858452445
-1.9958740767897725
-1.9958740767897714
-1.9603728715489885
-1.9603728715489883
-1.9438915117088051
-1.9438915117088047
-1.9209160834599568
-1.9209160834599568
-1.898791172534565
-1.8987911725345648
-1.8731495877380544
-1.873149587738053
-1.835048572301593
-1.8350485723015928
-1.8056790287440059
-1.8056790287440045
-1.788168276446159
-1.788168276446159
-1.7705880172481494
-1.7705880172481494
-1.756952253748121
-1.7569522537481197
-1.6990909454258591
-1.6990909454258587
-1.6423309307518923
-1.64233093075189
-1.6340385754540725
-1.6340385754540723
-1.6098095185192687
-1.6098095185192678
-1.5635821096258518
-1.5635821096258518
-1.5557067204323383
-1.5557067204323378
-1.5371312325188566
-1.5371312325188564
-1.5157304648760568
-1.5157304648760563
-1.5029003652310966
-1.502900365231096
-1.4644675184727927
-1.4644675184727922
-1.3988587950892128
-1.3988587950892124
-1.373192622434047
-1.3731926224340463
-1.2837711997702095
-1.283771199770209
-1.266525293430503
-1.2665252934305027
-1.2228702333726655
-1.2228702333726653
-1.1639481564306196
-1.1639481564306187
-1.1440321937211206
-1.1440321937211204
-0.9847081469198165
-0.9847081469198162
-0.974963233456441
-0.9749632334564405
-0.9299588070201548
-0.9299588070201545
-0.8906259548966257
-0.8906259548966249
-0.8474275765857543
-0.8474275765857534
-0.7880316136524661
-0.7880316136524657
-0.7208138794638907
-0.7208138794638907
-0.6594202530594705
-0.6594202530594703
-0.6088085815149076
-0.6088085815149074
-0.5578913192956763
-0.5578913192956758
0.5578913192956751
0.5578913192956763
0.6088085815149075
0.6088085815149092
0.659420253059469
0.6594202530594696
0.72081387946389
0.720813879463891
0.7880316136524658
0.7880316136524663
0.8474275765857536
0.8474275765857547
0.8906259548966255
0.890625954896626
0.9299588070201543
0.9299588070201552
0.9749632334564412
0.9749632334564413
0.984708146919817
0.984708146919817
1.144032193721121
1.1440321937211215
1.163948156430619
1.163948156430619
1.222870233372665
1.222870233372665
1.266525293430503
1.2665252934305031
1.283771199770209
1.2837711997702101
1.373192622434047
1.3731926224340472
1.3988587950892133
1.398858795089214
1.4644675184727929
1.4644675184727929
1.502900365231096
1.502900365231096
1.515730464876057
1.5157304648760577
1.5371312325188566
1.5371312325188575
1.5557067204323387
1.5557067204323392
1.5635821096258522
1.5635821096258522
1.6098095185192673
1.6098095185192678
1.6340385754540723
1.6340385754540723
1.6423309307518907
1.6423309307518923
1.6990909454258591
1.6990909454258603
1.7569522537481204
1.756952253748121
1.770588017248148
1.7705880172481487
1.7881682764461584
1.788168276446159
1.8056790287440054
1.8056790287440059
1.8350485723015926
1.8350485723015928
1.8731495877380528
1.8731495877380535
1.8987911725345643
1.898791172534566
1.9209160834599566
1.9209160834599575
1.9438915117088045
1.9438915117088047
1.9603728715489879
1.9603728715489888
1.9958740767897716
1.995874076789772
2.0111771858452427
2.011177185845244
2.0158901953747814
2.015890195374782
2.0424919624880076
2.0424919624880076
2.072528281383866
2.0725282813838675
2.0943034342962217
2.094303434296223
2.0944991579484453
2.094499157948447
2.099381939073636
2.099381939073636
2.123379215237513
2.1233792152375135
2.1327442195266357
2.1327442195266357
2.151238700681186
2.1512387006811866
2.1777289079201374
2.1777289079201383
2.2045615598163217
2.2045615598163217
2.2206225702178863
2.220622570217887
2.263305913856286
2.2633059138562874
2.266469112994181
2.2664691129941814
2.2834177812863174
2.2834177812863174
2.3292664923388884
2.329266492338889
2.3587569118058025
2.358756911805804
2.423009690348444
2.423009690348448
2.442106107235255
2.4421061072352557
2.470543590290953
2.470543590290953
2.4938886110380465
2.493888611038047
2.551755623914956
2.5517556239149566
2.5672988065930538
2.567298806593054
2.570060057006382
2.5700600570063825
2.580395474764499
2.5803954747645004
