-1.160114158251958
-1.1601141582519578
-1.1407614807352637
-1.1407614807352637
-1.1407614807352626
-1.1407614807352622
-1.1210747752411387
-1.1210747752411385
-1.1102097285909152
-1.1102097285909147
-1.1102097285909145
-1.1102097285909145
-1.0899713469676962
-1.0899713469676957
-1.0899713469676957
-1.0899713469676957
-1.0710360513893211
-1.0710360513893205
-1.0710360513893205
-1.07103605138932
-1.0579538849775898
-1.0579538849775896
-1.0500429129936972
-1.050042912993697
-1.050042912993697
-1.050042912993697
-1.0268773743067185
-1.0268773743067183
-1.0268773743067179
-1.0268773743067177
-1.0167689042535144
-1.0167689042535144
-1.0167689042535142
-1.0167689042535137
-1.0049622070584154
-1.0049622070584154
-1.0049622070584154
-1.0049622070584152
-0.98241051541583
-0.982410515415829
-0.9824105154158289
-0.9824105154158289
-0.9738437177363759
-0.9738437177363756
-0.9701432487753157
-0.9701432487753153
-0.9701432487753153
-0.9701432487753149
-0.9594802324968741
-0.959480232496874
-0.959480232496874
-0.9594802324968735
-0.9432441965351739
-0.9432441965351739
-0.9432441965351736
-0.9432441965351734
-0.9250570280053219
-0.9250570280053219
-0.9250570280053217
-0.9250570280053213
-0.9229470201917661
-0.9229470201917654
-0.9229470201917652
-0.922947020191765
-0.9193375386929153
-0.919337538692915
-0.9193375386929149
-0.9193375386929148
-0.9156287038426483
-0.9156287038426478
-0.9156287038426476
-0.9156287038426475
-0.8909813797455184
-0.8909813797455183
-0.8909813797455182
-0.8909813797455175
-0.881141529822848
-0.8811415298228478
-0.8811415298228475
-0.8811415298228468
-0.8754334834803694
-0.8754334834803693
-0.8754334834803686
-0.8754334834803683
-0.8735498975728123
-0.8735498975728122
-0.8515143595863964
-0.8515143595863963
-0.8515143595863962
-0.851514359586396
-0.8312418285290172
-0.8312418285290171
-0.831241828529017
-0.831241828529017
-0.8208183127136031
-0.8208183127136026
-0.8208183127136025
-0.8208183127136025
-0.8203245908036821
-0.820324590803682
-0.820324590803682
-0.820324590803682
-0.7997682705006156
-0.7997682705006156
-0.7997682705006153
-0.7997682705006152
-0.7927195784323038
-0.7927195784323038
-0.7927195784323036
-0.7927195784323033
-0.7735126993034418
-0.7735126993034416
-0.7735126993034415
-0.7735126993034411
-0.7644579657656403
-0.7644579657656403
-0.7480863690500531
-0.748086369050053
-0.748086369050053
-0.7480863690500527
-0.7395865094679449
-0.7395865094679448
-0.7395865094679446
-0.7395865094679444
-0.7134249609596167
-0.7134249609596165
-0.7134249609596164
-0.7134249609596164
-0.6886114996688684
-0.6886114996688679
-0.6886114996688678
-0.6886114996688677
-0.6764920427643721
-0.6764920427643721
-0.6764920427643721
-0.6764920427643715
-0.6584484553994502
-0.6584484553994496
-0.6182399836804509
-0.6182399836804503
-0.6182399836804503
-0.6182399836804502
-0.6176930596693154
-0.6176930596693152
-0.617693059669315
-0.6176930596693149
-0.575227769170165
-0.5752277691701648
-0.5405534153996021
-0.5405534153996017
-0.5405534153996017
-0.5405534153996011
-0.46559337237321696
-0.46559337237321674
-0.4655933723732164
-0.46559337237321596
-0.4067474614563034
-0.40674746145630314
-0.4067474614563028
-0.4067474614563025
-9.153036789998887e-05
-9.153036789993842e-05
9.153036789957892e-05
9.153036789963029e-05
0.4067474614563028
0.4067474614563033
0.40674746145630347
0.4067474614563037
0.4655933723732165
0.46559337237321663
0.46559337237321696
0.465593372373217
0.5405534153996009
0.5405534153996014
0.5405534153996016
0.5405534153996018
0.5752277691701653
0.575227769170166
0.6176930596693149
0.6176930596693151
0.6176930596693151
0.6176930596693153
0.6182399836804491
0.6182399836804502
0.6182399836804503
0.6182399836804504
0.6584484553994496
0.6584484553994506
0.6764920427643715
0.6764920427643719
0.6764920427643722
0.6764920427643727
0.6886114996688675
0.6886114996688679
0.6886114996688683
0.6886114996688684
0.7134249609596167
0.7134249609596168
0.7134249609596168
0.7134249609596173
0.7395865094679445
0.7395865094679447
0.7395865094679451
0.7395865094679452
0.7480863690500529
0.7480863690500529
0.7480863690500533
0.7480863690500534
0.7644579657656397
0.7644579657656398
0.773512699303441
0.7735126993034412
0.7735126993034414
0.7735126993034425
0.7927195784323035
0.7927195784323036
0.7927195784323038
0.7927195784323045
0.7997682705006153
0.7997682705006154
0.7997682705006154
0.7997682705006165
0.820324590803682
0.820324590803682
0.8203245908036823
0.8203245908036823
0.8208183127136023
0.8208183127136025
0.8208183127136031
0.8208183127136031
0.8312418285290165
0.8312418285290171
0.8312418285290172
0.8312418285290175
0.8515143595863961
0.8515143595863961
0.8515143595863962
0.8515143595863962
0.8735498975728121
0.8735498975728127
0.8754334834803681
0.8754334834803685
0.8754334834803689
0.8754334834803691
0.8811415298228475
0.8811415298228478
0.8811415298228481
0.8811415298228482
0.8909813797455182
0.8909813797455182
0.8909813797455183
0.8909813797455186
0.9156287038426473
0.9156287038426475
0.9156287038426476
0.9156287038426477
0.9193375386929138
0.9193375386929142
0.9193375386929143
0.9193375386929143
0.922947020191764
0.9229470201917642
0.922947020191765
0.922947020191765
0.9250570280053213
0.9250570280053216
0.9250570280053217
0.9250570280053219
0.9432441965351737
0.9432441965351737
0.943244196535174
0.9432441965351741
0.9594802324968736
0.959480232496874
0.959480232496874
0.9594802324968742
0.9701432487753141
0.9701432487753153
0.9701432487753155
0.9701432487753159
0.9738437177363752
0.9738437177363758
0.9824105154158289
0.9824105154158289
0.982410515415829
0.9824105154158291
1.0049622070584148
1.004962207058415
1.004962207058415
1.004962207058415
1.0167689042535129
1.016768904253513
1.0167689042535137
1.0167689042535137
1.026877374306718
1.0268773743067183
1.0268773743067188
1.026877374306719
1.0500429129936968
1.0500429129936968
1.050042912993697
1.0500429129936972
1.0579538849775907
1.057953884977591
1.0710360513893191
1.07103605138932
1.0710360513893202
1.0710360513893207
1.0899713469676957
1.0899713469676957
1.0899713469676966
1.0899713469676968
1.110209728590914
1.110209728590915
1.1102097285909154
1.1102097285909156
1.1210747752411383
1.1210747752411392
1.1407614807352617
1.1407614807352626
1.1407614807352628
1.1407614807352635
1.1601141582519572
1.1601141582519576
