-1.1613424328235251
-1.161342432823525
-1.1437990057673324
-1.143799005767332
-1.1437990057673317
-1.1437990057673315
-1.1259822755764008
-1.1259822755764006
-1.1161085674587634
-1.1161085674587634
-1.1161085674587627
-1.1161085674587627
-1.0978425450276217
-1.0978425450276212
-1.0978425450276212
-1.0978425450276212
-1.0805775727813602
-1.0805775727813594
-1.0805775727813594
-1.0805775727813594
-1.0689623110443331
-1.0689623110443327
-1.0617004333219096
-1.0617004333219084
-1.0617004333219084
-1.0617004333219082
-1.0403722570110923
-1.0403722570110923
-1.0403722570110918
-1.0403722570110912
-1.031809080632868
-1.0318090806328677
-1.0318090806328672
-1.0318090806328666
-1.0207518564647466
-1.0207518564647464
-1.0207518564647462
-1.0207518564647458
-0.9993746660311464
-0.9993746660311454
-0.9993746660311453
-0.999374666031145
-0.9932671017000644
-0.9932671017000642
-0.9896244344380055
-0.9896244344380052
-0.9896244344380051
-0.9896244344380051
-0.978932910072359
-0.9789329100723589
-0.9789329100723587
-0.9789329100723585
-0.9618644112972161
-0.961864411297216
-0.9618644112972159
-0.9618644112972156
-0.949371411872058
-0.949371411872058
-0.9493714118720575
-0.9493714118720575
-0.9464310916190646
-0.9464310916190637
-0.9464310916190637
-0.9464310916190637
-0.9406078168067789
-0.9406078168067781
-0.940607816806778
-0.9406078168067777
-0.9319503159846729
-0.9319503159846727
-0.9319503159846723
-0.9319503159846723
-0.9128292804566381
-0.9128292804566377
-0.9128292804566369
-0.912829280456636
-0.9099952256917645
-0.9099952256917645
-0.9099952256917643
-0.9099952256917637
-0.9067332759960504
-0.9067332759960504
-0.9067332759960496
-0.9067332759960494
-0.9042573569656241
-0.904257356965624
-0.9042573569656238
-0.9042573569656235
-0.9033452385662103
-0.9033452385662095
-0.8904028383697213
-0.8904028383697211
-0.8904028383697208
-0.8904028383697206
-0.8749362717034428
-0.8749362717034427
-0.8749362717034425
-0.8749362717034421
-0.8626208844224282
-0.862620884422428
-0.862620884422428
-0.8626208844224273
-0.8558083371799758
-0.8558083371799753
-0.8558083371799751
-0.8558083371799748
-0.8545404515512256
-0.8545404515512253
-0.8545404515512252
-0.8545404515512246
-0.8291339071498184
-0.8291339071498178
-0.8291339071498176
-0.8291339071498173
-0.811690416724277
-0.8116904167242769
-0.8116904167242767
-0.8116904167242764
-0.8075821566754527
-0.8075821566754525
-0.8075821566754515
-0.8075821566754512
-0.8054707939666496
-0.8054707939666488
-0.7760087488848444
-0.7760087488848443
-0.7760087488848442
-0.7760087488848442
-0.758430367633405
-0.758430367633405
-0.7584303676334045
-0.7584303676334045
-0.7529379005873413
-0.7529379005873411
-0.7529379005873409
-0.7529379005873407
-0.7201144827680757
-0.7201144827680754
-0.7201144827680749
-0.7201144827680748
-0.7082725782944144
-0.7082725782944137
-0.6951911766466717
-0.6951911766466714
-0.6951911766466711
-0.6951911766466707
-0.6670819221861801
-0.6670819221861799
-0.6670819221861798
-0.6670819221861796
-0.6400970197576771
-0.6400970197576766
-0.6400970197576765
-0.6400970197576763
-0.6231745635465231
-0.6231745635465229
-0.5941989906137946
-0.5941989906137938
-0.5941989906137936
-0.5941989906137933
-0.5637360590218639
-0.5637360590218632
0.5637360590218631
0.5637360590218632
0.5941989906137929
0.5941989906137933
0.5941989906137933
0.5941989906137936
0.6231745635465225
0.6231745635465231
0.6400970197576761
0.6400970197576762
0.6400970197576767
0.6400970197576767
0.6670819221861797
0.6670819221861798
0.6670819221861801
0.6670819221861802
0.6951911766466704
0.6951911766466711
0.6951911766466717
0.695191176646672
0.7082725782944141
0.7082725782944144
0.7201144827680749
0.7201144827680749
0.7201144827680753
0.7201144827680759
0.7529379005873398
0.7529379005873406
0.7529379005873409
0.7529379005873412
0.7584303676334044
0.7584303676334047
0.758430367633405
0.7584303676334051
0.7760087488848436
0.7760087488848442
0.7760087488848442
0.7760087488848444
0.8054707939666494
0.8054707939666501
0.8075821566754504
0.8075821566754515
0.807582156675452
0.8075821566754522
0.8116904167242764
0.8116904167242766
0.8116904167242769
0.8116904167242772
0.8291339071498178
0.8291339071498178
0.8291339071498179
0.8291339071498182
0.8545404515512244
0.8545404515512247
0.8545404515512252
0.8545404515512254
0.855808337179975
0.8558083371799751
0.8558083371799753
0.8558083371799753
0.8626208844224277
0.862620884422428
0.862620884422428
0.8626208844224287
0.8749362717034423
0.8749362717034425
0.8749362717034425
0.8749362717034429
0.8904028383697201
0.8904028383697205
0.8904028383697211
0.8904028383697213
0.9033452385662103
0.9033452385662107
0.9042573569656235
0.9042573569656243
0.9042573569656243
0.9042573569656245
0.9067332759960495
0.9067332759960498
0.9067332759960505
0.9067332759960507
0.9099952256917638
0.9099952256917642
0.9099952256917644
0.9099952256917644
0.9128292804566369
0.9128292804566369
0.9128292804566371
0.9128292804566378
0.9319503159846723
0.9319503159846726
0.9319503159846727
0.9319503159846727
0.9406078168067781
0.9406078168067781
0.9406078168067785
0.9406078168067789
0.9464310916190637
0.9464310916190637
0.9464310916190641
0.9464310916190647
0.9493714118720575
0.9493714118720579
0.949371411872058
0.9493714118720582
0.9618644112972159
0.961864411297216
0.9618644112972161
0.9618644112972161
0.9789329100723588
0.9789329100723589
0.9789329100723593
0.9789329100723594
0.9896244344380049
0.989624434438005
0.9896244344380052
0.9896244344380056
0.9932671017000644
0.9932671017000644
0.9993746660311454
0.9993746660311457
0.9993746660311459
0.9993746660311466
1.0207518564647466
1.0207518564647466
1.0207518564647469
1.020751856464747
1.0318090806328677
1.0318090806328681
1.0318090806328681
1.0318090806328681
1.0403722570110918
1.0403722570110923
1.0403722570110925
1.0403722570110927
1.0617004333219084
1.0617004333219087
1.0617004333219087
1.0617004333219087
1.0689623110443318
1.068962311044332
1.0805775727813591
1.0805775727813594
1.0805775727813596
1.0805775727813605
1.097842545027621
1.0978425450276215
1.0978425450276217
1.0978425450276221
1.1161085674587625
1.1161085674587627
1.116108567458763
1.1161085674587634
1.1259822755764008
1.1259822755764008
1.1437990057673297
1.1437990057673308
1.1437990057673317
1.1437990057673317
1.1613424328235238
1.1613424328235242
