-1.1601141582519583
-1.160114158251958
-1.140761480735263
-1.140761480735263
-1.1407614807352628
-1.1407614807352622
-1.1210747752411396
-1.1210747752411394
-1.1102097285909163
-1.1102097285909152
-1.1102097285909152
-1.1102097285909147
-1.0899713469676957
-1.0899713469676955
-1.0899713469676953
-1.0899713469676953
-1.0710360513893211
-1.071036051389321
-1.0710360513893207
-1.0710360513893202
-1.05795388497759
-1.05795388497759
-1.0500429129936972
-1.050042912993697
-1.0500429129936963
-1.0500429129936963
-1.0268773743067188
-1.0268773743067188
-1.0268773743067185
-1.0268773743067183
-1.0167689042535148
-1.0167689042535144
-1.0167689042535142
-1.0167689042535137
-1.0049622070584154
-1.0049622070584154
-1.0049622070584152
-1.0049622070584143
-0.9824105154158292
-0.9824105154158291
-0.9824105154158291
-0.9824105154158287
-0.9738437177363755
-0.9738437177363755
-0.970143248775316
-0.9701432487753155
-0.9701432487753155
-0.9701432487753152
-0.9594802324968742
-0.959480232496874
-0.9594802324968736
-0.9594802324968736
-0.943244196535174
-0.9432441965351739
-0.9432441965351736
-0.9432441965351734
-0.9250570280053216
-0.9250570280053216
-0.9250570280053215
-0.9250570280053213
-0.9229470201917649
-0.9229470201917647
-0.9229470201917647
-0.9229470201917637
-0.9193375386929142
-0.9193375386929142
-0.9193375386929141
-0.9193375386929137
-0.9156287038426479
-0.9156287038426478
-0.9156287038426475
-0.9156287038426474
-0.8909813797455188
-0.8909813797455183
-0.8909813797455183
-0.8909813797455183
-0.881141529822848
-0.881141529822848
-0.8811415298228479
-0.8811415298228477
-0.8754334834803696
-0.8754334834803693
-0.8754334834803688
-0.8754334834803685
-0.8735498975728123
-0.8735498975728121
-0.8515143595863969
-0.8515143595863964
-0.8515143595863963
-0.8515143595863958
-0.8312418285290172
-0.831241828529017
-0.8312418285290166
-0.8312418285290165
-0.8208183127136033
-0.8208183127136032
-0.8208183127136026
-0.8208183127136024
-0.8203245908036825
-0.8203245908036821
-0.820324590803682
-0.8203245908036819
-0.7997682705006156
-0.7997682705006155
-0.7997682705006154
-0.7997682705006153
-0.7927195784323039
-0.7927195784323036
-0.7927195784323036
-0.7927195784323035
-0.7735126993034418
-0.7735126993034417
-0.7735126993034416
-0.773512699303441
-0.7644579657656406
-0.7644579657656406
-0.748086369050053
-0.748086369050053
-0.7480863690500527
-0.7480863690500527
-0.7395865094679446
-0.7395865094679446
-0.7395865094679446
-0.7395865094679442
-0.7134249609596176
-0.7134249609596174
-0.713424960959617
-0.7134249609596168
-0.6886114996688684
-0.6886114996688683
-0.6886114996688678
-0.6886114996688677
-0.6764920427643724
-0.6764920427643721
-0.6764920427643719
-0.6764920427643717
-0.6584484553994504
-0.6584484553994501
-0.6182399836804502
-0.6182399836804501
-0.6182399836804499
-0.6182399836804494
-0.6176930596693152
-0.617693059669315
-0.6176930596693148
-0.6176930596693146
-0.5752277691701662
-0.5752277691701656
-0.5405534153996017
-0.5405534153996014
-0.5405534153996013
-0.5405534153996013
-0.4655933723732179
-0.4655933723732172
-0.46559337237321674
-0.46559337237321635
-0.4067474614563031
-0.4067474614563031
-0.4067474614563031
-0.40674746145630297
-9.153036790006444e-05
-9.153036789945367e-05
9.153036789915351e-05
9.153036790015518e-05
0.4067474614563026
0.4067474614563029
0.40674746145630297
0.406747461456303
0.46559337237321635
0.4655933723732164
0.46559337237321646
0.4655933723732167
0.5405534153996008
0.5405534153996012
0.5405534153996014
0.5405534153996018
0.5752277691701649
0.5752277691701656
0.6176930596693143
0.6176930596693144
0.6176930596693148
0.6176930596693149
0.6182399836804495
0.6182399836804503
0.6182399836804504
0.6182399836804506
0.6584484553994496
0.6584484553994501
0.6764920427643716
0.6764920427643716
0.6764920427643717
0.676492042764372
0.6886114996688674
0.6886114996688679
0.688611499668868
0.688611499668868
0.7134249609596168
0.7134249609596168
0.713424960959617
0.7134249609596172
0.7395865094679446
0.7395865094679448
0.7395865094679451
0.7395865094679451
0.7480863690500529
0.7480863690500531
0.7480863690500531
0.7480863690500533
0.7644579657656402
0.7644579657656404
0.7735126993034408
0.7735126993034414
0.7735126993034415
0.7735126993034416
0.7927195784323031
0.7927195784323038
0.7927195784323038
0.7927195784323041
0.7997682705006148
0.7997682705006156
0.7997682705006156
0.7997682705006166
0.820324590803682
0.820324590803682
0.8203245908036821
0.8203245908036821
0.8208183127136023
0.8208183127136026
0.8208183127136027
0.8208183127136027
0.8312418285290164
0.8312418285290168
0.8312418285290172
0.8312418285290174
0.8515143595863961
0.8515143595863962
0.8515143595863962
0.851514359586397
0.8735498975728123
0.8735498975728125
0.8754334834803685
0.8754334834803688
0.8754334834803688
0.8754334834803693
0.8811415298228475
0.8811415298228478
0.8811415298228479
0.8811415298228484
0.8909813797455176
0.8909813797455184
0.8909813797455184
0.8909813797455184
0.9156287038426476
0.9156287038426477
0.9156287038426478
0.9156287038426486
0.9193375386929143
0.9193375386929143
0.9193375386929146
0.9193375386929148
0.9229470201917647
0.922947020191765
0.922947020191765
0.922947020191765
0.9250570280053216
0.9250570280053216
0.9250570280053217
0.925057028005322
0.9432441965351722
0.9432441965351734
0.9432441965351736
0.9432441965351743
0.9594802324968735
0.959480232496874
0.9594802324968742
0.9594802324968742
0.970143248775315
0.9701432487753154
0.9701432487753154
0.9701432487753157
0.9738437177363757
0.9738437177363758
0.9824105154158287
0.9824105154158288
0.982410515415829
0.9824105154158292
1.004962207058415
1.004962207058415
1.0049622070584152
1.0049622070584154
1.0167689042535133
1.0167689042535137
1.0167689042535137
1.0167689042535137
1.026877374306719
1.026877374306719
1.0268773743067192
1.0268773743067192
1.0500429129936961
1.0500429129936963
1.050042912993697
1.050042912993698
1.0579538849775907
1.057953884977591
1.0710360513893202
1.0710360513893207
1.071036051389321
1.0710360513893218
1.0899713469676957
1.089971346967696
1.089971346967696
1.0899713469676966
1.1102097285909145
1.1102097285909145
1.1102097285909147
1.1102097285909154
1.1210747752411387
1.121074775241139
1.1407614807352628
1.140761480735263
1.140761480735263
1.140761480735263
1.1601141582519578
1.160114158251958
