-8.426161103352253
-8.424746889794857
-8.338803218972046
-8.338788323852587
-8.337389085134422
-8.337374187488543
-8.250505372103722
-8.249091158546545
-8.201555760066297
-8.20151648179786
-8.200142095550117
-8.200102810510264
-8.111764090248831
-8.111739689258654
-8.11035008937994
-8.110325684135555
-8.026561381770199
-8.026489121634404
-8.025149022192409
-8.025076749339314
-7.9705833253929494
-7.969169111836142
-7.934789687553068
-7.934732245312851
-7.933376646390102
-7.933319193918575
-7.82993895718735
-7.829826804869772
-7.828529208591148
-7.828417036077077
-7.790402382218793
-7.790369283002291
-7.788988559127938
-7.788955453903386
-7.735835045013173
-7.735737584700595
-7.734424203187782
-7.734326725097171
-7.630646374937843
-7.630490282895177
-7.629240817984975
-7.629084697184434
-7.605920345059741
-7.604506131503477
-7.587662732016734
-7.587589455162121
-7.586250425315196
-7.5861771348187474
-7.534053614736616
-7.533912007878102
-7.532646523228089
-7.532504889917045
-7.448750053068379
-7.448550279992578
-7.4473500421328795
-7.44715023150117
-7.39812684085297
-7.398086541122342
-7.396713205569288
-7.396672898136667
-7.381832141203669
-7.381714428450069
-7.380422847279029
-7.380305112047784
-7.349767147567333
-7.3495815839182095
-7.348365181123538
-7.348179582070542
-7.30315848451874
-7.302920894565581
-7.301764398087307
-7.301526762770903
-7.209212096215311
-7.208948570333734
-7.2078226826260945
-7.2075591059441795
-7.2021749229223735
-7.2019512479171
-7.200778535010466
-7.200554816628391
-7.193647128865976
-7.19348505381138
-7.19224225091778
-7.192080144203959
-7.186870026612492
-7.186784999778137
-7.1854583802626255
-7.185373336723805
-7.184284301716556
-7.1828700881610335
-7.106893753152007
-7.106643910792843
-7.10550181262882
-7.105251921324774
-7.042783931908855
-7.042583300047839
-7.041384045129588
-7.041183373380123
-6.993440786419457
-6.993310943269705
-6.992032560402942
-6.991902691101726
-6.966545840943189
-6.966500921624243
-6.965132345651576
-6.965087417216702
-6.945316458576434
-6.945089303640886
-6.943920633907724
-6.943693433309379
-6.838162072521172
-6.837993146235292
-6.836758003677882
-6.836589042698658
-6.766821573508276
-6.76673144193053
-6.765410245039865
-6.765320094659571
-6.741732352820257
-6.740318139265663
-6.7377352076410775
-6.737539325703051
-6.736334648743151
-6.736138726077907
-6.60621833612914
-6.606088610207726
-6.604810100132256
-6.604680346550955
-6.535141036794655
-6.5350955948083245
-6.533727558581107
-6.533682106763987
-6.502210078337056
-6.502052954517562
-6.500804639259127
-6.500647481469485
-6.368698051227533
-6.368612623797129
-6.367286430252761
-6.36720098388293
-6.321755111281781
-6.320340897728259
-6.2607451685824484
-6.260631968852862
-6.259335506576149
-6.259222281352444
-6.14953934729498
-6.14949916706412
-6.148125709402428
-6.148085519932874
-6.037669201119609
-6.037601005627703
-6.0362566411327325
-6.036188429682042
-5.972318352418446
-5.970904138865991
-5.857064256165652
-5.857036144678338
-5.855650325500226
-5.855622207224958
-5.739467536129778
-5.73805332257814
5.73805332257814
5.739467536129778
5.855622207224958
5.855650325500225
5.8570361446783386
5.8570642561656525
5.970904138865985
5.9723183524184424
6.036188429682045
6.036256641132735
6.0376010056277005
6.037669201119607
6.148085519932875
6.148125709402431
6.149499167064121
6.149539347294981
6.259222281352442
6.259335506576148
6.260631968852863
6.2607451685824484
6.320340897728257
6.3217551112817825
6.367200983882929
6.367286430252761
6.3686126237971274
6.36869805122753
6.500647481469485
6.500804639259126
6.502052954517562
6.502210078337055
6.533682106763988
6.533727558581109
6.535095594808324
6.535141036794655
6.6046803465509525
6.604810100132254
6.606088610207726
6.606218336129139
6.736138726077909
6.736334648743154
6.737539325703052
6.737735207641079
6.740318139265663
6.741732352820253
6.765320094659568
6.765410245039862
6.766731441930532
6.766821573508276
6.836589042698661
6.836758003677885
6.837993146235291
6.83816207252117
6.943693433309379
6.943920633907723
6.945089303640886
6.945316458576433
6.965087417216701
6.965132345651577
6.966500921624243
6.966545840943188
6.991902691101725
6.992032560402942
6.993310943269706
6.993440786419455
7.041183373380123
7.041384045129588
7.0425833000478395
7.042783931908856
7.105251921324772
7.105501812628815
7.106643910792843
7.106893753152007
7.182870088161035
7.184284301716553
7.185373336723805
7.1854583802626255
7.1867849997781335
7.18687002661249
7.19208014420396
7.192242250917778
7.193485053811382
7.193647128865979
7.20055481662839
7.20077853501047
7.201951247917101
7.202174922922375
7.207559105944183
7.207822682626096
7.20894857033374
7.209212096215312
7.301526762770905
7.301764398087308
7.30292089456558
7.303158484518741
7.348179582070544
7.3483651811235395
7.349581583918208
7.349767147567332
7.380305112047787
7.380422847279031
7.381714428450066
7.381832141203666
7.396672898136668
7.396713205569289
7.39808654112234
7.398126840852967
7.447150231501168
7.447350042132879
7.4485502799925785
7.44875005306838
7.532504889917048
7.53264652322809
7.5339120078781034
7.534053614736616
7.586177134818744
7.586250425315193
7.587589455162123
7.5876627320167325
7.604506131503481
7.605920345059739
7.629084697184436
7.629240817984977
7.630490282895175
7.630646374937842
7.734326725097173
7.734424203187782
7.735737584700593
7.735835045013172
7.788955453903389
7.78898855912794
7.790369283002288
7.790402382218789
7.828417036077079
7.828529208591148
7.8298268048697715
7.829938957187348
7.933319193918581
7.933376646390107
7.934732245312855
7.934789687553072
7.969169111836146
7.97058332539295
8.025076749339313
8.025149022192407
8.026489121634404
8.026561381770199
8.110325684135555
8.110350089379942
8.111739689258654
8.111764090248831
8.200102810510264
8.200142095550115
8.201516481797862
8.201555760066292
8.249091158546543
8.25050537210372
8.337374187488543
8.33738908513442
8.33878832385259
8.338803218972048
8.424746889794857
8.426161103352248
