-8.417145201564766
-8.415730988007383
-8.31673251326892
-8.31671533281644
-8.315318405551748
-8.315301222177544
-8.215075184083453
-8.213660970526316
-8.159520911166112
-8.159475527089723
-8.158107430073537
-8.158062038133817
-8.055879969477967
-8.055851738346213
-8.054466040257454
-8.05443780416982
-7.9605573165097265
-7.960473721823006
-7.959145583624002
-7.9590619741097335
-7.8934459542527025
-7.892031740696004
-7.854291398485031
-7.85422486492934
-7.852878757141302
-7.8528122116169
-7.740420963893042
-7.740291358790978
-7.739012714543016
-7.738883085856632
-7.687599126020288
-7.687560733507534
-7.686185437318938
-7.686147037744769
-7.63109017645279
-7.630977438835341
-7.629680474888717
-7.629567716440939
-7.524333712630271
-7.524154485088907
-7.5229309209142885
-7.522751659951788
-7.476047172205809
-7.474632958649763
-7.4594117885545295
-7.4593269451410045
-7.458000130825336
-7.457915271352383
-7.411816133843566
-7.411653463871824
-7.410411324203804
-7.4102486233936435
-7.340316072939169
-7.3400904715629
-7.33891999471671
-7.338694350423111
-7.241196394925691
-7.2411497542991174
-7.23978295538411
-7.23973630565172
-7.234936444225047
-7.2348012323087225
-7.233528723685317
-7.233393485454844
-7.22493326152764
-7.2247238344291125
-7.223534663991882
-7.223325196343577
-7.215702740668839
-7.2154432235388
-7.214312572211063
-7.214053005071338
-7.0982946279071255
-7.098050948334453
-7.096901594541258
-7.096657867135679
-7.043361951767099
-7.043179416020916
-7.041959588380564
-7.041777016282556
-7.00973653931689
-7.009639089189639
-7.008325697772623
-7.008228228027477
-6.998420798510511
-6.997006584955359
-6.913398120652905
-6.913180821274982
-6.912000726641664
-6.911783383331106
-6.811831514523756
-6.811686103744086
-6.810424813039532
-6.810279372224449
-6.758651847356397
-6.758600747901426
-6.757238562822722
-6.7571874526801565
-6.677362845712797
-6.677182067109133
-6.6759602556317255
-6.67577943904624
-6.553168472227668
-6.553068860066911
-6.551757782679614
-6.551658149070573
-6.5100050069322695
-6.50859079337824
-6.413278647965129
-6.413143087922035
-6.411870962801172
-6.411735372996111
-6.296412265878713
-6.29636344293499
-6.2949989010048615
-6.2949500670992355
-6.15068560511384
-6.150600408652124
-6.1492739705076005
-6.149188754487813
-6.0752641783837555
-6.073849964830963
-5.952320429256784
-5.951320513684704
-5.951320512858803
-5.950320429256787
-5.9241000015360585
-5.924063438091825
-5.922686265199852
-5.922649693027925
-5.809435349104677
-5.808435435609488
-5.808435434763271
-5.807435349104681
-5.7689386900523605
-5.767524476500612
-5.582009138786772
-5.5810092288166535
-5.581009227935953
-5.58000913878677
-5.2868636282920685
-5.285863723348927
-5.285863722419052
-5.28486362829207
-4.949130778964854
-4.948130880509783
-4.94813087951644
-4.947130778964854
-4.603768658806222
-4.602768767970431
-4.602768766902552
-4.601768658806225
-4.2963604689377926
-4.29536058591461
-4.295360584770306
-4.294360468937796
-4.0797556373433554
-4.078755760532299
-4.078755759327225
-4.0777556373433566
-0.0010024606124908193
-0.0009975454273351981
0.000997545427334356
0.0010024606124905573
4.0777556373433566
4.078755759327227
4.0787557605323
4.079755637343358
4.294360468937794
4.295360584770306
4.29536058591461
4.296360468937796
4.6017686588062245
4.602768766902551
4.6027687679704306
4.603768658806222
4.947130778964857
4.94813087951644
4.948130880509786
4.949130778964855
5.284863628292065
5.28586372241905
5.2858637233489265
5.286863628292069
5.580009138786769
5.58100922793595
5.581009228816651
5.582009138786768
5.767524476500611
5.7689386900523605
5.807435349104679
5.808435434763271
5.808435435609489
5.80943534910468
5.922649693027925
5.922686265199851
5.924063438091824
5.924100001536058
5.9503204292567835
5.951320512858802
5.951320513684703
5.952320429256788
6.073849964830962
6.075264178383754
6.149188754487812
6.149273970507599
6.150600408652124
6.150685605113839
6.2949500670992355
6.294998901004861
6.296363442934988
6.29641226587871
6.41173537299611
6.41187096280117
6.413143087922034
6.413278647965127
6.50859079337824
6.510005006932269
6.551658149070571
6.551757782679612
6.553068860066909
6.553168472227666
6.675779439046239
6.675960255631724
6.677182067109133
6.677362845712796
6.757187452680157
6.757238562822722
6.7586007479014265
6.758651847356396
6.810279372224447
6.81042481303953
6.811686103744086
6.811831514523755
6.911783383331107
6.912000726641664
6.913180821274984
6.913398120652909
6.997006584955364
6.998420798510513
7.008228228027481
7.008325697772627
7.009639089189643
7.009736539316893
7.041777016282559
7.041959588380565
7.0431794160209185
7.043361951767101
7.096657867135679
7.096901594541258
7.0980509483344525
7.098294627907124
7.2140530050713405
7.214312572211069
7.2154432235387995
7.215702740668838
7.223325196343579
7.223534663991883
7.224723834429116
7.224933261527644
7.233393485454845
7.2335287236853185
7.234801232308723
7.234936444225045
7.239736305651719
7.239782955384109
7.241149754299117
7.241196394925689
7.3386943504231095
7.338919994716709
7.340090471562897
7.340316072939165
7.410248623393642
7.410411324203802
7.411653463871824
7.411816133843566
7.457915271352386
7.458000130825341
7.4593269451410045
7.4594117885545295
7.474632958649761
7.476047172205807
7.522751659951786
7.522930920914286
7.524154485088907
7.524333712630269
7.629567716440943
7.629680474888719
7.630977438835341
7.63109017645279
7.686147037744773
7.68618543731894
7.687560733507538
7.687599126020292
7.738883085856632
7.739012714543016
7.74029135879098
7.740420963893042
7.8528122116169
7.852878757141304
7.85422486492934
7.854291398485031
7.892031740696005
7.893445954252704
7.959061974109737
7.959145583624006
7.960473721823004
7.9605573165097265
8.05443780416982
8.054466040257456
8.055851738346218
8.055879969477973
8.158062038133812
8.15810743007353
8.15947552708972
8.159520911166107
8.213660970526318
8.215075184083451
8.315301222177544
8.315318405551748
8.316715332816443
8.316732513268922
8.415730988007383
8.417145201564761
