-2.7905582617132643
-2.789144048196316
-2.7338364887841524
-2.7338068276966565
-2.7324225941876663
-2.732392917751846
-2.675882341687014
-2.674468128174043
-2.6437619493554507
-2.643681087924742
-2.6423500723108777
-2.64226916767246
-2.5837882273910218
-2.583736873221122
-2.5823749611612974
-2.582323578886046
-2.527162816855392
-2.527006731237662
-2.52575729151581
-2.5256011190346856
-2.4882346206687456
-2.48682040716351
-2.464353112287521
-2.4642259545569223
-2.462944666661596
-2.46281743621154
-2.393830035251086
-2.3935717910150736
-2.392439689139541
-2.3921812948108667
-2.3639767734754242
-2.363900347426692
-2.362564650647441
-2.3624881789168017
-2.3274248853217423
-2.327194116126677
-2.3260297077985954
-2.3257988001719587
-2.256588150130401
-2.2561986673889827
-2.255228778076149
-2.254839060527762
-2.2327336407643394
-2.231319427272934
-2.2208684158015792
-2.220686324447172
-2.2194660391665573
-2.219283832747709
-2.186017941018246
-2.185652983005156
-2.18465177473536
-2.1842865884585847
-2.130966397051676
-2.1304175933014635
-2.1296632500118826
-2.129114110360499
-2.0806176595844126
-2.0805101320645942
-2.0792075791152804
-2.0790999786684963
-2.072202780121613
-2.07188181602412
-2.0708256020984535
-2.0705044245144917
-2.056089040997035
-2.055559694399537
-2.0547778697082304
-2.054248185243084
-2.0338715363075175
-2.0331428683043535
-2.032659843416927
-2.0319307408902207
-1.9806206910484994
-1.9797078557145025
-1.9795409971036049
-1.978627663655346
-1.9552794647688116
-1.9545629839757968
-1.9540605349966114
-1.953343607103729
-1.9346452046817773
-1.9341512233256175
-1.9333203023024297
-1.9328259823348148
-1.9211292738941967
-1.9208771219440735
-1.919737829064993
-1.9194854943286426
-1.9163488055145839
-1.914934592048555
-1.8998270134288922
-1.8989180417725324
-1.8987440834945213
-1.8978345931667853
-1.8271474239471486
-1.8264533270194563
-1.8259156256200102
-1.8252210602628518
-1.7718818789828237
-1.7714444989128866
-1.7705372205439525
-1.7700995082176965
-1.7676800062353577
-1.7667781487275918
-1.7665911785292936
-1.7656887648831485
-1.7418842056910384
-1.7417345527898005
-1.740477999607266
-1.7403282257846926
-1.6538382732015262
-1.6531806960575068
-1.6525866179780282
-1.651928542592274
-1.5878935510649759
-1.5870033663663234
-1.5867952136599934
-1.585904412453211
-1.5757500728511347
-1.5754002499372868
-1.5743799999063894
-1.5740298724984068
-1.547710274573575
-1.5462960611589343
-1.4417364297710114
-1.4411373108038394
-1.4404557836649468
-1.4398561318256264
-1.3655873566112107
-1.3647160948826607
-1.3644740323172155
-1.3636020592399338
-1.358026067524136
-1.357812133228007
-1.356628256282452
-1.3564141015228677
-1.199937682095855
-1.1994351129717884
-1.1986161630532601
-1.1981130395954267
-1.136873561657429
-1.1354593483689417
-1.1072828620190533
-1.1064437903800204
-1.1061452104071718
-1.1053052751417265
-0.9423890576795505
-0.9420574803503775
-0.9410145654488976
-0.9406825036307037
-0.8211711341990086
-0.820393544175576
-0.8199908124858376
-0.8192121021105955
-0.6950452770306462
-0.6936310642016267
-0.5189535940044548
-0.5183253883068691
-0.5176877180305592
-0.5170579743442835
-0.2342778345704086
-0.23286362748875356
0.23286362748875394
0.234277834570408
0.5170579743442834
0.5176877180305592
0.5183253883068691
0.5189535940044541
0.6936310642016263
0.6950452770306466
0.8192121021105966
0.8199908124858376
0.8203935441755766
0.8211711341990084
0.9406825036307035
0.9410145654488973
0.9420574803503784
0.942389057679551
1.1053052751417265
1.106145210407172
1.1064437903800202
1.1072828620190527
1.1354593483689428
1.1368735616574284
1.1981130395954274
1.1986161630532601
1.1994351129717882
1.1999376820958545
1.3564141015228677
1.3566282562824516
1.357812133228007
1.3580260675241356
1.363602059239934
1.3644740323172146
1.3647160948826604
1.3655873566112093
1.439856131825626
1.4404557836649454
1.4411373108038388
1.4417364297710096
1.5462960611589334
1.5477102745735751
1.5740298724984065
1.5743799999063888
1.5754002499372866
1.5757500728511344
1.585904412453212
1.586795213659993
1.5870033663663232
1.5878935510649752
1.6519285425922743
1.6525866179780282
1.653180696057507
1.6538382732015264
1.740328225784692
1.7404779996072652
1.7417345527898005
1.7418842056910384
1.7656887648831496
1.7665911785292943
1.7667781487275924
1.7676800062353555
1.7700995082176967
1.770537220543953
1.771444498912887
1.7718818789828241
1.8252210602628516
1.82591562562001
1.8264533270194556
1.8271474239471488
1.897834593166786
1.8987440834945222
1.898918041772533
1.8998270134288924
1.9149345920485557
1.9163488055145836
1.9194854943286417
1.9197378290649914
1.9208771219440732
1.9211292738941956
1.9328259823348157
1.9333203023024301
1.934151223325617
1.9346452046817775
1.953343607103729
1.9540605349966116
1.9545629839757965
1.955279464768811
1.978627663655346
1.979540997103605
1.9797078557145025
1.9806206910484994
2.0319307408902207
2.032659843416927
2.0331428683043544
2.0338715363075175
2.054248185243084
2.05477786970823
2.0555596943995367
2.056089040997035
2.0705044245144926
2.0708256020984543
2.07188181602412
2.072202780121613
2.0790999786684985
2.079207579115282
2.0805101320645956
2.080617659584414
2.1291141103604985
2.1296632500118817
2.130417593301463
2.130966397051675
2.184286588458585
2.1846517747353595
2.1856529830051556
2.1860179410182448
2.2192838327477094
2.219466039166557
2.220686324447172
2.220868415801579
2.231319427272933
2.2327336407643394
2.2548390605277606
2.255228778076148
2.2561986673889822
2.2565881501304
2.3257988001719574
2.326029707798595
2.327194116126677
2.327424885321742
2.3624881789168013
2.3625646506474407
2.3639003474266924
2.3639767734754247
2.392181294810867
2.392439689139541
2.3935717910150744
2.3938300352510864
2.46281743621154
2.462944666661596
2.4642259545569214
2.4643531122875206
2.4868204071635094
2.488234620668744
2.5256011190346856
2.5257572915158106
2.527006731237662
2.527162816855392
2.582323578886046
2.582374961161298
2.583736873221123
2.583788227391022
2.6422691676724597
2.6423500723108773
2.643681087924743
2.643761949355451
2.6744681281740434
2.675882341687014
2.7323929177518456
2.732422594187666
2.733806827696658
2.733836488784154
2.789144048196315
2.790558261713263
