-1.1601141582519585
-1.1601141582519578
-1.1407614807352633
-1.140761480735263
-1.1407614807352628
-1.1407614807352615
-1.1210747752411396
-1.1210747752411396
-1.110209728590915
-1.110209728590915
-1.1102097285909145
-1.1102097285909145
-1.0899713469676962
-1.0899713469676957
-1.0899713469676957
-1.0899713469676946
-1.071036051389321
-1.071036051389321
-1.0710360513893205
-1.0710360513893198
-1.0579538849775898
-1.0579538849775898
-1.0500429129936975
-1.0500429129936972
-1.0500429129936966
-1.0500429129936961
-1.026877374306719
-1.0268773743067183
-1.026877374306718
-1.026877374306718
-1.016768904253514
-1.0167689042535137
-1.0167689042535133
-1.0167689042535133
-1.0049622070584163
-1.004962207058415
-1.0049622070584148
-1.0049622070584148
-0.9824105154158294
-0.9824105154158294
-0.9824105154158287
-0.9824105154158281
-0.9738437177363763
-0.9738437177363757
-0.9701432487753158
-0.9701432487753157
-0.9701432487753154
-0.970143248775315
-0.9594802324968742
-0.9594802324968741
-0.9594802324968738
-0.9594802324968731
-0.9432441965351738
-0.9432441965351737
-0.9432441965351737
-0.9432441965351733
-0.9250570280053224
-0.9250570280053223
-0.9250570280053221
-0.9250570280053217
-0.9229470201917652
-0.9229470201917652
-0.922947020191765
-0.9229470201917646
-0.9193375386929148
-0.9193375386929143
-0.9193375386929142
-0.9193375386929141
-0.9156287038426485
-0.9156287038426478
-0.9156287038426477
-0.9156287038426476
-0.890981379745519
-0.8909813797455187
-0.8909813797455185
-0.8909813797455178
-0.8811415298228484
-0.8811415298228481
-0.8811415298228479
-0.8811415298228478
-0.8754334834803692
-0.8754334834803691
-0.8754334834803689
-0.8754334834803682
-0.8735498975728127
-0.8735498975728124
-0.8515143595863964
-0.8515143595863961
-0.851514359586396
-0.8515143595863955
-0.8312418285290178
-0.8312418285290172
-0.8312418285290172
-0.8312418285290166
-0.8208183127136028
-0.8208183127136025
-0.8208183127136023
-0.8208183127136022
-0.8203245908036825
-0.8203245908036824
-0.820324590803682
-0.8203245908036819
-0.7997682705006158
-0.7997682705006157
-0.7997682705006157
-0.7997682705006149
-0.7927195784323039
-0.7927195784323039
-0.7927195784323035
-0.7927195784323033
-0.7735126993034419
-0.7735126993034417
-0.7735126993034416
-0.7735126993034409
-0.7644579657656405
-0.7644579657656394
-0.7480863690500537
-0.7480863690500534
-0.7480863690500533
-0.7480863690500532
-0.7395865094679451
-0.7395865094679448
-0.7395865094679447
-0.7395865094679444
-0.7134249609596169
-0.7134249609596168
-0.7134249609596166
-0.7134249609596164
-0.6886114996688678
-0.6886114996688676
-0.6886114996688676
-0.6886114996688669
-0.6764920427643726
-0.6764920427643719
-0.6764920427643719
-0.6764920427643719
-0.6584484553994504
-0.6584484553994492
-0.6182399836804507
-0.6182399836804503
-0.6182399836804502
-0.6182399836804501
-0.6176930596693154
-0.6176930596693151
-0.6176930596693151
-0.6176930596693146
-0.5752277691701657
-0.5752277691701653
-0.5405534153996019
-0.5405534153996013
-0.540553415399601
-0.5405534153996006
-0.465593372373217
-0.46559337237321646
-0.46559337237321646
-0.46559337237321546
-0.406747461456303
-0.4067474614563029
-0.40674746145630286
-0.4067474614563024
-9.15303679001725e-05
-9.153036790015736e-05
9.153036789944723e-05
9.153036789987266e-05
0.4067474614563028
0.40674746145630286
0.4067474614563029
0.40674746145630364
0.4655933723732164
0.46559337237321646
0.4655933723732167
0.4655933723732171
0.5405534153996011
0.5405534153996019
0.5405534153996019
0.5405534153996026
0.575227769170165
0.5752277691701655
0.6176930596693146
0.6176930596693151
0.6176930596693154
0.6176930596693161
0.6182399836804497
0.6182399836804501
0.6182399836804502
0.6182399836804503
0.6584484553994501
0.6584484553994501
0.6764920427643717
0.6764920427643721
0.6764920427643721
0.6764920427643722
0.6886114996688669
0.6886114996688669
0.688611499668867
0.6886114996688677
0.7134249609596168
0.7134249609596168
0.713424960959617
0.7134249609596172
0.7395865094679445
0.7395865094679447
0.7395865094679447
0.7395865094679449
0.7480863690500532
0.7480863690500533
0.7480863690500533
0.7480863690500537
0.7644579657656397
0.7644579657656402
0.7735126993034411
0.7735126993034412
0.7735126993034415
0.773512699303442
0.7927195784323025
0.7927195784323032
0.792719578432304
0.792719578432304
0.7997682705006134
0.799768270500615
0.7997682705006156
0.7997682705006158
0.8203245908036824
0.8203245908036824
0.8203245908036825
0.8203245908036827
0.820818312713603
0.8208183127136032
0.8208183127136032
0.8208183127136034
0.8312418285290167
0.8312418285290167
0.8312418285290172
0.8312418285290173
0.8515143595863958
0.851514359586396
0.8515143595863961
0.8515143595863965
0.8735498975728124
0.8735498975728127
0.8754334834803685
0.8754334834803688
0.8754334834803688
0.8754334834803688
0.8811415298228475
0.8811415298228478
0.881141529822848
0.8811415298228481
0.8909813797455178
0.8909813797455187
0.8909813797455187
0.8909813797455189
0.9156287038426472
0.9156287038426474
0.9156287038426479
0.9156287038426484
0.9193375386929142
0.9193375386929143
0.9193375386929145
0.919337538692915
0.9229470201917647
0.922947020191765
0.9229470201917651
0.9229470201917652
0.9250570280053215
0.9250570280053216
0.9250570280053216
0.9250570280053216
0.9432441965351733
0.9432441965351737
0.9432441965351738
0.9432441965351747
0.9594802324968735
0.9594802324968743
0.9594802324968744
0.9594802324968748
0.970143248775315
0.9701432487753151
0.9701432487753153
0.9701432487753158
0.9738437177363751
0.9738437177363761
0.9824105154158287
0.9824105154158288
0.9824105154158289
0.9824105154158289
1.004962207058415
1.004962207058415
1.004962207058415
1.0049622070584152
1.0167689042535124
1.0167689042535133
1.0167689042535135
1.0167689042535142
1.0268773743067179
1.026877374306718
1.0268773743067183
1.0268773743067188
1.0500429129936966
1.0500429129936966
1.0500429129936968
1.0500429129936968
1.0579538849775898
1.05795388497759
1.0710360513893202
1.071036051389321
1.0710360513893216
1.0710360513893216
1.0899713469676953
1.0899713469676955
1.0899713469676957
1.0899713469676964
1.1102097285909145
1.1102097285909147
1.1102097285909147
1.110209728590915
1.1210747752411387
1.121074775241139
1.1407614807352624
1.1407614807352626
1.1407614807352633
1.140761480735264
1.1601141582519576
1.1601141582519592
