-1.1613424328235242
-1.1613424328235238
-1.143799005767332
-1.1437990057673315
-1.1437990057673313
-1.1437990057673313
-1.1259822755764006
-1.1259822755764
-1.116108567458763
-1.1161085674587627
-1.1161085674587627
-1.1161085674587625
-1.0978425450276217
-1.0978425450276212
-1.097842545027621
-1.0978425450276206
-1.0805775727813605
-1.08057757278136
-1.0805775727813598
-1.0805775727813596
-1.0689623110443334
-1.0689623110443327
-1.0617004333219087
-1.0617004333219087
-1.0617004333219082
-1.0617004333219082
-1.0403722570110923
-1.0403722570110918
-1.0403722570110918
-1.0403722570110914
-1.031809080632868
-1.0318090806328677
-1.0318090806328672
-1.0318090806328672
-1.020751856464746
-1.020751856464746
-1.020751856464746
-1.020751856464746
-0.9993746660311457
-0.9993746660311454
-0.9993746660311453
-0.9993746660311448
-0.9932671017000644
-0.993267101700064
-0.9896244344380052
-0.9896244344380051
-0.989624434438005
-0.9896244344380045
-0.9789329100723588
-0.9789329100723587
-0.9789329100723585
-0.9789329100723583
-0.9618644112972163
-0.961864411297216
-0.9618644112972159
-0.9618644112972151
-0.9493714118720576
-0.9493714118720575
-0.9493714118720575
-0.9493714118720574
-0.9464310916190644
-0.946431091619064
-0.9464310916190636
-0.9464310916190635
-0.9406078168067784
-0.9406078168067783
-0.940607816806778
-0.9406078168067774
-0.9319503159846728
-0.9319503159846723
-0.9319503159846722
-0.931950315984672
-0.9128292804566374
-0.9128292804566372
-0.912829280456637
-0.912829280456637
-0.9099952256917638
-0.9099952256917638
-0.9099952256917638
-0.9099952256917636
-0.9067332759960498
-0.9067332759960497
-0.9067332759960496
-0.9067332759960494
-0.9042573569656239
-0.9042573569656234
-0.9042573569656233
-0.9042573569656233
-0.90334523856621
-0.9033452385662099
-0.890402838369721
-0.890402838369721
-0.8904028383697208
-0.8904028383697207
-0.8749362717034428
-0.8749362717034425
-0.8749362717034422
-0.8749362717034422
-0.862620884422428
-0.862620884422428
-0.8626208844224278
-0.8626208844224276
-0.855808337179975
-0.8558083371799748
-0.8558083371799748
-0.8558083371799748
-0.8545404515512254
-0.854540451551225
-0.8545404515512249
-0.8545404515512245
-0.8291339071498178
-0.8291339071498177
-0.8291339071498174
-0.8291339071498169
-0.811690416724277
-0.8116904167242763
-0.8116904167242762
-0.811690416724276
-0.8075821566754517
-0.8075821566754513
-0.8075821566754512
-0.8075821566754511
-0.8054707939666494
-0.8054707939666491
-0.7760087488848444
-0.7760087488848441
-0.7760087488848441
-0.7760087488848434
-0.7584303676334045
-0.7584303676334045
-0.7584303676334044
-0.7584303676334041
-0.7529379005873409
-0.7529379005873408
-0.7529379005873408
-0.7529379005873404
-0.7201144827680754
-0.7201144827680754
-0.720114482768075
-0.7201144827680748
-0.7082725782944146
-0.7082725782944144
-0.695191176646672
-0.6951911766466715
-0.6951911766466714
-0.6951911766466711
-0.6670819221861801
-0.6670819221861795
-0.6670819221861795
-0.6670819221861793
-0.6400970197576772
-0.640097019757677
-0.6400970197576764
-0.6400970197576761
-0.6231745635465237
-0.6231745635465233
-0.5941989906137939
-0.5941989906137934
-0.5941989906137929
-0.5941989906137929
-0.5637360590218635
-0.5637360590218631
0.5637360590218632
0.5637360590218639
0.5941989906137931
0.5941989906137931
0.5941989906137936
0.5941989906137938
0.6231745635465227
0.6231745635465232
0.6400970197576766
0.6400970197576767
0.6400970197576767
0.640097019757677
0.6670819221861789
0.6670819221861793
0.6670819221861797
0.66708192218618
0.69519117664667
0.6951911766466708
0.6951911766466714
0.6951911766466714
0.7082725782944138
0.7082725782944143
0.7201144827680748
0.7201144827680748
0.7201144827680749
0.7201144827680755
0.7529379005873403
0.7529379005873404
0.7529379005873408
0.7529379005873417
0.7584303676334044
0.7584303676334047
0.7584303676334048
0.7584303676334051
0.776008748884844
0.7760087488848441
0.7760087488848441
0.7760087488848444
0.805470793966649
0.8054707939666494
0.8075821566754513
0.8075821566754516
0.8075821566754522
0.8075821566754522
0.811690416724276
0.8116904167242763
0.8116904167242766
0.8116904167242766
0.8291339071498173
0.8291339071498174
0.8291339071498177
0.829133907149818
0.8545404515512247
0.8545404515512247
0.8545404515512252
0.8545404515512254
0.8558083371799738
0.855808337179974
0.8558083371799748
0.8558083371799748
0.862620884422427
0.8626208844224277
0.8626208844224279
0.862620884422431
0.8749362717034407
0.8749362717034422
0.8749362717034422
0.8749362717034426
0.8904028383697205
0.8904028383697209
0.890402838369721
0.8904028383697218
0.9033452385662097
0.90334523856621
0.9042573569656234
0.9042573569656235
0.9042573569656235
0.9042573569656236
0.9067332759960495
0.9067332759960498
0.9067332759960498
0.90673327599605
0.9099952256917635
0.909995225691764
0.909995225691764
0.9099952256917643
0.9128292804566367
0.9128292804566371
0.9128292804566371
0.9128292804566376
0.9319503159846718
0.931950315984672
0.9319503159846726
0.9319503159846726
0.9406078168067777
0.9406078168067777
0.9406078168067782
0.9406078168067792
0.9464310916190635
0.9464310916190635
0.9464310916190639
0.946431091619064
0.9493714118720554
0.9493714118720578
0.9493714118720579
0.949371411872058
0.9618644112972153
0.9618644112972153
0.9618644112972159
0.961864411297216
0.9789329100723582
0.9789329100723586
0.9789329100723587
0.9789329100723588
0.9896244344380044
0.989624434438005
0.989624434438005
0.9896244344380053
0.9932671017000642
0.9932671017000643
0.9993746660311451
0.9993746660311454
0.9993746660311457
0.9993746660311459
1.0207518564647464
1.0207518564647464
1.0207518564647464
1.0207518564647466
1.031809080632867
1.031809080632867
1.0318090806328672
1.0318090806328677
1.0403722570110907
1.040372257011091
1.040372257011091
1.0403722570110912
1.0617004333219076
1.0617004333219082
1.0617004333219082
1.061700433321909
1.0689623110443323
1.0689623110443325
1.0805775727813594
1.0805775727813594
1.0805775727813596
1.0805775727813596
1.0978425450276206
1.0978425450276206
1.097842545027621
1.0978425450276215
1.1161085674587627
1.1161085674587632
1.1161085674587632
1.1161085674587632
1.1259822755764004
1.1259822755764004
1.1437990057673308
1.1437990057673308
1.143799005767331
1.1437990057673313
1.1613424328235236
1.1613424328235238
