-1.1601141582519583
-1.160114158251958
-1.1407614807352633
-1.1407614807352633
-1.1407614807352628
-1.140761480735262
-1.1210747752411385
-1.1210747752411385
-1.110209728590915
-1.1102097285909145
-1.1102097285909145
-1.110209728590914
-1.0899713469676966
-1.089971346967696
-1.089971346967696
-1.0899713469676955
-1.0710360513893218
-1.0710360513893213
-1.0710360513893213
-1.071036051389321
-1.05795388497759
-1.05795388497759
-1.050042912993697
-1.0500429129936968
-1.0500429129936968
-1.0500429129936963
-1.0268773743067192
-1.026877374306719
-1.026877374306719
-1.0268773743067179
-1.0167689042535146
-1.0167689042535146
-1.0167689042535146
-1.016768904253514
-1.0049622070584157
-1.0049622070584152
-1.0049622070584152
-1.004962207058415
-0.9824105154158291
-0.982410515415829
-0.982410515415829
-0.9824105154158289
-0.973843717736376
-0.9738437177363757
-0.9701432487753161
-0.9701432487753155
-0.9701432487753155
-0.9701432487753154
-0.9594802324968745
-0.9594802324968743
-0.9594802324968742
-0.9594802324968741
-0.9432441965351742
-0.9432441965351738
-0.9432441965351738
-0.9432441965351737
-0.9250570280053221
-0.9250570280053217
-0.9250570280053216
-0.9250570280053215
-0.9229470201917652
-0.9229470201917651
-0.9229470201917649
-0.9229470201917648
-0.9193375386929145
-0.9193375386929145
-0.9193375386929142
-0.919337538692914
-0.9156287038426487
-0.9156287038426479
-0.9156287038426476
-0.9156287038426475
-0.8909813797455193
-0.8909813797455187
-0.8909813797455186
-0.8909813797455183
-0.8811415298228481
-0.881141529822848
-0.8811415298228479
-0.8811415298228479
-0.8754334834803696
-0.8754334834803692
-0.8754334834803691
-0.8754334834803685
-0.8735498975728128
-0.8735498975728122
-0.8515143595863968
-0.8515143595863967
-0.8515143595863963
-0.8515143595863963
-0.8312418285290174
-0.8312418285290173
-0.8312418285290173
-0.8312418285290168
-0.8208183127136032
-0.8208183127136026
-0.8208183127136025
-0.8208183127136024
-0.8203245908036829
-0.8203245908036825
-0.8203245908036823
-0.8203245908036821
-0.7997682705006157
-0.7997682705006156
-0.7997682705006156
-0.7997682705006147
-0.7927195784323043
-0.7927195784323036
-0.7927195784323036
-0.7927195784323035
-0.7735126993034419
-0.7735126993034419
-0.7735126993034418
-0.7735126993034415
-0.7644579657656406
-0.7644579657656406
-0.7480863690500531
-0.7480863690500531
-0.748086369050053
-0.748086369050053
-0.739586509467945
-0.7395865094679448
-0.7395865094679446
-0.7395865094679446
-0.7134249609596177
-0.7134249609596172
-0.713424960959617
-0.7134249609596169
-0.6886114996688684
-0.6886114996688683
-0.6886114996688681
-0.6886114996688679
-0.6764920427643722
-0.676492042764372
-0.6764920427643718
-0.6764920427643717
-0.6584484553994497
-0.6584484553994496
-0.6182399836804503
-0.6182399836804502
-0.6182399836804501
-0.6182399836804497
-0.6176930596693152
-0.6176930596693152
-0.617693059669315
-0.617693059669315
-0.575227769170166
-0.5752277691701655
-0.5405534153996023
-0.5405534153996021
-0.5405534153996021
-0.5405534153996014
-0.4655933723732171
-0.4655933723732167
-0.46559337237321663
-0.4655933723732162
-0.40674746145630314
-0.4067474614563029
-0.40674746145630275
-0.4067474614563026
-9.15303678999866e-05
-9.153036789981432e-05
9.153036789962843e-05
9.153036789988898e-05
0.4067474614563025
0.4067474614563029
0.406747461456303
0.4067474614563034
0.465593372373216
0.4655933723732165
0.46559337237321663
0.4655933723732171
0.540553415399601
0.5405534153996014
0.5405534153996018
0.5405534153996018
0.575227769170165
0.5752277691701652
0.6176930596693143
0.6176930596693145
0.6176930596693146
0.6176930596693146
0.61823998368045
0.6182399836804501
0.6182399836804501
0.6182399836804505
0.6584484553994499
0.6584484553994502
0.6764920427643719
0.6764920427643719
0.6764920427643725
0.6764920427643735
0.6886114996688677
0.6886114996688677
0.6886114996688677
0.6886114996688684
0.7134249609596164
0.7134249609596168
0.7134249609596169
0.7134249609596169
0.7395865094679445
0.7395865094679448
0.7395865094679451
0.7395865094679452
0.7480863690500529
0.748086369050053
0.7480863690500535
0.7480863690500537
0.7644579657656401
0.7644579657656404
0.7735126993034412
0.7735126993034415
0.7735126993034416
0.7735126993034417
0.7927195784323026
0.7927195784323036
0.7927195784323037
0.7927195784323037
0.7997682705006154
0.7997682705006155
0.7997682705006158
0.7997682705006159
0.8203245908036818
0.820324590803682
0.8203245908036825
0.8203245908036826
0.8208183127136023
0.8208183127136025
0.820818312713603
0.8208183127136031
0.8312418285290168
0.8312418285290172
0.8312418285290174
0.8312418285290174
0.8515143595863962
0.8515143595863963
0.8515143595863967
0.8515143595863981
0.873549897572812
0.8735498975728123
0.8754334834803686
0.8754334834803686
0.8754334834803688
0.8754334834803691
0.8811415298228473
0.8811415298228479
0.8811415298228479
0.8811415298228481
0.8909813797455183
0.8909813797455185
0.8909813797455185
0.8909813797455188
0.915628703842647
0.9156287038426478
0.9156287038426478
0.9156287038426484
0.9193375386929142
0.9193375386929143
0.9193375386929146
0.9193375386929157
0.922947020191765
0.9229470201917651
0.9229470201917651
0.9229470201917656
0.9250570280053212
0.9250570280053215
0.9250570280053219
0.9250570280053226
0.9432441965351738
0.9432441965351739
0.9432441965351739
0.9432441965351742
0.959480232496874
0.959480232496874
0.9594802324968741
0.9594802324968741
0.9701432487753153
0.9701432487753157
0.9701432487753157
0.9701432487753159
0.9738437177363761
0.9738437177363761
0.9824105154158286
0.982410515415829
0.9824105154158297
0.9824105154158299
1.004962207058415
1.0049622070584154
1.0049622070584159
1.0049622070584165
1.0167689042535137
1.016768904253514
1.0167689042535142
1.0167689042535144
1.0268773743067179
1.0268773743067183
1.0268773743067185
1.0268773743067188
1.0500429129936963
1.0500429129936966
1.0500429129936968
1.0500429129936968
1.0579538849775896
1.0579538849775902
1.0710360513893202
1.071036051389321
1.0710360513893211
1.0710360513893213
1.0899713469676953
1.0899713469676953
1.0899713469676957
1.0899713469676957
1.1102097285909147
1.1102097285909147
1.110209728590915
1.1102097285909154
1.1210747752411392
1.1210747752411394
1.1407614807352624
1.140761480735263
1.1407614807352633
1.1407614807352637
1.160114158251958
1.1601141582519585
