-8.425454026245548
-8.425454026245546
-8.338088733844803
-8.338088733844794
-8.338088733844792
-8.338088733844792
-8.249798295628908
-8.249798295628906
-8.200829317465857
-8.200829317465855
-8.200829317465855
-8.200829317465855
-8.11104491907792
-8.111044919077917
-8.111044919077916
-8.111044919077916
-8.02581909988356
-8.025819099883558
-8.02581909988355
-8.025819099883549
-7.969876249982661
-7.96987624998266
-7.9340544748034
-7.9340544748033945
-7.934054474803391
-7.934054474803386
-7.829178033613175
-7.829178033613171
-7.829178033613171
-7.829178033613171
-7.7896789516568505
-7.7896789516568505
-7.7896789516568505
-7.789678951656847
-7.735080921819968
-7.7350809218199625
-7.735080921819961
-7.735080921819961
-7.629865576016588
-7.629865576016586
-7.6298655760165826
-7.629865576016582
-7.605213271153799
-7.605213271153796
-7.586919969779649
-7.586919969779649
-7.586919969779649
-7.586919969779646
-7.533279292126043
-7.533279292126043
-7.533279292126043
-7.533279292126037
-7.447950185240035
-7.447950185240034
-7.447950185240033
-7.447950185240032
-7.397399905215977
-7.397399905215975
-7.397399905215974
-7.397399905215966
-7.381068666115576
-7.381068666115572
-7.381068666115572
-7.381068666115572
-7.348973407688266
-7.348973407688261
-7.34897340768826
-7.34897340768826
-7.3023426692212245
-7.302342669221222
-7.302342669221221
-7.3023426692212166
-7.208385648461662
-7.208385648461661
-7.2083856484616575
-7.208385648461653
-7.201364915335227
-7.2013649153352235
-7.2013649153352235
-7.20136491533522
-7.192863679206448
-7.192863679206447
-7.192863679206444
-7.192863679206444
-7.186121720633547
-7.186121720633547
-7.186121720633546
-7.186121720633543
-7.183577229740401
-7.183577229740399
-7.106072884655791
-7.10607288465579
-7.106072884655788
-7.106072884655786
-7.041983698117964
-7.041983698117962
-7.041983698117961
-7.041983698117961
-6.992671781050173
-6.99267178105017
-6.99267178105017
-6.992671781050167
-6.96581666724848
-6.965816667248476
-6.965816667248476
-6.965816667248471
-6.944504993358299
-6.944504993358294
-6.944504993358293
-6.944504993358291
-6.837375602846996
-6.8373756028469925
-6.83737560284699
-6.837375602846987
-6.766070875733628
-6.766070875733627
-6.766070875733626
-6.766070875733624
-6.741025283129307
-6.741025283129307
-6.736937014150153
-6.736937014150152
-6.736937014150152
-6.7369370141501514
-6.605449386102568
-6.6054493861025625
-6.605449386102559
-6.605449386102556
-6.534411612496014
-6.534411612496012
-6.534411612496007
-6.534411612496006
-6.501428826848897
-6.501428826848897
-6.501428826848895
-6.501428826848891
-6.367949561549192
-6.367949561549192
-6.367949561549189
-6.367949561549185
-6.321048044055423
-6.321048044055422
-6.259983771277184
-6.259983771277184
-6.25998377127718
-6.259983771277173
-6.148812476581858
-6.148812476581858
-6.148812476581857
-6.148812476581856
-6.0369288608023135
-6.03692886080231
-6.036928860802308
-6.036928860802307
-5.9716112875069705
-5.971611287506963
-5.85634327608105
-5.856343276081047
-5.856343276081047
-5.856343276081043
-5.738760472917374
-5.738760472917372
5.738760472917369
5.738760472917377
5.8563432760810405
5.856343276081043
5.856343276081047
5.856343276081048
5.9716112875069625
5.971611287506963
6.036928860802308
6.03692886080231
6.03692886080231
6.036928860802313
6.148812476581857
6.148812476581857
6.148812476581859
6.14881247658186
6.25998377127718
6.259983771277182
6.259983771277183
6.259983771277184
6.321048044055422
6.321048044055426
6.367949561549185
6.367949561549188
6.367949561549192
6.367949561549195
6.501428826848888
6.501428826848894
6.501428826848895
6.501428826848897
6.534411612496012
6.534411612496013
6.534411612496015
6.534411612496018
6.605449386102554
6.605449386102555
6.605449386102556
6.60544938610256
6.736937014150148
6.736937014150148
6.73693701415015
6.736937014150155
6.7410252831293045
6.741025283129311
6.766070875733621
6.766070875733622
6.766070875733626
6.766070875733629
6.837375602846985
6.837375602846986
6.83737560284699
6.837375602846991
6.94450499335829
6.944504993358293
6.944504993358295
6.944504993358296
6.965816667248474
6.965816667248474
6.965816667248475
6.965816667248475
6.992671781050166
6.99267178105017
6.99267178105017
6.992671781050174
7.04198369811796
7.04198369811796
7.041983698117962
7.041983698117966
7.106072884655779
7.106072884655785
7.106072884655789
7.10607288465579
7.1835772297404
7.183577229740402
7.186121720633543
7.186121720633546
7.1861217206335475
7.18612172063355
7.192863679206445
7.192863679206447
7.192863679206447
7.1928636792064475
7.201364915335221
7.201364915335222
7.201364915335223
7.201364915335226
7.208385648461658
7.20838564846166
7.208385648461662
7.208385648461665
7.302342669221221
7.302342669221222
7.302342669221222
7.302342669221224
7.34897340768826
7.348973407688261
7.348973407688262
7.3489734076882645
7.381068666115569
7.38106866611557
7.381068666115571
7.381068666115571
7.397399905215974
7.397399905215975
7.397399905215977
7.397399905215977
7.447950185240034
7.4479501852400345
7.447950185240035
7.447950185240045
7.533279292126042
7.5332792921260445
7.533279292126047
7.533279292126047
7.586919969779645
7.5869199697796486
7.586919969779649
7.586919969779652
7.605213271153801
7.60521327115381
7.629865576016583
7.629865576016585
7.629865576016585
7.6298655760165905
7.735080921819959
7.735080921819963
7.735080921819967
7.735080921819969
7.789678951656852
7.789678951656856
7.789678951656857
7.78967895165686
7.829178033613167
7.829178033613169
7.829178033613169
7.829178033613173
7.934054474803389
7.934054474803391
7.934054474803391
7.9340544748033945
7.969876249982658
7.969876249982661
8.025819099883545
8.025819099883545
8.025819099883549
8.02581909988355
8.111044919077914
8.111044919077917
8.111044919077917
8.11104491907792
8.200829317465855
8.200829317465859
8.200829317465859
8.200829317465862
8.249798295628906
8.249798295628908
8.338088733844792
8.338088733844794
8.338088733844799
8.3380887338448
8.425454026245545
8.425454026245545
