-8.416438072153364
-8.416438058011227
-8.316016845547649
-8.316016845375831
-8.316016831406557
-8.31601683123474
-8.21436805394148
-8.21436803979934
-8.158791453268359
-8.15879145281448
-8.15879143913351
-8.158791438679632
-8.055158864237677
-8.055158863955343
-8.055158850098364
-8.05515884981603
-7.959809625085542
-7.959809624249521
-7.95980961096814
-7.959809610132118
-7.892738822870739
-7.892738808728604
-7.853551783606344
-7.853551782940948
-7.8535517694798695
-7.853551768814474
-7.7396520061591145
-7.739652004862944
-7.739651992076504
-7.7396519907803345
-7.6868730583853475
-7.686873058001387
-7.6868730442484265
-7.686873043864466
-7.630328926502759
-7.630328925375279
-7.6303289124056395
-7.630328911278159
-7.523542669327551
-7.523542667535109
-7.523542655299466
-7.523542653507024
-7.475340039055557
-7.4753400249134225
-7.45866350793283
-7.4586635070843155
-7.458663493816172
-7.458663492967658
-7.411032360432268
-7.4110323588054134
-7.41103234638402
-7.411032344757165
-7.339505196456844
-7.339505194200615
-7.339505182495844
-7.339505180239615
-7.240466325337445
-7.240466324870992
-7.240466311203005
-7.240466310736553
-7.23416494457504
-7.234164943222789
-7.234164930497699
-7.234164929145449
-7.224129212507133
-7.224129210412659
-7.224129198520956
-7.224129196426483
-7.214877858970568
-7.214877856375145
-7.214877845068632
-7.214877842473211
-7.097476232439645
-7.097476230002609
-7.097476218509071
-7.097476216072036
-7.042569465539056
-7.042569463713516
-7.042569451515239
-7.042569449689699
-7.008982360449697
-7.008982359475098
-7.008982346341184
-7.008982345366585
-6.997713663078051
-6.997713648935912
-6.912590734882962
-6.912590732709748
-6.912590720908802
-6.912590718735588
-6.8110554219386374
-6.811055420484378
-6.811055407871472
-6.811055406417214
-6.75791962301852
-6.757919622507472
-6.757919608885618
-6.757919608374569
-6.676571122347639
-6.676571120539664
-6.676571108321547
-6.67657110651357
-6.552413285408926
-6.552413284412698
-6.552413271301922
-6.552413270305694
-6.509297868819724
-6.5092978546775875
-6.41250698665117
-6.412506985295422
-6.412506972574172
-6.4125069712184235
-6.29568113683068
-6.295681136342396
-6.295681122696978
-6.295681122208694
-6.149937151523774
-6.149937150671712
-6.149937137407331
-6.149937136555271
-6.074557037523163
-6.074557023381029
-5.951320439256779
-5.951320429256782
-5.95132042925678
-5.951320419256784
-5.92337481450979
-5.923374814144113
-5.923374800372382
-5.923374800006703
-5.808435359104679
-5.808435349104681
-5.8084353491046805
-5.80843533910468
-5.7682315470067085
-5.768231532864577
-5.5810091487867695
-5.5810091387867695
-5.581009138786768
-5.581009128786769
-5.285863638292071
-5.285863628292073
-5.285863628292065
-5.285863618292066
-4.948130788964853
-4.948130778964854
-4.948130778964854
-4.948130768964854
-4.602768668806224
-4.602768658806228
-4.602768658806218
-4.602768648806223
-4.295360478937796
-4.2953604689378
-4.295360468937789
-4.295360458937795
-4.078755647343351
-4.07875563734336
-4.078755637343348
-4.078755627343358
-3.482649493895589e-06
-3.468507389681334e-06
3.4685073940662526e-06
3.4826494982788963e-06
4.078755627343353
4.07875563734335
4.078755637343361
4.078755647343357
4.295360458937798
4.295360468937788
4.2953604689378
4.295360478937793
4.602768648806224
4.602768658806218
4.602768658806228
4.602768668806224
4.9481307689648535
4.948130778964854
4.948130778964854
4.948130788964855
5.285863618292072
5.285863628292066
5.285863628292073
5.285863638292067
5.58100912878677
5.581009138786769
5.5810091387867695
5.581009148786769
5.768231532864579
5.768231547006714
5.8084353391046815
5.808435349104677
5.808435349104681
5.808435359104678
5.923374800006704
5.923374800372383
5.923374814144109
5.923374814509787
5.951320419256783
5.951320429256785
5.951320429256785
5.9513204392567856
6.074557023381025
6.074557037523162
6.149937136555271
6.149937137407332
6.149937150671712
6.149937151523775
6.295681122208691
6.295681122696974
6.295681136342397
6.29568113683068
6.412506971218416
6.412506972574166
6.412506985295419
6.412506986651168
6.509297854677587
6.509297868819722
6.552413270305693
6.552413271301923
6.552413284412696
6.5524132854089245
6.676571106513572
6.676571108321548
6.676571120539658
6.676571122347633
6.7579196083745705
6.757919608885619
6.757919622507466
6.757919623018514
6.811055406417216
6.811055407871473
6.811055420484377
6.811055421938636
6.912590718735589
6.912590720908802
6.912590732709748
6.9125907348829605
6.997713648935912
6.997713663078046
7.008982345366584
7.008982346341183
7.008982359475101
7.008982360449699
7.042569449689699
7.042569451515238
7.042569463713514
7.042569465539054
7.097476216072034
7.097476218509069
7.0974762300026075
7.097476232439643
7.214877842473213
7.214877845068633
7.214877856375145
7.214877858970567
7.224129196426482
7.224129198520955
7.224129210412659
7.224129212507132
7.234164929145445
7.2341649304976965
7.234164943222789
7.234164944575037
7.240466310736551
7.240466311203003
7.240466324870991
7.240466325337443
7.339505180239613
7.3395051824958415
7.33950519420061
7.33950519645684
7.4110323447571655
7.411032346384021
7.411032358805414
7.4110323604322685
7.4586634929676565
7.4586634938161716
7.458663507084315
7.458663507932828
7.475340024913422
7.475340039055558
7.523542653507022
7.523542655299467
7.5235426675351
7.523542669327545
7.630328911278164
7.630328912405645
7.630328925375281
7.63032892650276
7.686873043864464
7.686873044248425
7.686873058001386
7.6868730583853475
7.739651990780334
7.739651992076502
7.739652004862945
7.739652006159114
7.853551768814478
7.853551769479874
7.85355178294095
7.853551783606345
7.892738808728602
7.8927388228707365
7.9598096101321145
7.9598096109681356
7.95980962424952
7.959809625085542
8.055158849816028
8.055158850098362
8.055158863955345
8.05515886423768
8.158791438679632
8.158791439133513
8.158791452814482
8.158791453268364
8.214368039799341
8.214368053941474
8.316016831234741
8.316016831406559
8.316016845375831
8.316016845547649
8.416438058011229
8.416438072153364
