-3.0688361789497614
-3.068836164807626
-3.0064260844156308
-3.006426084118943
-3.0064260702766084
-3.006426069979921
-2.9426926626976355
-2.9426926485555005
-2.9073170296635538
-2.9073170288547234
-2.907317015544566
-2.9073170147357357
-2.8413614020415467
-2.8413614015278648
-2.8413613879087434
-2.841361387395061
-2.779020087584141
-2.7790200860228502
-2.7790200735284527
-2.7790200719671625
-2.7362801618272563
-2.7362801476851195
-2.709943717724774
-2.7099437164528326
-2.709943703639953
-2.709943702368012
-2.6323061661350082
-2.6323061635518155
-2.6323061522307967
-2.632306149647604
-2.5995556274551723
-2.5995556266906834
-2.5995556133337145
-2.5995556125692256
-2.5592729550230056
-2.559272952714621
-2.5592729410705384
-2.5592729387621542
-2.4812849172667057
-2.481284913370705
-2.481284903671811
-2.4812848997758103
-2.4552290712851317
-2.4552290571429958
-2.442083652398106
-2.4420836505766177
-2.4420836383737634
-2.4420836365522747
-2.403667436792171
-2.4036674331414503
-2.403667423129366
-2.4036674194786447
-2.3430442516054066
-2.3430442461156895
-2.3430442385722565
-2.3430442330825394
-2.287844596461891
-2.2878445953862516
-2.2878445823607207
-2.2878445812850807
-2.2784888969869774
-2.278488893776269
-2.2784888832141292
-2.2784888800034206
-2.2606854427409715
-2.260685437445816
-2.2606854296275682
-2.2606854243324124
-2.2361912463820564
-2.2361912390932033
-2.2361912342629537
-2.2361912269741007
-2.1775866031184274
-2.177586593987583
-2.1775865923189968
-2.1775865831881513
-2.149742681447138
-2.1497426742800947
-2.1497426692556036
-2.1497426620885607
-2.127109112861591
-2.1271091079200852
-2.1271090996108737
-2.127109094669367
-2.1123380378014143
-2.112338035278982
-2.1123380238860494
-2.112338021363617
-2.107205732175742
-2.1072057180336046
-2.0887138913984007
-2.0887138823060902
-2.0887138805665075
-2.088713871474197
-2.0088026541782087
-2.0088026472348974
-2.0088026418578835
-2.008802634914572
-1.9480897079622959
-1.9480897035868348
-1.9480896945140498
-1.948089690138588
-1.943352831350636
-1.9433528223292797
-1.9433528204595774
-1.9433528114382217
-1.9152167203993293
-1.9152167189021954
-1.9152167063366625
-1.9152167048395288
-1.818171728875799
-1.8181717222975373
-1.8181717163567555
-1.8181717097784935
-1.7455888861264928
-1.745588877221563
-1.7455888751400357
-1.7455888662351067
-1.7323788876637387
-1.732378884163987
-1.7323788739614856
-1.7323788704617342
-1.7017033139608526
-1.7017032998187172
-1.5848758739527973
-1.5848758679589432
-1.5848758611436706
-1.584875855149816
-1.501054182740502
-1.5010541740243284
-1.501054171603702
-1.5010541628875285
-1.4929419590430293
-1.4929419569025844
-1.4929419450638128
-1.492941942923368
-1.3189278291422282
-1.3189278241137652
-1.3189278159242648
-1.3189278108958018
-1.249782865543456
-1.2497828514013203
-1.216923474245997
-1.216923465850962
-1.2169234628651615
-1.2169234544701266
-1.035689208411771
-1.0356892050935766
-1.0356891946644233
-1.0356891913462283
-0.9022107625747527
-0.9022107547932525
-0.9022107507659323
-0.9022107429844317
-0.7637715986876938
-0.763771584545557
-0.5698062641346349
-0.5698062578448915
-0.5698062514681785
-0.5698062451784348
-0.2569266338165708
-0.25692661967443603
0.2569266196744368
0.2569266338165729
0.5698062451784364
0.5698062514681799
0.5698062578448932
0.5698062641346364
0.7637715845455558
0.763771598687693
0.9022107429844314
0.9022107507659323
0.9022107547932519
0.9022107625747524
1.0356891913462278
1.0356891946644233
1.0356892050935766
1.0356892084117715
1.2169234544701262
1.2169234628651606
1.2169234658509616
1.2169234742459958
1.2497828514013198
1.2497828655434553
1.3189278108958014
1.3189278159242641
1.318927824113765
1.3189278291422275
1.4929419429233686
1.4929419450638135
1.4929419569025844
1.4929419590430293
1.5010541628875282
1.501054171603702
1.5010541740243282
1.501054182740502
1.5848758551498174
1.5848758611436706
1.5848758679589434
1.5848758739527964
1.701703299818717
1.7017033139608526
1.7323788704617338
1.7323788739614854
1.732378884163987
1.7323788876637387
1.7455888662351051
1.7455888751400348
1.7455888772215622
1.7455888861264923
1.8181717097784935
1.8181717163567555
1.818171722297538
1.8181717288757995
1.9152167048395285
1.9152167063366616
1.9152167189021951
1.9152167203993284
1.943352811438222
1.9433528204595774
1.9433528223292795
1.9433528313506354
1.9480896901385878
1.9480896945140493
1.9480897035868343
1.9480897079622959
2.008802634914571
2.008802641857882
2.0088026472348974
2.0088026541782082
2.0887138714741966
2.0887138805665066
2.08871388230609
2.088713891398399
2.1072057180336055
2.107205732175741
2.1123380213636187
2.1123380238860516
2.112338035278982
2.112338037801415
2.127109094669367
2.1271090996108737
2.1271091079200843
2.127109112861591
2.1497426620885607
2.149742669255604
2.149742674280095
2.149742681447137
2.1775865831881522
2.1775865923189954
2.177586593987582
2.177586603118426
2.2361912269741024
2.2361912342629546
2.2361912390932033
2.236191246382055
2.2606854243324133
2.2606854296275687
2.260685437445816
2.2606854427409706
2.2784888800034206
2.2784888832141292
2.278488893776269
2.2784888969869774
2.2878445812850825
2.287844582360722
2.287844595386251
2.2878445964618908
2.3430442330825394
2.3430442385722565
2.3430442461156895
2.3430442516054066
2.4036674194786443
2.403667423129366
2.4036674331414494
2.403667436792171
2.4420836365522742
2.442083638373764
2.442083650576617
2.442083652398106
2.4552290571429967
2.4552290712851317
2.4812848997758103
2.4812849036718116
2.481284913370705
2.4812849172667066
2.559272938762154
2.5592729410705375
2.559272952714622
2.5592729550230056
2.599555612569226
2.599555613333715
2.5995556266906834
2.5995556274551723
2.632306149647605
2.6323061522307976
2.6323061635518172
2.632306166135009
2.7099437023680126
2.709943703639954
2.709943716452832
2.7099437177247734
2.73628014768512
2.7362801618272554
2.7790200719671625
2.7790200735284527
2.7790200860228493
2.7790200875841404
2.8413613873950614
2.841361387908744
2.8413614015278643
2.8413614020415467
2.907317014735736
2.907317015544566
2.9073170288547248
2.907317029663554
2.9426926485555014
2.942692662697636
3.0064260699799217
3.0064260702766092
3.006426084118944
3.0064260844156316
3.0688361648076254
3.0688361789497605
