-1.4350600854466988
-1.4223979312659039
-1.3995733197358928
-1.3934753404710032
-1.390200515732222
-1.3865040851223585
-1.3727974039712134
-1.363946225315105
-1.3583770934126695
-1.339875160052907
-1.3245712845639077
-1.3217219465437158
-1.3183188524041447
-1.3132607474629412
-1.3051771590816035
-1.3002860724823957
-1.2930367315288722
-1.2784901627336975
-1.2691368778784669
-1.2646854631623838
-1.2572915908776399
-1.2542671050687784
-1.2505668362049884
-1.2492276420391577
-1.235256975083821
-1.2328122257257825
-1.226170877445675
-1.2179272483069632
-1.2071492503805812
-1.2023902266051565
-1.1960276407286539
-1.1888426297313883
-1.183390177892439
-1.1785434822285277
-1.1760530762919845
-1.1700654432428155
-1.1639086550372246
-1.16235282979036
-1.1538065333461036
-1.1478023617841169
-1.1434517429315711
-1.1265499569972028
-1.1233350287456583
-1.1195839107891234
-1.1151030820498617
-1.1027834091803115
-1.0875531643703054
-1.07659203226191
-1.067363682863905
-1.0656493435158847
-1.0596561926743382
-1.0574949046734798
-1.048948852293643
-1.0434559478405934
-1.0423749869280752
-1.037214149550975
-1.0362692082640594
-1.0350320743814507
-1.0306842165593866
-1.027897501296699
-1.0237670054978256
-1.0174372894467414
-1.0166384903694945
-1.0113261859601848
-1.0075910474787872
-1.0060237498861746
-1.0009959113809712
-0.9921828160513688
-0.987725387319556
-0.9839630707307713
-0.9815578560605819
-0.9739683647951098
-0.9598535716012683
-0.9527264510092123
-0.9448682387666201
-0.9388983496424155
-0.9331406739846821
-0.9279678482384962
-0.9186347287354215
-0.9170074132735416
-0.9134124903384305
-0.8977413335038801
-0.8924107995270611
-0.8875080374114775
-0.882171084101752
-0.8740144447733449
-0.8631148547480205
-0.8518020190550306
-0.8445499090419838
-0.8278055317059815
-0.8031076835834103
-0.7726998974128617
-0.7639320493034054
-0.762846469505233
-0.7432036401196218
-0.7280213284370222
-0.7259207545383018
-0.6999847977739986
-0.6862147079193649
-0.6658119505403852
-0.6645750781135883
-0.6627139904270557
-0.6330477788700409
-0.6130794712337436
-0.6019662066102405
-0.5940566641292071
-0.5795594557305374
-0.5514127102936992
-0.22890773588956181
-0.22774024942965423
-0.22119962313911337
-0.216316401379907
-0.2139608013989119
-0.2108065781443891
-0.20787084211798007
-0.205493009838852
-0.19445831240943764
-0.18742918157436372
-0.18242056496238795
-0.17623226337667558
-0.17098303922280741
-0.166613967371423
-0.16381898741977022
-0.15781308275627381
-0.04921258253352428
-0.035913239623988354
-0.012673680400298726
-0.01037641494334671
0.01037641494334657
0.012673680400298778
0.03591323962398769
0.04921258253352435
0.15781308275627356
0.16381898741977047
0.16661396737142298
0.17098303922280747
0.17623226337667589
0.1824205649623878
0.18742918157436372
0.1944583124094376
0.20549300983885185
0.20787084211797965
0.2108065781443891
0.21396080139891183
0.21631640137990732
0.2211996231391135
0.22774024942965423
0.22890773588956193
0.5514127102936992
0.5795594557305368
0.5940566641292069
0.6019662066102395
0.6130794712337427
0.6330477788700405
0.6627139904270558
0.6645750781135886
0.6658119505403852
0.6862147079193645
0.6999847977739982
0.7259207545383016
0.7280213284370223
0.7432036401196217
0.7628464695052332
0.7639320493034054
0.7726998974128615
0.8031076835834102
0.8278055317059813
0.8445499090419836
0.8518020190550306
0.8631148547480207
0.8740144447733443
0.882171084101752
0.8875080374114775
0.8924107995270613
0.89774133350388
0.9134124903384305
0.9170074132735416
0.9186347287354215
0.9279678482384961
0.9331406739846811
0.9388983496424158
0.9448682387666202
0.9527264510092123
0.9598535716012683
0.9739683647951101
0.981557856060582
0.9839630707307709
0.987725387319556
0.9921828160513688
1.0009959113809712
1.0060237498861744
1.0075910474787868
1.0113261859601843
1.0166384903694945
1.0174372894467412
1.0237670054978256
1.027897501296699
1.0306842165593864
1.0350320743814514
1.03626920826406
1.0372141495509748
1.042374986928075
1.0434559478405931
1.0489488522936423
1.0574949046734798
1.0596561926743382
1.0656493435158845
1.0673636828639053
1.0765920322619098
1.0875531643703051
1.1027834091803117
1.1151030820498617
1.1195839107891237
1.1233350287456583
1.1265499569972017
1.1434517429315711
1.1478023617841162
1.1538065333461034
1.1623528297903598
1.1639086550372235
1.170065443242816
1.1760530762919839
1.1785434822285275
1.1833901778924398
1.1888426297313883
1.1960276407286536
1.2023902266051567
1.2071492503805812
1.2179272483069632
1.2261708774456748
1.232812225725783
1.2352569750838207
1.2492276420391581
1.2505668362049893
1.254267105068779
1.2572915908776396
1.264685463162384
1.2691368778784655
1.2784901627336973
1.2930367315288722
1.300286072482395
1.3051771590816035
1.3132607474629407
1.3183188524041447
1.3217219465437158
1.3245712845639077
1.3398751600529069
1.3583770934126702
1.363946225315105
1.3727974039712147
1.3865040851223593
1.390200515732222
1.3934753404710036
1.3995733197358928
1.422397931265905
1.4350600854466988
