-1.6612855276966814
-1.6415766949074564
-1.6274908883272954
-1.626959753758159
-1.6087482988597082
-1.606362896286604
-1.6013819281228479
-1.6000737095737672
-1.593292182020051
-1.5829893931181553
-1.576335033181699
-1.5710084631831986
-1.5568199824659072
-1.5547604186542758
-1.5494387195629107
-1.546213080871469
-1.541209957146218
-1.538138805827542
-1.5320455267617743
-1.5242067561150605
-1.5186788152014057
-1.5154162601154955
-1.5129074456047724
-1.506901250866672
-1.4979573574741316
-1.494091509815742
-1.489004495718121
-1.4878947392651476
-1.4856517116851617
-1.4816306032107505
-1.4795920543868568
-1.4756511210745624
-1.4707792315984
-1.4626181684600594
-1.4599239032938112
-1.4568187012139868
-1.4546863568131574
-1.4518368778129433
-1.4474395393037776
-1.4417514645466578
-1.4381263598196794
-1.434143121428273
-1.432126121588685
-1.4246529251827809
-1.4220357934120615
-1.417617478222707
-1.4151842658273237
-1.414639262711999
-1.4068807783669652
-1.4008734626424757
-1.3963278311500928
-1.394005683818905
-1.3866466924199283
-1.37972026077386
-1.3775392699707278
-1.3728560687455138
-1.3638232787460245
-1.3596748024589533
-1.3581423948528484
-1.3562049955153215
-1.352844816233857
-1.3489203948121244
-1.347135356796628
-1.3422606055416764
-1.3413087267892263
-1.3374624173306873
-1.335908474987787
-1.3332416735727746
-1.329289131471019
-1.3252444424107677
-1.3182095839802481
-1.3148272237186052
-1.3140796164891768
-1.3063376643128262
-1.3031138836743283
-1.2998784040438622
-1.289346326020528
-1.287316865300927
-1.2817440477172204
-1.2785708519128334
-1.2672644778892241
-1.2605264042078383
-1.2577334245922325
-1.2564454984236872
-1.2542361185131434
-1.2518474206673684
-1.2476537660772706
-1.2432030035698214
-1.2376756602772632
-1.232564537164941
-1.2297352359186062
-1.2226241120756816
-1.214096970110321
-1.2104322212686744
-1.209340841217464
-1.2030510015472118
-1.2016663909820535
-1.1996294196800448
-1.198608782481133
-1.188657332962281
-1.1864371234841318
-1.1825474793804223
-1.179193367963981
-1.1740343464248937
-1.1680767017388045
-1.1631266564544684
-1.161387999549336
-1.1418475373584809
-1.1389889329453384
-1.1367451929543062
-1.1315955925591938
-1.129382648114987
-1.125310854446501
-1.1115179961016446
-1.1046126818937205
-1.1012647210987396
-1.0982072120458466
-1.0861243893667243
-1.0793011247443405
-1.0783142940063972
-1.075622256575816
-1.0622197082934033
-1.0512071096846103
-1.0476549592140079
-1.0428708544800207
-1.034396616934144
-1.0142628269792007
-0.9834136366171582
0.9834136366171584
1.014262826979201
1.034396616934144
1.0428708544800205
1.0476549592140079
1.0512071096846107
1.0622197082934035
1.0756222565758158
1.0783142940063974
1.0793011247443407
1.0861243893667243
1.0982072120458464
1.10126472109874
1.10461268189372
1.1115179961016444
1.1253108544465007
1.129382648114987
1.1315955925591936
1.1367451929543058
1.1389889329453382
1.1418475373584807
1.1613879995493357
1.1631266564544682
1.1680767017388043
1.174034346424894
1.1791933679639817
1.1825474793804223
1.1864371234841316
1.1886573329622814
1.1986087824811325
1.1996294196800452
1.2016663909820535
1.203051001547212
1.2093408412174647
1.2104322212686744
1.2140969701103212
1.2226241120756818
1.2297352359186062
1.2325645371649414
1.2376756602772632
1.2432030035698216
1.2476537660772702
1.2518474206673693
1.2542361185131436
1.2564454984236877
1.2577334245922327
1.2605264042078386
1.2672644778892244
1.2785708519128336
1.2817440477172208
1.287316865300927
1.2893463260205276
1.2998784040438627
1.303113883674329
1.306337664312827
1.3140796164891764
1.314827223718605
1.3182095839802481
1.3252444424107677
1.329289131471019
1.3332416735727748
1.335908474987787
1.3374624173306866
1.3413087267892259
1.3422606055416764
1.3471353567966282
1.3489203948121244
1.3528448162338569
1.3562049955153217
1.3581423948528488
1.3596748024589533
1.3638232787460245
1.3728560687455122
1.3775392699707274
1.3797202607738601
1.3866466924199279
1.3940056838189052
1.396327831150092
1.4008734626424753
1.406880778366965
1.414639262711999
1.4151842658273235
1.417617478222707
1.4220357934120613
1.4246529251827809
1.4321261215886845
1.434143121428273
1.438126359819679
1.4417514645466578
1.4474395393037776
1.451836877812944
1.4546863568131574
1.456818701213987
1.4599239032938114
1.4626181684600599
1.4707792315984003
1.4756511210745629
1.4795920543868568
1.4816306032107505
1.4856517116851617
1.4878947392651478
1.4890044957181214
1.4940915098157417
1.4979573574741307
1.5069012508666721
1.512907445604773
1.5154162601154961
1.518678815201406
1.5242067561150612
1.5320455267617739
1.538138805827542
1.5412099571462183
1.546213080871469
1.5494387195629105
1.554760418654276
1.5568199824659072
1.5710084631831982
1.5763350331816994
1.5829893931181558
1.5932921820200516
1.600073709573767
1.6013819281228479
1.6063628962866043
1.6087482988597082
1.6269597537581608
1.6274908883272954
1.641576694907456
1.6612855276966814
