-1.489279325607814
-1.4782078847208937
-1.417637929197642
-1.4086325821484842
-1.3403545509540014
-1.3224112881304697
-1.3222614647027195
-1.309607260378555
-1.2925857745200493
-1.2795581986639273
-1.2739563629795414
-1.2590231909320482
-1.2558082817699436
-1.2415777422837064
-1.2338665330468572
-1.2292464676945745
-1.2290997234519578
-1.2095321627228186
-1.206694173389961
-1.2031464832185286
-1.194956571714194
-1.1943074002194942
-1.189993348644645
-1.1730754293430086
-1.1723801768511168
-1.1576314189116013
-1.1529015858781524
-1.1335586773415651
-1.1295406495253943
-1.126148278309573
-1.1176559181894066
-1.1157425504678529
-1.1072923976574949
-1.0864423334423987
-1.0819647485626889
-1.075553813622753
-1.0734619819065796
-1.0719455151851147
-1.0661862658739405
-1.0596865607347687
-1.0480303941819336
-1.040016542951919
-1.0274869929924912
-1.0271991834204672
-1.0210385934097639
-1.0132954352161798
-1.0100093175886378
-0.9892616523504547
-0.9840191211063829
-0.9742842075761442
-0.9725303946318686
-0.9714357579518282
-0.9652304979325887
-0.9638698835846483
-0.9309308376931783
-0.9305357815819767
-0.9247546495128014
-0.9215587947984276
-0.9203395875162106
-0.915108848190824
-0.9097074825130157
-0.9047714769136086
-0.8928134592655136
-0.8909041598080316
-0.882871440855893
-0.881085232219545
-0.8787903705694867
-0.8784168394550287
-0.8767422184701938
-0.8744298479128882
-0.8688573713734372
-0.8640026879768771
-0.8547781147443503
-0.8446083872167596
-0.8436759241252747
-0.8393739367844401
-0.8370278208905058
-0.8296925653151869
-0.8062277767942868
-0.8034329395311679
-0.7931202992974042
-0.7699966216208699
-0.7645538288385487
-0.762344848526028
-0.7561133060385353
-0.7518436281578585
-0.7422349647743313
-0.7395524736373827
-0.7347656667973295
-0.7333187077943957
-0.7044796490642891
-0.6983936116072454
-0.6867047187660545
-0.6776755698342702
-0.6759435000182892
-0.6655245871060735
-0.6522720973370344
-0.6088429004929198
-0.6046291520784278
-0.5657367109688205
-0.5624704189690454
-0.5435080441566025
-0.5382863064190896
-0.5134564447110636
-0.4777374639510248
-0.4516923295784459
-0.4505748696218239
-0.36924745090065647
-0.17489972223560613
-0.16531747475923106
-0.16002228323919954
-0.15079347968098597
-0.14685788803359873
-0.14565909159556734
-0.13563515854858435
-0.13147949156116534
-0.12327129361491317
-0.12029373289059833
-0.113326435374967
-0.11274898946140258
-0.10598324281637708
-0.0977588572099076
-0.08187251126894121
-0.08029677555815935
-0.014711943478090026
-0.009759227129573266
-0.0022068567232755103
-0.0017264912111187797
0.0017264912111188534
0.0022068567232756634
0.009759227129572846
0.014711943478090232
0.08029677555815921
0.08187251126894096
0.09775885720990742
0.10598324281637699
0.11274898946140269
0.11332643537496687
0.12029373289059833
0.12327129361491294
0.13147949156116542
0.13563515854858474
0.14565909159556747
0.1468578880335989
0.1507934796809859
0.1600222832391993
0.16531747475923128
0.17489972223560624
0.3692474509006563
0.45057486962182414
0.45169232957844574
0.4777374639510243
0.5134564447110636
0.5382863064190896
0.5435080441566023
0.5624704189690464
0.5657367109688207
0.6046291520784278
0.6088429004929191
0.6522720973370346
0.6655245871060734
0.6759435000182893
0.6776755698342705
0.6867047187660545
0.6983936116072457
0.7044796490642893
0.7333187077943956
0.7347656667973295
0.7395524736373829
0.7422349647743308
0.7518436281578585
0.7561133060385353
0.7623448485260279
0.7645538288385486
0.7699966216208699
0.7931202992974046
0.8034329395311675
0.8062277767942869
0.8296925653151871
0.8370278208905058
0.83937393678444
0.8436759241252744
0.8446083872167596
0.8547781147443502
0.864002687976877
0.8688573713734368
0.8744298479128881
0.876742218470194
0.8784168394550294
0.8787903705694871
0.8810852322195452
0.8828714408558931
0.8909041598080317
0.8928134592655138
0.9047714769136086
0.9097074825130157
0.9151088481908238
0.9203395875162105
0.9215587947984273
0.9247546495128022
0.9305357815819766
0.9309308376931786
0.9638698835846481
0.9652304979325881
0.9714357579518282
0.9725303946318672
0.9742842075761441
0.9840191211063831
0.9892616523504554
1.0100093175886378
1.0132954352161796
1.0210385934097637
1.027199183420467
1.027486992992491
1.0400165429519193
1.0480303941819336
1.0596865607347685
1.0661862658739405
1.071945515185114
1.0734619819065792
1.0755538136227527
1.0819647485626886
1.086442333442398
1.1072923976574947
1.115742550467853
1.1176559181894066
1.126148278309573
1.1295406495253943
1.1335586773415656
1.152901585878152
1.157631418911601
1.1723801768511166
1.1730754293430086
1.189993348644645
1.1943074002194944
1.194956571714194
1.203146483218529
1.2066941733899608
1.2095321627228188
1.2290997234519583
1.2292464676945745
1.2338665330468572
1.2415777422837062
1.2558082817699436
1.259023190932048
1.2739563629795412
1.279558198663928
1.2925857745200489
1.309607260378555
1.32226146470272
1.3224112881304704
1.3403545509540011
1.408632582148483
1.4176379291976413
1.478207884720894
1.4892793256078145
