-10.69898551395436
-10.548684275450817
-10.36538547660842
-10.236636782920115
-10.231938842350658
-10.17540747883521
-10.123876661852206
-10.061900124532288
-9.950439661963454
-9.91473615778998
-9.912655705040827
-9.894430219071634
-9.866029669064627
-9.857131771171488
-9.7493783771037
-9.736673991878991
-9.638669323797568
-9.630432483656199
-9.590179974389702
-9.545237611296914
-9.527737805256294
-9.470767174117936
-9.44193955675099
-9.417429847371672
-9.380800340089218
-9.375084115394088
-9.291122718233584
-9.264433136957818
-9.25354674241622
-9.2310016311711
-9.177162317851307
-9.114869116290933
-9.110488900045558
-9.099050456655448
-9.085412451262167
-8.96264944178343
-8.938693390612535
-8.914071565800574
-8.828466550559163
-8.825396783236275
-8.722958396487122
-8.710626222910761
-8.687628669661157
-8.604268418806168
-8.58134565152487
-8.577006895304123
-8.534997643791181
-8.457171320801995
-8.45283312992413
-8.417504978483752
-8.373734625771315
-8.34908351853879
-8.321871715048863
-8.27897809047097
-8.251173602819105
-8.23748798261435
-8.235285156913875
-8.222690814141455
-8.175177053645955
-8.046985184177792
-7.948684016570396
-7.904687381405772
-7.887836156127908
-7.878918299397008
-7.840373995531937
-7.831655316008751
-7.813025334170087
-7.77220521178424
-7.742328619476602
-7.66653593651873
-7.617642629819528
-7.546485697621545
-7.5245023773175825
-7.492358820548348
-7.46730330290403
-7.381342668316501
-7.3546989078272
-7.31193925479616
-7.2170073893308535
-7.207775165859065
-7.194427408509183
-7.10652379421689
-6.899778632467565
-6.842873198863742
-6.7775648077412605
-6.497831408510376
-6.478498985025518
-6.39793677578634
-6.378801994640463
-6.284329049303944
-6.27538768342626
-6.127427817074778
-6.109879114283734
-6.091202843539098
-6.039622709891046
-5.982378627565381
-5.846256247270954
-5.7574740418846755
-5.717772219025602
-5.695918602208521
-5.603730264502071
-5.567707576985009
-5.267739864739573
-5.15841052550711
-5.110014477043597
-4.92990822278852
-4.887424253928417
-4.694649188260058
-1.0280156147180284
-0.9977546108293726
-0.978939745543154
-0.9764962785626833
-0.9432152122096796
-0.9380386358377755
-0.908651900697067
-0.8988705354426687
-0.8740605981998663
-0.8565271866491911
-0.8452899073501189
-0.8298636903758695
-0.8269302808282951
-0.7887747502319942
-0.7857911744543636
-0.7761825279701007
-0.08118514403975764
-0.05888601074519744
-0.004219837290950679
-0.002788965260353179
0.002788955558319116
0.004219845624609407
0.05888601821574419
0.08118514253737566
0.776182521271068
0.785791178765925
0.7887747460299828
0.826930280595515
0.8298636891345645
0.8452899020264014
0.8565271845193068
0.8740605993391614
0.8988705300641308
0.9086519021477218
0.9380386342382517
0.943215212785638
0.9764962723248377
0.9789397391389205
0.9977546082173991
1.028015620167269
4.694649201189843
4.887424254506237
4.929908232987925
5.110014463333272
5.1584105326474505
5.267739881458374
5.567707580940601
5.603730264165901
5.695918619572806
5.717772210102196
5.757474054408618
5.846256250548748
5.98237862136693
6.03962271009915
6.091202854429408
6.109879115272386
6.1274278258063495
6.275387675398119
6.284329043546451
6.378801997320347
6.39793678509406
6.47849899784871
6.497831413100717
6.777564794127757
6.84287321090786
6.89977863814893
7.106523795412658
7.194427413852225
7.207775181236149
7.217007392141654
7.311939247267443
7.354698908332632
7.381342659181963
7.467303317317914
7.492358818087406
7.524502373288664
7.546485697965652
7.617642631679614
7.666535945131697
7.742328612574455
7.772205209784783
7.813025328650115
7.83165530863424
7.840373991287185
7.8789182974803245
7.887836159987806
7.904687377455779
7.948684015604771
8.046985175952027
8.175177050441961
8.222690815594287
8.235285154597571
8.237487979085374
8.251173608107804
8.278978096569226
8.321871721466819
8.349083517099963
8.373734626414812
8.41750498282888
8.452833132408237
8.457171321969597
8.534997649717422
8.577006897162105
8.581345655269248
8.60426841934973
8.687628665463542
8.710626222595442
8.722958392526554
8.82539677826814
8.828466550899714
8.91407156639199
8.93869338766751
8.962649438164739
9.085412448881462
9.099050455247385
9.11048889353424
9.114869115956157
9.1771623143151
9.231001632468747
9.253546742074873
9.26443313702769
9.291122716233339
9.375084120891113
9.380800341305203
9.417429848151897
9.441939546793915
9.470767176011215
9.527737803169472
9.545237608384651
9.590179972608368
9.630432475406288
9.638669323360533
9.736673989728278
9.7493783802454
9.857131765490445
9.866029666605224
9.894430210188718
9.912655699628694
9.91473615140582
9.950439670885162
10.06190012095649
10.12387665809558
10.175407467166261
10.23193884693805
10.236636780093189
10.365385476192525
10.548684260567883
10.698985524573157
