-3.8705929281408946
-3.8705929148463385
-3.855089793751294
-3.8550897936239052
-3.8509479180678516
-3.85094791743958
-3.827633148451051
-3.8276331354632087
-3.740832620678772
-3.740832610965017
-3.705815083011883
-3.705815080707126
-3.6631588550429277
-3.663158852438886
-3.634514229721902
-3.634514222258611
-3.5381350526559934
-3.5381350468332053
-3.4938994182924885
-3.493899414744594
-3.4251263473444347
-3.425126339604478
-3.399703341986306
-3.399703335173822
-3.394958542151755
-3.394958536669718
-3.330933519653723
-3.330933515513658
-3.3068420013648936
-3.30684199767664
-3.266593017555914
-3.266593017413498
-3.2268577030777665
-3.2268577016930644
-3.1991159805373495
-3.1991159747233016
-3.185068474442055
-3.1850684648492917
-3.1490725537187783
-3.149072549006091
-3.1417483829782094
-3.141748374705427
-3.1414547938766204
-3.141454792783411
-3.108792060713301
-3.1087920596845664
-3.0637375780199303
-3.063737575047036
-3.0238349241396687
-3.0238349178964876
-3.0167654071188723
-3.016765404584965
-2.9938107402550185
-2.9938107385638326
-2.940558925654164
-2.940558923832194
-2.915836882496395
-2.915836880981968
-2.881373736466554
-2.8813737330358418
-2.848186364844326
-2.8481863627830255
-2.8097239819623554
-2.809723980461461
-2.7525724507669613
-2.752572448720702
-2.7085181289459723
-2.7085181265735625
-2.682252000312579
-2.682251990178606
-2.655881602447321
-2.655881602120876
-2.635427954623748
-2.6354279528693985
-2.548635978018293
-2.548635975434188
-2.4634959413828863
-2.463495937536681
-2.451057404416514
-2.451057403974632
-2.4147138140782967
-2.4147138096921577
-2.345372686496864
-2.345372683044986
-2.333559601237259
-2.33355959586764
-2.305696360913913
-2.3056963607987457
-2.2735952035993257
-2.2735952014068768
-2.2543500512472736
-2.2543500463757487
-2.1967007690387463
-2.196700762116441
-2.0982876576253817
-2.098287655339466
-2.0597883889859117
-2.0597883859711525
-1.925656217206291
-1.9256562136716544
-1.8997873521530406
-1.8997873437955715
-1.8343047371092513
-1.83430473638616
-1.7459215924904865
-1.7459215880839414
-1.7160476352518272
-1.7160476347593714
-1.4770614615720112
-1.47706145589306
-1.462444082672569
-1.462444079176796
-1.394937405499801
-1.3949374025855275
-1.335938090277309
-1.3359380902033173
-1.2711404806345477
-1.2711404790593306
-1.182046472776996
-1.1820464647027016
-1.0812197838023234
-1.08121977360733
-0.9891292423818964
-0.9891292420698058
-0.9132116415376085
-0.913211639176843
-0.836835639855268
-0.8368356293338822
0.8368356293338819
0.8368356398552689
0.913211639176842
0.9132116415376087
0.9891292420698048
0.9891292423818969
1.0812197736073283
1.0812197838023239
1.1820464647027031
1.1820464727769968
1.2711404790593317
1.2711404806345477
1.3359380902033178
1.3359380902773088
1.394937402585527
1.3949374054997996
1.462444079176796
1.462444082672569
1.4770614558930601
1.4770614615720117
1.7160476347593732
1.7160476352518277
1.745921588083941
1.7459215924904856
1.8343047363861595
1.8343047371092505
1.8997873437955708
1.8997873521530413
1.9256562136716555
1.925656217206292
2.0597883859711534
2.0597883889859125
2.0982876553394667
2.0982876576253813
2.1967007621164405
2.1967007690387463
2.254350046375748
2.254350051247274
2.2735952014068794
2.2735952035993265
2.3056963607987457
2.305696360913912
2.33355959586764
2.333559601237259
2.345372683044987
2.3453726864968645
2.4147138096921563
2.4147138140782953
2.451057403974631
2.451057404416515
2.4634959375366807
2.463495941382888
2.548635975434188
2.548635978018292
2.6354279528693976
2.635427954623748
2.6558816021208775
2.65588160244732
2.6822519901786066
2.682252000312579
2.708518126573562
2.7085181289459705
2.7525724487207013
2.7525724507669604
2.8097239804614604
2.809723981962356
2.8481863627830255
2.8481863648443246
2.8813737330358418
2.881373736466553
2.915836880981967
2.9158368824963956
2.9405589238321936
2.9405589256541638
2.9938107385638326
2.9938107402550176
3.0167654045849654
3.0167654071188705
3.0238349178964863
3.0238349241396687
3.0637375750470355
3.063737578019929
3.108792059684567
3.1087920607133004
3.141454792783415
3.141454793876621
3.1417483747054256
3.1417483829782085
3.1490725490060902
3.1490725537187787
3.185068464849291
3.1850684744420534
3.199115974723301
3.199115980537349
3.2268577016930626
3.2268577030777656
3.266593017413499
3.266593017555914
3.3068419976766403
3.3068420013648905
3.330933515513658
3.330933519653722
3.394958536669717
3.394958542151754
3.3997033351738217
3.3997033419863065
3.4251263396044767
3.4251263473444356
3.493899414744593
3.4938994182924885
3.5381350468332062
3.5381350526559934
3.6345142222586104
3.634514229721906
3.663158852438885
3.663158855042926
3.705815080707124
3.705815083011882
3.740832610965017
3.740832620678771
3.8276331354632096
3.827633148451053
3.850947917439579
3.850947918067854
3.8550897936239026
3.855089793751293
3.870592914846337
3.8705929281408973
