-10.766078477314176
-10.741084543091624
-10.735655219386173
-10.621229911163582
-10.598129321461657
-10.530004397640855
-10.527747736747557
-10.487398452390902
-10.457889411605294
-10.397078674778816
-10.372372749276563
-10.306228468088747
-10.298993990197024
-10.278630926131738
-10.256433565973726
-10.245555747448558
-10.21292855823974
-10.180546533986027
-10.155266488812169
-10.14663680395777
-10.077117993924785
-10.055277242835201
-10.037046431042027
-10.021861211238413
-10.014299683886938
-10.000484714528467
-9.961910667030805
-9.920865204207312
-9.882603898562541
-9.82354712174572
-9.819601758984568
-9.763641733501832
-9.734753162377523
-9.718504470807758
-9.713222938980866
-9.703950428882253
-9.67218453233811
-9.647414271318812
-9.603995632837343
-9.572102430464026
-9.549596782659165
-9.546063107125539
-9.507458421647748
-9.474081302818266
-9.456747132446987
-9.440540205214303
-9.42089918716807
-9.415737548489576
-9.369135027877952
-9.325618741580337
-9.310589712358599
-9.295200044810576
-9.257664758774633
-9.236222347522864
-9.226587413026504
-9.218192699719209
-9.18764282406362
-9.166456592158283
-9.14255795045176
-9.137457608837893
-9.108632379410626
-9.08653886700927
-9.056742750051745
-9.010540280165905
-8.984951791058524
-8.970154400757057
-8.941655274228275
-8.902346424432979
-8.867090986189408
-8.857318422103496
-8.846979404354503
-8.816338340415237
-8.799209054931586
-8.79607645781979
-8.774842229344975
-8.744417515159792
-8.72818321248515
-8.721829383002722
-8.69818812480908
-8.684425075653358
-8.648568802971889
-8.624281745577653
-8.598394403878585
-8.578828827910513
-8.516131110732013
-8.476242319571355
-8.459578359962661
-8.414811237650406
-8.390259554807267
-8.377528483428282
-8.355224467593672
-8.33309130398541
-8.30944434170006
-8.29064946505234
-8.283470720659398
-8.267171366989757
-8.230586329175711
-8.183623352477941
-8.123923729163728
-8.104257890797488
-8.071382731842514
-8.025232369289752
-8.006176105527452
-7.96249633583349
-7.945760899920409
-7.920504841689177
-7.881449866946765
-7.846603951044561
-7.818914951392269
-7.801146334617205
-7.793117795886917
-7.78196417043306
-7.67378587871053
-7.634994666572917
-7.583002019175474
-7.5652450142930245
-7.560360630598639
-7.533349661738806
-7.530018356605626
-7.488159964915532
-7.4867897208214575
-7.4067726900302615
-7.351408460450801
-7.33866532038449
-7.313155585915565
-7.20627449808061
-7.089660514367083
-6.941225125565889
6.941225124198882
7.089660525071188
7.2062744916380606
7.3131555947321
7.338665313563199
7.3514084495654455
7.4067726953064446
7.486789725513478
7.4881599726098385
7.530018349661524
7.533349657933812
7.560360629092007
7.565245009519216
7.583002013988803
7.634994674803751
7.673785874783557
7.781964171113099
7.793117801836471
7.801146338119806
7.8189149564387375
7.846603961694174
7.88144986976463
7.920504841267946
7.94576089468564
7.9624963351029585
8.006176107214966
8.02523236967617
8.071382735657648
8.104257884959262
8.123923723285948
8.183623351505558
8.230586331513917
8.267171363784364
8.283470727583767
8.29064946212889
8.3094443411741
8.333091300256946
8.35522447013994
8.377528490323991
8.390259560867635
8.414811237041555
8.459578362491428
8.47624232510519
8.51613111486897
8.578828833142698
8.598394407187243
8.624281741417956
8.648568795101468
8.684425073477946
8.698188124289581
8.721829380919159
8.72818321121775
8.744417516842724
8.774842233610203
8.796076456434891
8.799209056463972
8.816338341360908
8.84697940269451
8.85731841734764
8.867090985369716
8.902346420188529
8.941655269403759
8.970154401300615
8.984951789670847
9.010540280229435
9.056742749858428
9.086538862958385
9.108632378061358
9.1374576028543
9.142557948189117
9.166456590095656
9.187642827346233
9.218192699291702
9.226587415898699
9.236222345086741
9.25766476072139
9.295200044571205
9.31058971007654
9.325618737214285
9.369135030516716
9.415737552862202
9.420899184619683
9.440540206211676
9.456747127320268
9.474081304939329
9.507458427555719
9.546063110340391
9.549596787153392
9.572102427315427
9.603995632983809
9.647414271026962
9.672184536224677
9.703950424473474
9.713222946625876
9.718504466968119
9.734753164305767
9.763641730689983
9.819601754156459
9.823547118704976
9.882603899342978
9.920865197822724
9.961910661358287
10.000484713249065
10.014299682341925
10.021861215857122
10.037046424417083
10.055277239167307
10.077117993942341
10.146636799132109
10.15526648627419
10.180546540725484
10.212928563557753
10.245555747885343
10.25643356505075
10.278630920024021
10.298993993100728
10.306228467981576
10.372372743507853
10.39707867868786
10.457889405817392
10.487398452841003
10.527747750452086
10.530004406855207
10.598129323193028
10.621229903303327
10.735655222586079
10.741084531558656
10.766078489551012
