-1.2761255740771544
-1.276125574077154
-1.2548376288087904
-1.2548376288087904
-1.25483762880879
-1.2548376288087895
-1.233182252765253
-1.2331822527652527
-1.2212307014500068
-1.2212307014500063
-1.2212307014500061
-1.221230701450006
-1.1989684816644661
-1.1989684816644657
-1.1989684816644657
-1.1989684816644652
-1.1781396565282534
-1.1781396565282531
-1.1781396565282531
-1.1781396565282525
-1.1637492734753498
-1.1637492734753494
-1.1550472042930673
-1.1550472042930668
-1.1550472042930668
-1.1550472042930666
-1.1295651117373906
-1.1295651117373906
-1.1295651117373906
-1.1295651117373902
-1.1184457946788664
-1.1184457946788655
-1.1184457946788655
-1.118445794678865
-1.105458427764257
-1.1054584277642563
-1.1054584277642563
-1.105458427764256
-1.0806515669574124
-1.080651566957412
-1.0806515669574117
-1.0806515669574115
-1.0712280895100135
-1.0712280895100135
-1.0671575736528474
-1.067157573652847
-1.0671575736528467
-1.0671575736528465
-1.0554282557465617
-1.0554282557465613
-1.055428255746561
-1.055428255746561
-1.037568616188692
-1.0375686161886912
-1.037568616188691
-1.0375686161886906
-1.0175627308058541
-1.017562730805854
-1.017562730805854
-1.0175627308058537
-1.0152417222109424
-1.015241722210942
-1.015241722210942
-1.0152417222109413
-1.0112712925622067
-1.0112712925622065
-1.011271292562206
-1.0112712925622058
-1.0071915742269129
-1.0071915742269129
-1.0071915742269124
-1.0071915742269124
-0.9800795177200706
-0.9800795177200705
-0.9800795177200705
-0.9800795177200702
-0.9692556828051331
-0.9692556828051326
-0.9692556828051326
-0.9692556828051325
-0.9629768318284062
-0.962976831828406
-0.9629768318284057
-0.9629768318284057
-0.9609048873300939
-0.9609048873300937
-0.9366657955450362
-0.936665795545036
-0.9366657955450357
-0.9366657955450357
-0.9143660113819191
-0.914366011381919
-0.9143660113819189
-0.9143660113819184
-0.9029001439849631
-0.902900143984963
-0.9029001439849628
-0.9029001439849627
-0.9023570498840509
-0.9023570498840505
-0.9023570498840503
-0.9023570498840499
-0.8797450975506771
-0.8797450975506771
-0.8797450975506769
-0.8797450975506768
-0.8719915362755347
-0.8719915362755343
-0.871991536275534
-0.8719915362755337
-0.8508639692337862
-0.8508639692337857
-0.8508639692337855
-0.8508639692337853
-0.840903762342204
-0.840903762342204
-0.8228950059550583
-0.822895005955058
-0.8228950059550579
-0.8228950059550576
-0.8135451604147393
-0.8135451604147393
-0.8135451604147392
-0.8135451604147391
-0.7847674570555788
-0.7847674570555787
-0.7847674570555777
-0.7847674570555775
-0.7574726496357552
-0.757472649635755
-0.7574726496357544
-0.7574726496357543
-0.7441412470408096
-0.7441412470408092
-0.7441412470408092
-0.7441412470408091
-0.7242933009393949
-0.7242933009393948
-0.6800639820484954
-0.6800639820484953
-0.6800639820484952
-0.6800639820484945
-0.6794623656362462
-0.6794623656362462
-0.6794623656362461
-0.6794623656362455
-0.6327505460871814
-0.6327505460871807
-0.5946087569395626
-0.594608756939562
-0.5946087569395619
-0.5946087569395618
-0.5121527096105383
-0.5121527096105383
-0.512152709610538
-0.5121527096105379
-0.44742220760193346
-0.44742220760193335
-0.447422207601933
-0.44742220760193296
-0.00010068340468954296
-0.00010068340468930988
0.00010068340469015903
0.00010068340469026976
0.44742220760193296
0.4474222076019335
0.4474222076019336
0.44742220760193363
0.5121527096105385
0.5121527096105386
0.5121527096105386
0.5121527096105387
0.5946087569395619
0.5946087569395619
0.5946087569395623
0.5946087569395625
0.632750546087181
0.6327505460871813
0.6794623656362461
0.6794623656362465
0.6794623656362467
0.6794623656362472
0.6800639820484949
0.680063982048495
0.6800639820484952
0.6800639820484953
0.7242933009393946
0.7242933009393955
0.7441412470408084
0.744141247040809
0.7441412470408095
0.7441412470408098
0.7574726496357547
0.7574726496357548
0.7574726496357548
0.7574726496357549
0.7847674570555777
0.7847674570555779
0.7847674570555782
0.7847674570555784
0.8135451604147388
0.8135451604147392
0.8135451604147393
0.8135451604147396
0.8228950059550585
0.8228950059550586
0.8228950059550587
0.8228950059550587
0.8409037623422041
0.8409037623422043
0.8508639692337853
0.8508639692337856
0.8508639692337857
0.850863969233786
0.8719915362755335
0.871991536275534
0.8719915362755343
0.8719915362755344
0.8797450975506768
0.879745097550677
0.879745097550677
0.8797450975506781
0.9023570498840501
0.9023570498840502
0.9023570498840503
0.9023570498840505
0.9029001439849628
0.9029001439849632
0.9029001439849633
0.9029001439849634
0.9143660113819186
0.9143660113819189
0.914366011381919
0.914366011381919
0.9366657955450353
0.9366657955450359
0.9366657955450362
0.9366657955450365
0.9609048873300937
0.9609048873300937
0.9629768318284057
0.9629768318284057
0.9629768318284059
0.9629768318284063
0.9692556828051324
0.9692556828051326
0.9692556828051326
0.9692556828051329
0.9800795177200693
0.9800795177200701
0.9800795177200701
0.9800795177200703
1.0071915742269122
1.0071915742269124
1.0071915742269129
1.007191574226913
1.011271292562206
1.011271292562206
1.011271292562206
1.0112712925622065
1.0152417222109413
1.0152417222109416
1.0152417222109416
1.0152417222109416
1.0175627308058537
1.017562730805854
1.017562730805854
1.0175627308058541
1.037568616188691
1.0375686161886912
1.0375686161886915
1.0375686161886917
1.0554282557465613
1.0554282557465613
1.055428255746562
1.055428255746562
1.067157573652847
1.067157573652847
1.0671575736528476
1.0671575736528476
1.0712280895100132
1.0712280895100144
1.0806515669574106
1.0806515669574117
1.080651566957412
1.0806515669574124
1.1054584277642558
1.1054584277642563
1.1054584277642565
1.1054584277642567
1.1184457946788648
1.118445794678865
1.1184457946788653
1.1184457946788657
1.1295651117373904
1.1295651117373906
1.1295651117373908
1.129565111737391
1.1550472042930664
1.1550472042930666
1.1550472042930666
1.1550472042930675
1.1637492734753492
1.16374927347535
1.1781396565282527
1.178139656528253
1.1781396565282531
1.1781396565282538
1.1989684816644643
1.1989684816644646
1.1989684816644646
1.1989684816644652
1.2212307014500055
1.2212307014500057
1.2212307014500061
1.2212307014500068
1.2331822527652523
1.233182252765253
1.2548376288087895
1.2548376288087901
1.2548376288087904
1.2548376288087904
1.276125574077154
1.2761255740771553
