-1.2236787827831626
-1.2209803320925599
-1.205399932227481
-1.2034650282135717
-1.1991345522249626
-1.1969894184393062
-1.1863393681134928
-1.1805107012204472
-1.1769869546492555
-1.1742473651223406
-1.172240220473856
-1.1705168813339413
-1.1577110974412363
-1.1534908273749271
-1.148974153581018
-1.1485835288278377
-1.1398604473046106
-1.137445492115157
-1.135240691493417
-1.1300710860785739
-1.1261549345415909
-1.121853479284023
-1.1189984905816854
-1.1158129386702245
-1.1109917534753146
-1.1092754913943126
-1.0995447320282357
-1.094989310719811
-1.0938154298168192
-1.0917886699877548
-1.0885202424685374
-1.0855908621086319
-1.0824656129580907
-1.079006310585386
-1.0773174705734765
-1.0740477994417044
-1.0686061815381551
-1.0658299662607482
-1.0552693579543126
-1.0521332776953
-1.050922606745435
-1.0484824128011316
-1.0474384709049251
-1.044735647703071
-1.0434657466379726
-1.0392217303201252
-1.0371199953496941
-1.0354293845820464
-1.0326936215214841
-1.028772157359052
-1.0257066320352772
-1.0217706978316974
-1.0136420203286982
-1.0103441786875467
-1.0093712743131937
-1.007368190255266
-1.006770228185094
-1.0017992108873084
-0.9984978834357477
-0.9972801498487208
-0.995812546228257
-0.9947152548904574
-0.9925389280457124
-0.9896316861450881
-0.9870439062405764
-0.9849634510832428
-0.9836096293147282
-0.9824274117948061
-0.9808980086390708
-0.9760320140168922
-0.9746395846033814
-0.9718096275844825
-0.9647625677101959
-0.9626444208996707
-0.9618010486344017
-0.9611341083714113
-0.9579487868707983
-0.9565865257161458
-0.9553712670677148
-0.9544226966894994
-0.9537774765070304
-0.9508776750136718
-0.9502404184550204
-0.9481745884593286
-0.9474852992832021
-0.9460735540107681
-0.9437780799062402
-0.9431718524849583
-0.9415777336834877
-0.9399681866526414
-0.9381467274611214
-0.9328640198015942
-0.9307486081788866
-0.9268940603673372
-0.9209505806336484
-0.9168941606765455
-0.9162456834958761
-0.9147018305944388
-0.9094703888030332
-0.9061091101821739
-0.9044866836248188
-0.9018816835416197
-0.8992607623292783
-0.8980579463020018
-0.8976402739817327
-0.8958353979923451
-0.8954847029308601
-0.8927187310691761
-0.8914678805084763
-0.8897096122352584
-0.8727580994977834
-0.8698161364846505
-0.8660565784577827
-0.8651493781244488
-0.8543766255130095
-0.8540023251503094
-0.8524084257981196
-0.8503604623553818
-0.8480668433819641
-0.8453459383204314
-0.8445111899910006
-0.8417056358435305
-0.8389858109458237
-0.8370446382287025
-0.8191268606886792
-0.8159280584470034
-0.8101217558080115
-0.806771356552334
-0.7997048161668171
-0.7968146977402907
-0.7951633925088338
-0.7928699868380218
-0.7903432350650597
-0.7887290920770093
-0.7846553339804118
-0.7833606340743856
-0.7591290553676734
-0.7553556229067615
-0.7524655220078779
-0.7493278870743695
-0.7414229666473052
-0.7406461787290806
-0.7317017473612916
-0.7293115783720108
-0.723801692100272
-0.7228553118490615
-0.7003977991260527
-0.6976985609237445
-0.6972584961432192
-0.6935936227469521
-0.6729632905607249
-0.6702531037394531
-0.6686694168870595
-0.6658960552775898
-0.653798663050539
-0.6484433158899571
-0.6243863981179034
-0.6231870835770481
-0.6184714593232399
-0.6172578172600551
-0.5919485027465172
-0.5864211058135387
0.5864211058135387
0.591948502746517
0.6172578172600554
0.61847145932324
0.6231870835770482
0.6243863981179035
0.6484433158899569
0.6537986630505389
0.6658960552775907
0.6686694168870595
0.670253103739453
0.6729632905607251
0.6935936227469519
0.697258496143219
0.6976985609237444
0.7003977991260528
0.7228553118490614
0.723801692100272
0.7293115783720108
0.7317017473612913
0.7406461787290806
0.7414229666473054
0.7493278870743696
0.7524655220078778
0.7553556229067613
0.7591290553676733
0.7833606340743855
0.7846553339804118
0.7887290920770091
0.7903432350650597
0.7928699868380216
0.7951633925088336
0.7968146977402903
0.7997048161668171
0.8067713565523339
0.8101217558080116
0.8159280584470033
0.8191268606886789
0.8370446382287028
0.8389858109458237
0.8417056358435306
0.8445111899910006
0.8453459383204314
0.848066843381964
0.8503604623553819
0.8524084257981198
0.8540023251503096
0.8543766255130096
0.8651493781244489
0.8660565784577828
0.8698161364846504
0.8727580994977833
0.8897096122352585
0.8914678805084764
0.8927187310691759
0.8954847029308605
0.895835397992345
0.8976402739817326
0.8980579463020018
0.8992607623292783
0.9018816835416197
0.9044866836248181
0.9061091101821737
0.9094703888030333
0.9147018305944388
0.916245683495876
0.9168941606765455
0.9209505806336485
0.926894060367337
0.9307486081788866
0.9328640198015943
0.938146727461121
0.9399681866526414
0.9415777336834877
0.943171852484958
0.9437780799062404
0.9460735540107681
0.9474852992832027
0.9481745884593289
0.9502404184550202
0.9508776750136716
0.9537774765070302
0.9544226966894993
0.9553712670677145
0.9565865257161462
0.957948786870798
0.961134108371411
0.9618010486344016
0.9626444208996717
0.9647625677101959
0.9718096275844827
0.9746395846033813
0.9760320140168921
0.9808980086390713
0.9824274117948061
0.9836096293147288
0.9849634510832428
0.9870439062405761
0.9896316861450881
0.9925389280457124
0.9947152548904572
0.995812546228257
0.9972801498487179
0.9984978834357475
1.0017992108873084
1.0067702281850939
1.0073681902552662
1.0093712743131935
1.0103441786875476
1.0136420203286984
1.0217706978316972
1.0257066320352768
1.0287721573590523
1.0326936215214846
1.0354293845820464
1.0371199953496941
1.0392217303201248
1.0434657466379726
1.0447356477030707
1.0474384709049247
1.0484824128011314
1.0509226067454347
1.0521332776952996
1.0552693579543124
1.0658299662607484
1.0686061815381553
1.0740477994417044
1.077317470573477
1.079006310585386
1.082465612958091
1.0855908621086316
1.0885202424685372
1.0917886699877548
1.0938154298168197
1.094989310719811
1.0995447320282357
1.1092754913943126
1.1109917534753146
1.115812938670225
1.1189984905816857
1.121853479284023
1.1261549345415909
1.1300710860785739
1.1352406914934174
1.1374454921151576
1.139860447304611
1.1485835288278377
1.1489741535810183
1.1534908273749271
1.1577110974412366
1.1705168813339415
1.1722402204738558
1.1742473651223404
1.1769869546492553
1.1805107012204472
1.1863393681134933
1.196989418439306
1.1991345522249621
1.2034650282135724
1.205399932227482
1.2209803320925594
1.2236787827831623
