-1.2288311945382822
-1.2212477771960057
-1.2077001216457088
-1.2026034035737845
-1.2007177793694694
-1.1988225362344664
-1.1859032747747744
-1.1781618855191422
-1.173115253917298
-1.171661025691162
-1.171156071879142
-1.167728606982596
-1.1517941396734306
-1.1486832134639893
-1.1466648599348022
-1.1429187217660024
-1.136220044045968
-1.132923662108896
-1.1293755426743393
-1.1253960637079
-1.1174909155323178
-1.1143107306561113
-1.109117319134912
-1.1048349532087347
-1.1019051558554105
-1.1001382744982757
-1.087820238188312
-1.084852041341479
-1.0807262736545071
-1.0768299649304032
-1.0752683977994655
-1.0739733524605155
-1.0705526049155234
-1.065482541241185
-1.061658348357744
-1.0558786610990902
-1.0538156478695355
-1.0517275855346324
-1.040837786772066
-1.0391674750625224
-1.0359500283202137
-1.0335010437751824
-1.0301152068365178
-1.025480296671403
-1.0237686834812794
-1.0208959175698582
-1.0175997285011593
-1.016427693720723
-1.0137729532871589
-1.0101750452894602
-1.0077398190465299
-1.006192825867462
-0.9968970819452033
-0.9959258364273939
-0.9927348861096643
-0.9920539489601086
-0.9826350139171638
-0.9787998131385641
-0.9770772132319713
-0.9750854468206228
-0.9745412639000185
-0.9727969777408124
-0.9707647444868183
-0.9697400577633142
-0.9683648794014107
-0.9676202844283573
-0.9650172016103795
-0.9630783380269955
-0.9626421294828926
-0.9602796511028936
-0.9588521675457111
-0.9556726130454306
-0.9440651222066129
-0.9380359108452588
-0.9364051365629943
-0.9322068367706822
-0.9298629649572884
-0.9275108556894134
-0.9252496738331601
-0.9244272676636451
-0.9216914451665195
-0.92034032468671
-0.9183302072834472
-0.9168294232773743
-0.9150977548052055
-0.9091050809453038
-0.8986403664090629
-0.897217509502039
-0.8942046699555946
-0.8902026284110371
-0.8797348259248541
-0.8752160080758352
-0.8746477571199318
-0.8706603760135379
-0.8690266925125968
-0.8677733697170513
-0.8661634106998872
-0.8649064062484227
-0.8620630753604345
-0.8592751395034942
-0.8580621353883652
-0.8575354491887448
-0.8458486475745982
-0.8440967348404048
-0.8404126326216672
-0.8383973041945879
-0.833586972398023
-0.8277525354129665
-0.8235533553334689
-0.8218015688056174
-0.8150816962848906
-0.8122788152204133
-0.811668417115674
-0.8091823807054941
-0.8054148577675231
-0.803777306378068
-0.7896398606622886
-0.7838076940882864
-0.7827507328807345
-0.7820474416573979
-0.7788076820126395
-0.777495110789858
-0.7746503917329537
-0.7706883734168741
-0.7541497942333869
-0.7487167839220266
-0.7485363781857655
-0.7459443547127974
-0.7311215950411744
-0.7221775546340891
-0.7184102436889594
-0.7163218025800749
-0.7152739014404184
-0.7141882927353977
-0.7114739946869986
-0.7084580417229607
-0.6936947477159529
-0.6895173572567446
-0.6573170540940743
-0.6541408929582944
-0.6512653993441306
-0.6481735233844133
-0.6467356104639786
-0.644193229306152
-0.6437785399479253
-0.6429429298231406
-0.6097449433458303
-0.6022300838418816
-0.568154279178326
-0.5651749361636615
-0.5634037898608959
-0.5577174331860051
-0.4983399914209034
-0.4866512475413977
-0.48424053764118835
-0.4760182114822402
-0.43406022769414454
-0.4308937811704541
-0.42835131386248204
-0.41908945289540606
-0.00010454363573372702
-9.053251735034519e-05
9.05325173506098e-05
0.00010454363573521881
0.41908945289540606
0.42835131386248215
0.43089378117045407
0.43406022769414476
0.4760182114822398
0.484240537641188
0.4866512475413974
0.4983399914209034
0.5577174331860049
0.5634037898608955
0.565174936163661
0.5681542791783254
0.6022300838418813
0.6097449433458297
0.6429429298231405
0.6437785399479253
0.6441932293061519
0.6467356104639784
0.6481735233844133
0.6512653993441306
0.6541408929582944
0.657317054094074
0.6895173572567445
0.6936947477159527
0.7084580417229606
0.7114739946869985
0.7141882927353977
0.7152739014404185
0.716321802580075
0.7184102436889594
0.722177554634089
0.7311215950411741
0.7459443547127973
0.7485363781857656
0.7487167839220263
0.7541497942333868
0.7706883734168741
0.7746503917329538
0.7774951107898581
0.7788076820126395
0.7820474416573981
0.7827507328807347
0.7838076940882865
0.7896398606622888
0.8037773063780682
0.805414857767523
0.8091823807054941
0.8116684171156736
0.8122788152204131
0.8150816962848907
0.8218015688056176
0.8235533553334687
0.8277525354129666
0.8335869723980232
0.8383973041945878
0.8404126326216669
0.8440967348404046
0.8458486475745982
0.8575354491887449
0.8580621353883658
0.8592751395034943
0.862063075360435
0.8649064062484227
0.8661634106998872
0.8677733697170513
0.869026692512597
0.870660376013538
0.8746477571199319
0.8752160080758352
0.879734825924854
0.890202628411037
0.8942046699555944
0.8972175095020385
0.8986403664090628
0.909105080945304
0.9150977548052055
0.9168294232773742
0.9183302072834474
0.9203403246867092
0.9216914451665195
0.9244272676636451
0.9252496738331607
0.9275108556894137
0.9298629649572884
0.9322068367706821
0.9364051365629942
0.9380359108452587
0.944065122206613
0.9556726130454308
0.958852167545711
0.9602796511028936
0.962642129482893
0.9630783380269947
0.9650172016103798
0.9676202844283576
0.9683648794014107
0.9697400577633142
0.9707647444868185
0.9727969777408126
0.9745412639000185
0.975085446820623
0.9770772132319715
0.9787998131385643
0.982635013917164
0.9920539489601081
0.9927348861096643
0.9959258364273942
0.9968970819452037
1.0061928258674617
1.00773981904653
1.0101750452894602
1.0137729532871589
1.0164276937207228
1.0175997285011595
1.0208959175698582
1.023768683481279
1.025480296671403
1.0301152068365178
1.0335010437751821
1.0359500283202134
1.0391674750625222
1.040837786772066
1.0517275855346322
1.0538156478695353
1.0558786610990902
1.0616583483577438
1.0654825412411848
1.0705526049155232
1.073973352460515
1.0752683977994653
1.076829964930403
1.0807262736545074
1.0848520413414788
1.0878202381883122
1.1001382744982755
1.10190515585541
1.1048349532087347
1.109117319134912
1.1143107306561109
1.1174909155323176
1.1253960637079
1.1293755426743397
1.1329236621088958
1.136220044045968
1.1429187217660026
1.1466648599348017
1.148683213463989
1.1517941396734306
1.167728606982596
1.1711560718791423
1.171661025691162
1.1731152539172975
1.1781618855191427
1.1859032747747744
1.1988225362344669
1.2007177793694692
1.202603403573785
1.2077001216457084
1.2212477771960057
1.2288311945382815
