-2.8163386718377525
-2.8071750232237456
-2.767629623598617
-2.7611525420287326
-2.7453777760926075
-2.7344116341845983
-2.702333518566694
-2.6825807587476014
-2.6627992072647952
-2.6599139734138166
-2.65100836016974
-2.6395075458449995
-2.603421873254929
-2.5954240062230043
-2.58752281098456
-2.586271471743511
-2.5568566300680806
-2.542166720216105
-2.5378891663240295
-2.530991701016844
-2.501727015175036
-2.498283763743259
-2.49345760573311
-2.477667300881225
-2.4694961773409614
-2.4553307967322464
-2.417835368593532
-2.4096826416965826
-2.4028734327169965
-2.391524206718085
-2.38150479850384
-2.373232066727496
-2.371219651674319
-2.357873389100087
-2.3462651587020322
-2.3414246620040275
-2.325444388085076
-2.31471412550128
-2.276465028782642
-2.27509000095972
-2.2691278512722115
-2.260288277121033
-2.247001003670265
-2.240390143018289
-2.2370032675289586
-2.222546830876903
-2.2190325461891205
-2.213548443900144
-2.200673632447579
-2.1960152425552746
-2.1877070189917274
-2.1772757442622193
-2.1457484251486907
-2.143615630923317
-2.143266333907379
-2.123595423219536
-2.1025265633686256
-2.0975817855605032
-2.090729048974168
-2.0874501618049814
-2.079794186217807
-2.0766877541712283
-2.0735059787658185
-2.0654923239920278
-2.0616793442648516
-2.055247914478013
-2.0516693401337593
-2.047434669535439
-2.045457754144755
-2.03613410919618
-2.0322651025040614
-2.0259089536893393
-1.9998169145897235
-1.9980811778416088
-1.9864690918222376
-1.979010765615005
-1.9675447248426337
-1.9633236218614287
-1.9605481005788128
-1.957865771535363
-1.9502836610034098
-1.9479354285705066
-1.9370778215390765
-1.9302018383082313
-1.9261701849364254
-1.9215445057898344
-1.9186467120803978
-1.9156449964952031
-1.911614137328132
-1.9023870501746614
-1.896966915576929
-1.893222052576765
-1.890599703970893
-1.8846566675784562
-1.8387368160899322
-1.8364521239944922
-1.8232387103893501
-1.8088198655905927
-1.791443882437852
-1.7858726103669458
-1.781929738543192
-1.774933069098986
-1.7701606989593843
-1.7654781838845184
-1.7586215807744523
-1.7507954497097054
-1.7464478940424468
-1.737401453841874
-1.7344994447805848
-1.729454671480313
-1.6593674244063987
-1.6547167003547765
-1.6430611673768267
-1.6366333398784783
-1.6051883159821454
-1.5919577516071521
-1.5858610008647493
-1.58387395949689
-1.5811575942420133
-1.573844720860255
-1.5686121473469676
-1.560353922571565
-1.5479277276312378
-1.5364064213083575
-1.4497011176121646
-1.4379980853198653
-1.4311157284803513
-1.4251968022848296
-1.3876584723219831
-1.3775241685189412
-1.367175948762848
-1.361879976966651
-1.3578284213706624
-1.3478474597467998
-1.3431543574165727
-1.3360967159144403
-1.2089054291322392
-1.202538799941112
-1.191241589038937
-1.1873537919902017
-1.1420750706041076
-1.1335169841254187
-1.1174556148897372
-1.105317119941198
-1.098241632429586
-1.090792219279638
-0.9573212361482657
-0.9434875092709151
-0.9395552225668821
-0.9271428788075161
-0.8276309851048385
-0.8222668241772396
-0.8199274359858333
-0.8056410055644986
-0.6991829992878396
-0.690266832421687
-0.5274307781642738
-0.5209482102224468
-0.5150133022535848
-0.5042628189584499
-0.2387124274283938
-0.2273572363769531
0.2273572363769521
0.23871242742839432
0.5042628189584497
0.5150133022535844
0.5209482102224471
0.5274307781642741
0.6902668324216873
0.699182999287839
0.8056410055644989
0.8199274359858333
0.82226682417724
0.827630985104839
0.9271428788075167
0.9395552225668821
0.9434875092709151
0.9573212361482656
1.090792219279637
1.0982416324295854
1.105317119941198
1.1174556148897372
1.1335169841254178
1.1420750706041074
1.1873537919902017
1.1912415890389367
1.2025387999411115
1.2089054291322392
1.33609671591444
1.3431543574165725
1.3478474597467993
1.3578284213706622
1.3618799769666505
1.367175948762848
1.3775241685189417
1.3876584723219827
1.4251968022848291
1.4311157284803513
1.4379980853198648
1.4497011176121646
1.536406421308357
1.5479277276312373
1.5603539225715652
1.5686121473469667
1.5738447208602542
1.581157594242014
1.5838739594968896
1.585861000864749
1.5919577516071506
1.605188315982145
1.6366333398784787
1.6430611673768256
1.6547167003547762
1.6593674244063987
1.7294546714803132
1.7344994447805853
1.7374014538418738
1.746447894042447
1.7507954497097058
1.758621580774452
1.7654781838845184
1.770160698959383
1.774933069098986
1.7819297385431898
1.7858726103669453
1.7914438824378511
1.8088198655905925
1.8232387103893506
1.8364521239944926
1.838736816089932
1.8846566675784566
1.8905997039708933
1.893222052576765
1.8969669155769293
1.9023870501746618
1.9116141373281317
1.9156449964952025
1.918646712080398
1.921544505789833
1.9261701849364257
1.9302018383082316
1.9370778215390771
1.9479354285705064
1.9502836610034102
1.9578657715353642
1.960548100578813
1.9633236218614296
1.9675447248426339
1.9790107656150056
1.9864690918222379
1.998081177841609
1.999816914589724
2.0259089536893398
2.032265102504061
2.0361341091961793
2.045457754144755
2.0474346695354373
2.0516693401337593
2.0552479144780125
2.0616793442648516
2.0654923239920286
2.0735059787658177
2.0766877541712288
2.0797941862178075
2.0874501618049823
2.0907290489741674
2.097581785560504
2.102526563368626
2.1235954232195366
2.1432663339073788
2.1436156309233154
2.1457484251486907
2.1772757442622193
2.187707018991728
2.1960152425552755
2.20067363244758
2.213548443900144
2.21903254618912
2.222546830876904
2.237003267528959
2.2403901430182893
2.247001003670265
2.2602882771210333
2.269127851272211
2.2750900009597195
2.2764650287826416
2.31471412550128
2.325444388085076
2.3414246620040275
2.346265158702032
2.357873389100087
2.3712196516743194
2.373232066727497
2.3815047985038396
2.3915242067180853
2.402873432716997
2.409682641696582
2.4178353685935314
2.455330796732246
2.4694961773409614
2.4776673008812247
2.4934576057331097
2.4982837637432587
2.501727015175036
2.5309917010168443
2.53788916632403
2.5421667202161053
2.556856630068081
2.586271471743511
2.587522810984559
2.5954240062230043
2.603421873254929
2.639507545845001
2.6510083601697403
2.6599139734138166
2.6627992072647912
2.682580758747601
2.702333518566694
2.7344116341845988
2.7453777760926075
2.761152542028732
2.7676296235986158
2.8071750232237456
2.816338671837752
