-8.850862140138448
-8.846247971869724
-8.791377083191275
-8.773007765678958
-8.755644525627597
-8.752371862364424
-8.690656397419744
-8.67259733562227
-8.638143436710868
-8.623791676202485
-8.615486521880008
-8.594111074125095
-8.547099888953998
-8.538791837285313
-8.529351352012991
-8.490534344193902
-8.465260057262764
-8.447057526990346
-8.423468563448903
-8.406608625537942
-8.379737452766271
-8.370425776111228
-8.360238525695161
-8.354418469345616
-8.334691043247211
-8.295699369862069
-8.252989300465682
-8.244278849128596
-8.220559920206659
-8.211136549816214
-8.196926345172034
-8.185216797052512
-8.182862543778283
-8.167258477964566
-8.137839912051671
-8.12446203811931
-8.122543770660904
-8.079965503593597
-8.059724931689257
-8.047392118221175
-8.030925406793692
-8.026119764028625
-8.008135422617842
-7.998569064264568
-7.979751934768779
-7.971739515381019
-7.948921174854945
-7.936967697083487
-7.926427976001253
-7.910474783708705
-7.903329733561546
-7.864694629587783
-7.852709614644258
-7.844021999104182
-7.82228128792828
-7.807528041066203
-7.800913668696588
-7.788146014486953
-7.772038591280275
-7.764819892846044
-7.74920087955347
-7.737786670395408
-7.734886732497086
-7.730890166249948
-7.720000275947937
-7.6938683010236435
-7.687219030031749
-7.682065355553059
-7.670786560118997
-7.657556823375692
-7.647519348337078
-7.634959352938104
-7.611509885611599
-7.597982339849173
-7.5953436641708745
-7.589212129137234
-7.5698069090930264
-7.5666154220197965
-7.560426121104788
-7.546756060835347
-7.543855786216575
-7.5359234371773764
-7.524742079924637
-7.519337596018709
-7.510271851323071
-7.5053964220321365
-7.491745897887413
-7.47795063272053
-7.475871641417542
-7.456311090520558
-7.443082418262423
-7.426072317891781
-7.422678868141667
-7.4161657428654655
-7.399637222826467
-7.383603826177198
-7.360390568801113
-7.344271432120048
-7.334974805672884
-7.332343605160852
-7.314798914137635
-7.292201878098624
-7.290488262028573
-7.280044465733832
-7.277103081887198
-7.265709075473272
-7.242096207018537
-7.222750575701166
-7.211075362786677
-7.206806390670768
-7.176382562915752
-7.16588323731226
-7.161064859225536
-7.134452904315301
-7.111407723279461
-7.096374523185083
-7.0785813467160805
-7.070151427975764
-7.059898153477522
-7.048188251114438
-7.023185035892237
-7.002935157519234
-7.000039942506135
-6.9750512245522724
-6.939762518344435
-6.922691221862534
-6.911773741826026
-6.877118668125423
-6.853271902494612
-6.823314389245241
-6.808940279772116
-6.805272767328428
-6.783339197575305
-6.770473341011785
-6.760819214691741
-6.732882679049459
-6.6860533888660285
-6.662258768677599
-6.659516250228806
-6.627377610025299
-6.5838228981999976
-6.5778905949246305
-6.539855220621427
-6.530452141238391
-6.492308237632742
-6.483735456120371
-6.441574251148957
-6.430425227524376
-6.423743530683213
-6.385665553572925
-6.284813864059486
-6.275182522075959
-6.271509468407439
-6.26214664869022
-6.259426534046575
-6.245387535448776
-6.133480187742068
-6.118603060722687
-6.096380839692436
-6.069589785769835
-5.953217629477001
-5.947190545711461
5.947190560197498
5.953217615119309
6.069589798918067
6.096380830685276
6.118603047976436
6.133480196452414
6.245387542581745
6.259426546291422
6.262146637417274
6.27150946295061
6.275182510383533
6.284813872450335
6.3856655507529805
6.423743518740441
6.430425235283533
6.441574258370655
6.483735455949837
6.492308225333901
6.530452140180886
6.539855221497598
6.577890597635237
6.5838229072940235
6.62737759723453
6.659516255951194
6.662258762816377
6.686053401316193
6.732882673152321
6.76081921142645
6.770473346852292
6.7833391962370655
6.80527276704232
6.808940275365169
6.823314389121351
6.853271912172065
6.877118667749813
6.911773731248359
6.922691218245499
6.939762529482583
6.975051213618426
7.000039931537008
7.002935165258441
7.023185022591481
7.048188253310266
7.0598981587174245
7.070151431442227
7.078581347769363
7.096374531114369
7.111407729644948
7.134452896839949
7.161064858183465
7.165883235870687
7.17638257233668
7.206806391417122
7.211075367565941
7.222750575708321
7.242096197410388
7.265709074547737
7.277103081293809
7.2800444684721395
7.29048825917044
7.292201871713777
7.314798916873667
7.3323436005592395
7.334974807881304
7.3442714380076195
7.360390576015759
7.3836038298398465
7.399637221372851
7.4161657390142794
7.422678864850845
7.426072315782647
7.443082426979552
7.4563110909637045
7.475871638306847
7.477950630540864
7.491745891746487
7.505396415635741
7.510271851482672
7.519337596312098
7.524742083739577
7.535923436984576
7.543855785185069
7.546756062916131
7.560426113212943
7.566615427584454
7.5698069106169
7.589212128259696
7.595343661294884
7.597982342256363
7.611509891438242
7.634959355342448
7.647519346631331
7.657556826426884
7.670786562043179
7.682065348912385
7.687219032931708
7.693868303515644
7.720000267847378
7.730890162706813
7.734886737228084
7.73778667339829
7.749200874244949
7.7648199001575
7.772038588246511
7.7881460174883586
7.800913667277114
7.807528041313803
7.8222812942514794
7.844021995616385
7.852709611731541
7.864694626967235
7.903329725158863
7.910474788231761
7.926427980945486
7.936967687156886
7.948921177850588
7.971739521424276
7.979751926488241
7.9985690611467355
8.008135426883017
8.026119762186116
8.030925417035967
8.047392119113825
8.059724938311946
8.079965499309688
8.122543769616618
8.1244620463283
8.137839901937523
8.167258468919266
8.1828625420492
8.1852168058993
8.196926349665311
8.211136557014447
8.22055991959039
8.244278847754261
8.252989297231254
8.29569936049293
8.334691041187199
8.354418469405994
8.360238531905553
8.370425776594933
8.379737449663272
8.406608625553691
8.423468554339685
8.44705753311276
8.46526006862818
8.490534341386969
8.529351354164222
8.538791826317254
8.547099897736699
8.594111079693814
8.615486520387277
8.623791682214497
8.638143427223698
8.672597339092581
8.690656395535726
8.752371864288765
8.75564452215593
8.77300775511092
8.791377095160492
8.846247969464235
8.850862142211582
