-8.897719709901262
-8.834417286810082
-8.792509159316879
-8.755716028656014
-8.725485919384766
-8.710718281555257
-8.677580394459733
-8.632452314307967
-8.613492276668829
-8.600281608364629
-8.57494330068749
-8.570791945282197
-8.516330586727012
-8.50365550834137
-8.455734577760273
-8.44556234208413
-8.404688539848825
-8.388974136737325
-8.374173649698122
-8.357133377355577
-8.347974765881494
-8.310122341082504
-8.278601331524998
-8.27115707101888
-8.262795873447537
-8.230659774989837
-8.177368295459235
-8.169348341250963
-8.158946054910325
-8.128150228211082
-8.1100234444234
-8.09928720441358
-8.068860935672973
-8.055529948102746
-8.049622754801486
-8.036038625667802
-7.997461194064082
-7.994270450746942
-7.963470998567507
-7.950896431844393
-7.923418693842191
-7.91415501357372
-7.892638607742251
-7.872382768439628
-7.869377888597221
-7.845368094459247
-7.840391016001293
-7.818987609476004
-7.8015762933724435
-7.785246250187658
-7.76511149170526
-7.755839000826675
-7.731889756407858
-7.718758007143062
-7.693840133374046
-7.682363748811412
-7.671354032286733
-7.663510646742497
-7.6468047412155125
-7.643264777793389
-7.626137956060251
-7.6081288791834325
-7.591627986104795
-7.579252465741818
-7.577724130713385
-7.572267247090062
-7.5665414485354185
-7.550606012113821
-7.5427959120922266
-7.517663691050508
-7.503069001038251
-7.481070165473501
-7.470616998606213
-7.4517354437815815
-7.448940849564657
-7.422621742511996
-7.41903647153626
-7.398538603088314
-7.385501863998868
-7.378615614714452
-7.361507600493741
-7.3540223827199585
-7.338569770927402
-7.3168879481483255
-7.297888165688298
-7.2901061541335
-7.257795286536603
-7.237514120164998
-7.2272854912547
-7.204309761422007
-7.166639415178872
-7.14528221062478
-7.1398346395467405
-7.110903509810991
-7.097051404611835
-7.084392262194817
-7.060967095168965
-7.042117725571139
-7.014370520026044
-6.993757464739943
-6.970377971985976
-6.9623530210737
-6.88732690178347
-6.871125439994516
-6.854091671068431
-6.838648106854459
-6.8288036932428
-6.784038335341409
-6.738299721216132
-6.7350717804761455
-6.684532520545917
-6.676346989960991
-6.631400277232055
-6.6068824576005225
-6.583086468373129
-6.545632183640304
-6.486120407625234
-6.45646394613516
-6.443928083269237
-6.400403823597637
-6.366612366907398
-6.336321833168678
-6.333715523952465
-6.32171442287628
-6.291796383061767
-6.2516924525501745
-6.229252920995254
-6.196613597415205
-6.1736101776950285
-6.157942809722789
-6.14725357770588
-6.142806080598493
-6.128727039109898
-6.1022586083431545
-6.046716817787106
-5.9829191519180815
-5.884987915245205
-5.84798923104128
-5.813388572287595
-5.799443198350586
-5.5982562994804566
-5.571965255089974
-5.550182847911311
-5.534018928468951
-5.2219583404956635
-5.2144856465036185
-5.179702689126331
-5.128417576106116
-4.887974379813808
-4.843188476464933
-4.831807128999122
-4.732347637201466
-4.507365466755094
-4.503601054727705
-4.482030878889245
-4.478691991904848
-4.328774969965091
-4.275946206164075
-4.2154037315650035
-4.209073152838794
-3.917274422545729e-06
-3.5196193405413955e-06
3.5146274563230696e-06
3.9222663484845274e-06
4.20907315283801
4.21540373156627
4.275946186167378
4.328774989961921
4.4786919919869135
4.482030898800416
4.503601035451874
4.507365466037566
4.73234761720819
4.831807148985187
4.84318847647229
4.887974379812406
5.128417576108132
5.179702709110921
5.214485645934852
5.22195832107755
5.534018948449166
5.5501828281472205
5.5719652548857
5.598256299476668
5.799443178533004
5.813388572142042
5.847989251007552
5.884987915235163
5.982919147351466
6.046716820996264
6.102258588491158
6.12872703146536
6.1428060806763405
6.1472535969883495
6.157942810069891
6.173610179350274
6.196613602507274
6.229252922770919
6.251692452756295
6.291796363722822
6.321714422459556
6.333715524441013
6.336321850217262
6.366612370621158
6.400403832645352
6.443928077101665
6.456463949124799
6.486120400552849
6.5456321915414115
6.583086462436313
6.606882466980574
6.631400266405306
6.676346980618883
6.6845325332893895
6.735071788734628
6.738299709360943
6.784038340493096
6.828803693666538
6.838648105711901
6.854091676186935
6.871125437662088
6.887326895903954
6.962353012167845
6.970377973106516
6.9937574701468925
7.0143705205768105
7.042117730885172
7.060967097191006
7.08439226349663
7.097051401470872
7.110903510814226
7.139834638953662
7.145282212839709
7.166639407843163
7.204309763343479
7.227285496749696
7.237514115036937
7.257795295405481
7.2901061491756245
7.297888167740743
7.316887953588983
7.338569773365054
7.354022380639648
7.361507601235436
7.378615606309732
7.385501855171764
7.398538604646421
7.419036472949847
7.4226217386108395
7.448940850196075
7.451735442350759
7.470617006040564
7.4810701730356985
7.503069001865632
7.517663683957286
7.5427959067230335
7.550606013921726
7.566541444505043
7.572267254994556
7.577724128725053
7.579252465150762
7.591627988006467
7.6081288757151855
7.626137960528695
7.643264783014922
7.646804741586451
7.66351064224714
7.671354030068239
7.6823637478139455
7.693840129815488
7.718758010377132
7.731889754147945
7.755838996768861
7.765111495276623
7.785246256053083
7.801576294205061
7.8189876156050095
7.840391007485282
7.845368095401757
7.869377886563379
7.872382767605656
7.892638609800111
7.914155014931604
7.9234186970674605
7.950896423175222
7.963470994454574
7.99427045276835
7.997461198815898
8.036038625613362
8.049622752835683
8.055529950824253
8.068860934243046
8.099287203151457
8.110023447012479
8.128150224780208
8.158946057638582
8.169348341367387
8.177368291706218
8.230659767018139
8.262795883609067
8.271157080489271
8.27860132199846
8.310122342787343
8.347974755788004
8.357133376746063
8.374173658013541
8.388974125476153
8.404688549982568
8.445562331643162
8.45573458694312
8.503655515130399
8.516330579351726
8.570791948626587
8.57494329499546
8.600281620581299
8.6134922734795
8.632452317579798
8.677580386587175
8.710718276301954
8.725485921733506
8.755716028590845
8.792509160413818
8.834417285653052
8.897719712593103
