-1.394052568194119
-1.3894285258005936
-1.3839835760669559
-1.3555294927786175
-1.3378772823532914
-1.330419232701252
-1.320779093503028
-1.3186219093307154
-1.3019479528606137
-1.2925797726996984
-1.2882494232919108
-1.280736948712054
-1.2793119254174095
-1.2436925757202848
-1.2396928189007281
-1.2282817665200745
-1.2223460977511995
-1.2204169148547792
-1.2045159550224414
-1.2003671779147456
-1.1991716315217054
-1.185572570266006
-1.17885972273778
-1.1557145582224508
-1.1531429569545295
-1.1518490196299416
-1.144537067511554
-1.1388119947645754
-1.1314593877163828
-1.124327968522816
-1.1179371810803411
-1.1146957316491963
-1.1096588650335097
-1.0999926878501645
-1.0947145240384215
-1.088192621627462
-1.082252392269405
-1.0758815818028404
-1.067087704002069
-1.054946012696668
-1.0506177081326562
-1.0406092066648152
-1.035997541276892
-1.0343179395019744
-1.03132033683408
-1.0190131649626966
-1.0187846969251089
-1.0070455884584253
-1.0026996325431614
-0.9974362404227677
-0.9955437180105536
-0.9910533540119805
-0.9781967511054488
-0.9704892882750897
-0.9629958383605807
-0.9619775503464759
-0.9520431143951833
-0.9444369292450653
-0.9422632471103379
-0.9291125605933901
-0.9287275323815747
-0.9175448999993412
-0.9146349644858978
-0.9095711919985415
-0.9061232989701671
-0.9014113262341583
-0.8938091060097682
-0.8889786635269903
-0.8786639895766977
-0.8746815413463648
-0.8723178543569764
-0.8605696457257261
-0.8534097175099021
-0.8412238248123901
-0.8348791551353726
-0.8186548820893662
-0.8086641429907618
-0.7957232324855461
-0.7939129906770749
-0.7910339104207013
-0.7792450249690182
-0.7681046549223596
-0.7674322163494531
-0.7629458797488624
-0.7598655295896558
-0.7422865933890505
-0.7394024602828668
-0.7216589752214833
-0.719071566837711
-0.7084179203583838
-0.7029562751827362
-0.7011980935275829
-0.6900639771627156
-0.67801908660502
-0.6733451414441064
-0.6618799770815575
-0.6541549085717618
-0.6469053181050901
-0.622090320580729
-0.6066073988721167
-0.6036240275931407
-0.5981438411181708
-0.5794734686256388
-0.548329634108365
-0.5395763831053342
-0.4619507320118724
-0.35306328175756574
-0.32814856275948906
-0.2472161197722732
-0.2460777152996464
-0.22821140475448096
-0.2252456124093923
-0.21281360828188742
-0.20608847717515652
-0.20155783522857154
-0.17327797370443462
-0.16585928459565483
-0.15878111756903054
-0.15502578792626084
-0.14507705735549858
-0.14255757562903318
-0.12976235669644254
-0.1147910452366936
-0.10942880153372503
-0.06481470712277956
-0.050071346066572445
-0.03300389698662535
-0.0006464477219254442
0.0006464477219254764
0.03300389698662547
0.05007134606657221
0.06481470712277929
0.10942880153372528
0.11479104523669385
0.12976235669644293
0.142557575629033
0.14507705735549828
0.1550257879262608
0.15878111756903082
0.16585928459565494
0.17327797370443468
0.20155783522857185
0.20608847717515663
0.21281360828188675
0.2252456124093923
0.2282114047544809
0.24607771529964648
0.24721611977227353
0.3281485627594889
0.3530632817575658
0.4619507320118723
0.5395763831053342
0.5483296341083651
0.5794734686256389
0.5981438411181702
0.6036240275931408
0.6066073988721163
0.6220903205807289
0.64690531810509
0.6541549085717615
0.6618799770815572
0.6733451414441062
0.6780190866050197
0.6900639771627151
0.7011980935275829
0.7029562751827363
0.7084179203583845
0.7190715668377115
0.7216589752214833
0.7394024602828668
0.7422865933890503
0.7598655295896554
0.7629458797488625
0.7674322163494531
0.7681046549223604
0.7792450249690182
0.7910339104207014
0.7939129906770748
0.7957232324855464
0.8086641429907618
0.8186548820893661
0.8348791551353725
0.8412238248123901
0.8534097175099021
0.8605696457257259
0.8723178543569766
0.874681541346365
0.8786639895766978
0.8889786635269901
0.893809106009768
0.9014113262341586
0.9061232989701669
0.9095711919985414
0.9146349644858977
0.9175448999993413
0.9287275323815745
0.92911256059339
0.9422632471103384
0.9444369292450653
0.9520431143951837
0.9619775503464761
0.9629958383605811
0.9704892882750897
0.9781967511054486
0.9910533540119809
0.9955437180105543
0.9974362404227681
1.0026996325431612
1.007045588458425
1.0187846969251089
1.0190131649626972
1.03132033683408
1.0343179395019746
1.0359975412768923
1.0406092066648152
1.050617708132656
1.0549460126966685
1.0670877040020692
1.0758815818028409
1.082252392269405
1.088192621627462
1.094714524038422
1.099992687850165
1.1096588650335097
1.1146957316491966
1.1179371810803413
1.124327968522816
1.1314593877163834
1.1388119947645756
1.144537067511554
1.1518490196299414
1.1531429569545295
1.1557145582224508
1.1788597227377797
1.1855725702660058
1.1991716315217056
1.200367177914746
1.2045159550224418
1.2204169148547792
1.2223460977511997
1.228281766520075
1.2396928189007277
1.2436925757202855
1.2793119254174095
1.2807369487120537
1.2882494232919113
1.2925797726996986
1.3019479528606133
1.3186219093307152
1.3207790935030281
1.3304192327012518
1.3378772823532914
1.3555294927786168
1.3839835760669559
1.3894285258005932
1.394052568194119
