-1.4908218726121212
-1.4694681291831946
-1.4682274353891818
-1.436590142109913
-1.4243219489414196
-1.4183753866648088
-1.405716125758
-1.3897518543156524
-1.377235129285354
-1.3632581332396028
-1.3611591803440455
-1.3516125354440287
-1.3388493684852814
-1.333628780256233
-1.325797597413737
-1.3224288293997901
-1.3008576146316828
-1.2986109387036153
-1.2961649688155368
-1.2916699406973136
-1.288346382341879
-1.2838673817421968
-1.2733646822564426
-1.2697783001610596
-1.2667773539387988
-1.2615466949157068
-1.2507905349399344
-1.2458049117916743
-1.2360487158219615
-1.2244254030331216
-1.2191643890652828
-1.2165929493997873
-1.2106492469432113
-1.2080534829932348
-1.1988922983767312
-1.192077043589564
-1.1842309409838403
-1.1833693598666668
-1.172169258776573
-1.1650077373483236
-1.1595025226030573
-1.1512783183845303
-1.14323057154073
-1.1421975090956387
-1.1372427956465312
-1.1315459323807657
-1.1309018745131898
-1.1245800790843339
-1.1210407077256435
-1.1084541212756882
-1.106414227313485
-1.103355081076872
-1.0991305909191451
-1.0981509413080974
-1.0928237217590533
-1.0874662445513539
-1.0848684563636175
-1.0686490295110072
-1.0664866988893567
-1.063597022363477
-1.0601498371083469
-1.0399199144327018
-1.0293044798175306
-1.0228323288739698
-1.0182732513464474
-1.0167227674278647
-1.0074303549894943
-1.002189814465988
-0.9987469940664768
-0.9913892937197009
-0.9867419432026736
-0.9852935631431902
-0.9779815558282344
-0.9740039617436623
-0.9684670206090639
-0.9628495753472179
-0.9480634994303849
-0.9471760117817928
-0.9347850317279479
-0.9284082539845551
-0.9254318884781306
-0.9220511752145131
-0.9134434356087345
-0.9098393328795309
-0.9078269416026445
-0.9009972183137609
-0.8968838816768294
-0.8933673942956438
-0.8889404943318299
-0.8809543150806864
-0.878975881204865
-0.8710623317807368
-0.8704034447947268
-0.8629379381499116
-0.85944950322279
-0.8479267608738807
-0.8451911562912192
-0.8401417910790848
-0.832524188008393
-0.8116039015689036
-0.8062630452625386
-0.7917237086957016
-0.7830838527915944
-0.7713184106854053
-0.7673582032464848
-0.7659831731794204
-0.759970988795924
-0.7507385296035297
-0.7324433432731302
-0.7227196850951018
-0.7192974591582298
-0.708293791960295
-0.691279683015832
-0.6840571097559064
-0.6679659211738296
-0.6598307955545689
-0.619543350214973
-0.6150373711077134
-0.600544385862166
-0.5855874277557009
-0.576715458253138
-0.5741905063595476
-0.5687352492945126
-0.5313587930177457
-0.5274116698261413
-0.519503296746196
-0.5068144153000695
-0.48943105276985
0.4894310527698502
0.5068144153000695
0.5195032967461961
0.527411669826141
0.5313587930177458
0.5687352492945126
0.5741905063595476
0.5767154582531379
0.5855874277557012
0.6005443858621654
0.6150373711077134
0.6195433502149728
0.6598307955545689
0.6679659211738294
0.6840571097559063
0.6912796830158312
0.7082937919602951
0.71929745915823
0.7227196850951016
0.7324433432731302
0.7507385296035295
0.7599709887959238
0.7659831731794204
0.7673582032464847
0.771318410685405
0.7830838527915944
0.7917237086957016
0.8062630452625386
0.8116039015689037
0.8325241880083931
0.8401417910790848
0.845191156291219
0.8479267608738804
0.8594495032227898
0.8629379381499118
0.8704034447947273
0.8710623317807366
0.8789758812048649
0.8809543150806864
0.8889404943318305
0.8933673942956438
0.8968838816768296
0.9009972183137609
0.9078269416026442
0.9098393328795308
0.9134434356087345
0.9220511752145127
0.9254318884781307
0.9284082539845552
0.9347850317279479
0.9471760117817929
0.9480634994303851
0.9628495753472177
0.9684670206090623
0.9740039617436623
0.9779815558282346
0.9852935631431899
0.9867419432026728
0.9913892937197011
0.9987469940664768
1.0021898144659882
1.007430354989494
1.0167227674278647
1.0182732513464476
1.0228323288739696
1.0293044798175308
1.0399199144327018
1.0601498371083469
1.0635970223634768
1.0664866988893567
1.0686490295110072
1.0848684563636182
1.0874662445513543
1.0928237217590533
1.0981509413080979
1.099130590919145
1.1033550810768717
1.106414227313485
1.108454121275688
1.1210407077256437
1.1245800790843337
1.13090187451319
1.1315459323807657
1.137242795646531
1.1421975090956384
1.1432305715407296
1.1512783183845305
1.1595025226030573
1.1650077373483227
1.1721692587765726
1.1833693598666664
1.1842309409838407
1.1920770435895642
1.1988922983767305
1.2080534829932352
1.2106492469432122
1.216592949399787
1.219164389065283
1.2244254030331219
1.2360487158219615
1.2458049117916752
1.250790534939935
1.2615466949157073
1.2667773539387988
1.2697783001610599
1.2733646822564428
1.2838673817421973
1.2883463823418788
1.291669940697314
1.2961649688155374
1.2986109387036158
1.300857614631683
1.3224288293997906
1.325797597413738
1.333628780256233
1.3388493684852811
1.3516125354440292
1.3611591803440455
1.3632581332396028
1.3772351292853544
1.3897518543156537
1.4057161257579995
1.4183753866648097
1.4243219489414194
1.4365901421099136
1.4682274353891824
1.4694681291831948
1.4908218726121207
