-1.4305241161169064
-1.3905502573267732
-1.382190084525047
-1.3569098989771347
-1.3448271727613421
-1.3404923916898168
-1.3167152152612156
-1.2924209183192623
-1.2801082326036324
-1.2797969244789527
-1.2790147495912791
-1.2607640756764997
-1.2522843575458467
-1.2409454177243708
-1.2196778989998316
-1.209176185133479
-1.2059024004960015
-1.1968594770353833
-1.1923031450471704
-1.184022262917182
-1.179657350132825
-1.1729122429628207
-1.172464895637245
-1.1683426352364774
-1.1657259072779749
-1.1327221959637335
-1.1312292090746683
-1.1249870331090348
-1.1130221253724513
-1.1110560180787281
-1.1091296220627802
-1.1084600763092687
-1.101345802785277
-1.1000000405941583
-1.0976234800756481
-1.0773052734797415
-1.0751249087144927
-1.0690035825717288
-1.05962323740357
-1.0519916493050618
-1.0430127120659112
-1.0401748326790645
-1.0304691429612824
-1.0228482966863373
-1.012208448348481
-1.0093250452203575
-1.0037416422103183
-0.9943512306789248
-0.9927403425879672
-0.9892688771232575
-0.984280110363002
-0.9789078530806651
-0.9780439987411564
-0.9738660111283698
-0.9634383887063477
-0.9538638031739567
-0.9439152209617563
-0.9334460597528837
-0.9319077861781129
-0.9245954726843023
-0.9074629734081621
-0.8869840933798352
-0.8811789648568321
-0.879407115853704
-0.8761613329812606
-0.8719647202704506
-0.8578290418886877
-0.8566221592640747
-0.8517103916857387
-0.8469199570931729
-0.8315292182730968
-0.8224886933305136
-0.8204524378868132
-0.8040183535872355
-0.7944165009821622
-0.7920261263967907
-0.7841843341922167
-0.7783421172718357
-0.7652325371189341
-0.754176804077736
-0.7497755355952314
-0.7415894841311715
-0.7312665507566911
-0.7281258489727829
-0.7216216993926695
-0.7174148702103416
-0.7068275219758137
-0.6994558899250933
-0.6904272163830049
-0.6881427220963626
-0.6861876947925775
-0.6831157285354066
-0.6715001905416542
-0.6650204572123668
-0.6606551539177156
-0.6499269073809802
-0.64856615332079
-0.6372935290776521
-0.6260224971534472
-0.6186795897984343
-0.597952847032501
-0.5469621096890473
-0.5172936018051958
-0.4914740873575896
-0.4571508739535209
-0.4507168244276862
-0.40610407776447
-0.2888725696648031
-0.271686092001866
-0.23437701730168747
-0.22941181465886581
-0.22284582781269005
-0.2129429787277373
-0.20078469173387414
-0.1992291987816581
-0.18836355119969678
-0.18628536677985028
-0.1635708298737941
-0.1595600393797688
-0.1358883588639015
-0.12505698808111312
-0.11833680958143201
-0.10644300762127222
-0.10285940429718632
-0.0751489240911524
-0.051947803991314975
-0.02381125842619293
-0.00039894108836506785
0.00039894108836497266
0.02381125842619283
0.051947803991314725
0.0751489240911524
0.10285940429718592
0.10644300762127186
0.11833680958143152
0.12505698808111274
0.13588835886390135
0.15956003937976862
0.16357082987379448
0.18628536677985016
0.18836355119969667
0.19922919878165826
0.20078469173387398
0.21294297872773724
0.22284582781268986
0.22941181465886554
0.23437701730168736
0.2716860920018661
0.2888725696648032
0.40610407776446955
0.450716824427686
0.45715087395352094
0.49147408735758924
0.5172936018051958
0.5469621096890472
0.5979528470325008
0.6186795897984344
0.6260224971534469
0.6372935290776521
0.6485661533207899
0.6499269073809801
0.6606551539177153
0.6650204572123679
0.6715001905416543
0.6831157285354069
0.6861876947925776
0.688142722096363
0.6904272163830051
0.6994558899250933
0.7068275219758139
0.7174148702103414
0.7216216993926695
0.7281258489727833
0.7312665507566913
0.7415894841311715
0.7497755355952311
0.7541768040777357
0.765232537118934
0.7783421172718354
0.7841843341922171
0.7920261263967904
0.7944165009821625
0.8040183535872355
0.820452437886813
0.8224886933305136
0.8315292182730968
0.8469199570931729
0.8517103916857386
0.8566221592640747
0.8578290418886876
0.8719647202704507
0.8761613329812605
0.8794071158537046
0.8811789648568324
0.886984093379835
0.9074629734081622
0.9245954726843021
0.9319077861781128
0.9334460597528837
0.9439152209617563
0.9538638031739568
0.9634383887063478
0.9738660111283693
0.9780439987411561
0.978907853080665
0.9842801103630022
0.9892688771232573
0.9927403425879685
0.9943512306789247
1.0037416422103185
1.0093250452203573
1.0122084483484806
1.0228482966863373
1.0304691429612824
1.0401748326790645
1.0430127120659112
1.051991649305062
1.05962323740357
1.0690035825717286
1.0751249087144927
1.0773052734797415
1.0976234800756481
1.1000000405941586
1.1013458027852772
1.1084600763092685
1.1091296220627802
1.1110560180787274
1.1130221253724513
1.1249870331090344
1.131229209074668
1.1327221959637332
1.1657259072779749
1.1683426352364772
1.1724648956372448
1.172912242962821
1.179657350132825
1.1840222629171822
1.19230314504717
1.1968594770353826
1.205902400496002
1.2091761851334784
1.2196778989998325
1.2409454177243706
1.2522843575458467
1.2607640756764997
1.2790147495912836
1.2797969244789524
1.2801082326036324
1.2924209183192632
1.3167152152612158
1.3404923916898173
1.3448271727613426
1.3569098989771353
1.3821900845250472
1.390550257326773
1.4305241161169076
