-10.98026620686014
-10.638528988721635
-10.579864311816827
-10.40217186032232
-10.357243016514376
-10.34144002807787
-10.295572537286672
-10.13303433469911
-10.063570914170802
-10.002400895737196
-9.99390003271437
-9.881751256568307
-9.815109643550946
-9.777233312450887
-9.6568105021534
-9.581577340521749
-9.55080879245322
-9.502204805685862
-9.491980527492972
-9.292044353777811
-9.244179698100691
-9.22598651969107
-9.182369115841256
-9.13545505963649
-9.077406173819648
-8.927447092638186
-8.899535482628751
-8.892615057550836
-8.864333319896437
-8.639967921546123
-8.526729901341325
-8.507064637494445
-8.429698868988751
-8.386353655008245
-8.342898123927025
-8.321366127782925
-8.31176607007676
-8.241440467436675
-8.133598525639945
-8.081179967518127
-8.059067436121465
-7.9826453613860275
-7.901094294720983
-7.83148213445306
-7.81734371746758
-7.757759366591304
-7.700174786125672
-7.696459171460233
-7.662169363401569
-7.619906182561304
-7.61158627463597
-7.556530249203673
-7.508933035989039
-7.414247839511049
-7.34993880663289
-7.324134608938479
-7.281793919500246
-7.273752917166044
-7.178392079084174
-7.132068961662917
-7.115525804211449
-7.030713737929971
-7.015236857171096
-6.983023330672138
-6.948741648791352
-6.916141231224948
-6.894809249113095
-6.815400887084999
-6.67828649566234
-6.624950508298437
-6.608771962675726
-6.5334353542899555
-6.5066450444633075
-6.461098867912252
-6.402679986637445
-6.305381119923895
-6.287966172917789
-6.256500569844997
-6.216953406509454
-6.201752841374452
-6.13000518545522
-5.9593456392763136
-5.899668734142774
-5.851975978205987
-5.837233694055383
-5.753772424046609
-5.70442905113547
-5.694490713639707
-5.615640779954608
-5.598168751461416
-5.584562088215089
-5.474662241817663
-5.343466772170866
-5.333515092293288
-5.275713799937384
-5.09274394640051
-4.878961607888724
-4.8763090696426135
-4.8085049577861
-4.760971824720687
-4.745729837064457
-4.53180786111857
-3.9846025760000976
-3.5382083803077915
-3.3670619583704595
-3.2239171346027082
-2.8192908484557933
-2.471613282997233
-1.241111266544701
-1.1643277774323224
-1.1056228056270052
-1.0903313016846188
-1.0681556590391348
-1.0132110316979177
-1.0012907086173188
-0.98423499052345
-0.7190610829822045
-0.7085266199569615
-0.5945922380685221
-0.5511048579398302
-0.5350534380530167
-0.48705463810300265
-0.4187750924209331
-0.38354484797682314
-0.12947154637020836
-0.05726696466708026
-0.039042976370204
-8.407378018368451e-05
8.407364347094492e-05
0.039042980925448514
0.05726695769770976
0.12947154352014748
0.383544848535258
0.4187750930904384
0.48705463601748766
0.535053438861611
0.5511048586169154
0.5945922356841307
0.7085266193572357
0.7190610788759525
0.9842349916810021
1.0012907078254172
1.0132110321877523
1.0681556564736305
1.0903313032395443
1.1056228081601078
1.1643277786434194
1.2411112645664946
2.4716132837119873
2.8192908486019004
3.223917135138548
3.3670619582450634
3.538208380656819
3.984602575711709
4.5318078580236305
4.745729855650007
4.760971824212311
4.808504940423799
4.876309068455341
4.878961590680732
5.0927439477721546
5.275713804957004
5.333515093822632
5.343466772794267
5.474662227079427
5.584562081568262
5.598168740367931
5.6156407922985085
5.694490715984465
5.704429038385851
5.753772424156795
5.8372337118086275
5.851975973914683
5.899668743270836
5.959345625931193
6.130005190579249
6.201752841904254
6.216953408727388
6.256500562521476
6.287966170091619
6.305381118640926
6.402679989644776
6.461098866868732
6.506645047525844
6.533435353238038
6.608771955085182
6.624950508732777
6.67828651167323
6.815400879459898
6.894809245656303
6.916141231352064
6.948741649972586
6.983023339165801
7.015236858941271
7.030713743010693
7.115525798531874
7.132068960954553
7.178392089261235
7.273752928154892
7.281793922233962
7.3241346148934
7.349938819196503
7.414247844144004
7.508933027783133
7.556530249252685
7.6115862721269325
7.619906176248792
7.662169370958288
7.696459169516714
7.700174779649636
7.757759364842602
7.817343719992758
7.831482136600311
7.901094276673088
7.982645344486285
8.059067435724616
8.081179971650537
8.133598531683411
8.241440458428858
8.311766079930434
8.321366136766706
8.342898114626601
8.386353658260651
8.429698870260374
8.5070646263935
8.526729909659872
8.639967923605154
8.864333315915193
8.89261505605997
8.899535476658395
8.927447085848275
9.077406183626385
9.135455055468894
9.182369117288154
9.225986512901212
9.24417969861713
9.292044355961684
9.491980519557675
9.502204804329956
9.550808794375815
9.581577342732581
9.656810503660935
9.77723332058202
9.815109643130384
9.881751255507393
9.9939000399817
10.002400899024934
10.063570913048094
10.133034343823233
10.29557254556746
10.341440033214385
10.35724301674279
10.402171855162774
10.579864309848134
10.638528990342975
10.980266214991238
