-3.1495502139638503
-3.1331883760519434
-3.1235469679254444
-3.0988523190599366
-3.0840054945423856
-3.0650564955136277
-3.0113633945479297
-2.9904281905564143
-2.979034884922119
-2.933439572093459
-2.8935797700415327
-2.85932031479025
-2.8501139462610032
-2.8426570848676915
-2.83077866588751
-2.816831940015853
-2.7889892960690235
-2.771443070044933
-2.7445573170931348
-2.729619866252936
-2.721019263002674
-2.7105128728134997
-2.686235821098389
-2.6630008717223603
-2.64514664670429
-2.617049612261469
-2.5979723069138285
-2.5890435668115823
-2.557599331975444
-2.5417814115272392
-2.5288450509071834
-2.5122632673833283
-2.508817395225313
-2.501708806806956
-2.4672299031564027
-2.4444338007870914
-2.4294816547632903
-2.4272624076125195
-2.416492033550752
-2.3711221566439287
-2.35530487257292
-2.345559216226904
-2.32818823835856
-2.318860484415597
-2.308603542729529
-2.2973445331898192
-2.291667515670977
-2.2722380163467855
-2.267374770775537
-2.247028582928302
-2.22241880704607
-2.1998517550773617
-2.190096486575646
-2.171818416135815
-2.1694347466215382
-2.151948379366383
-2.1391308635091266
-2.129708860005944
-2.107928024236861
-2.084083684384999
-2.073439611921242
-2.0628255382600096
-2.054772089123191
-2.036419757333349
-2.0285829996814195
-1.9992779912617433
-1.9873748319890607
-1.9748364520363
-1.968893711275289
-1.9509605648883923
-1.9330547982200603
-1.9291004152236382
-1.9127066510021142
-1.8921970714636018
-1.8345791222013628
-1.8302553324956972
-1.8206139357414006
-1.8057939567436627
-1.7970583471790549
-1.7840380249334948
-1.7586031970621572
-1.7432814185335863
-1.7367837066272183
-1.7148924787914492
-1.7045976574952209
-1.6833101645392285
-1.6681667419999984
-1.6318996143275024
-1.6165790578265689
-1.5884854750906048
-1.570190883712052
-1.556092314545687
-1.5237549676289819
-1.5149622127682976
-1.4952690324119622
-1.4752215840832477
-1.4456990856156053
-1.4250035993514716
-1.4221844262775658
-1.387765006386016
-1.3799234212060092
-1.3551374740371023
-1.29503935583209
-1.2694357656647266
-1.250133448713356
-1.2139099581488757
-1.1989551313266613
-1.1868266403241468
-1.1782937632569053
-1.119343223935387
-1.1112846306553577
-1.0575846453502067
-1.0527135987286123
-1.0276330223191505
-0.9871501379297032
-0.9747844565523845
-0.941656071822634
-0.8799105999184678
-0.8492080492485788
-0.8055412314211641
-0.7907432099980438
-0.6911089424897902
-0.6496945904505074
-0.5559231535735764
-0.4986577973513732
-0.3862025216609085
-0.34637520492161605
-0.2635845734507678
0.26358457327709855
0.34637520402300653
0.3862025203070282
0.49865779628768475
0.5559231527211271
0.6496945902677819
0.6911089407302374
0.7907432096823492
0.8055412311611779
0.8492080500993446
0.8799106016978537
0.9416560731403841
0.9747844545517403
0.9871501383368373
1.0276330222001129
1.05271359701528
1.0575846444430705
1.1112846283646525
1.1193432230709262
1.1782937655217038
1.1868266366593085
1.1989551308874589
1.2139099572652106
1.2501334486385394
1.2694357641278384
1.2950393598152656
1.3551374744712876
1.3799234221927055
1.387765006835941
1.422184428204803
1.425003597372934
1.4456990852073062
1.4752215804220496
1.4952690326083513
1.5149622135306848
1.523754967831348
1.556092311945151
1.5701908841042471
1.5884854739705039
1.6165790628104841
1.6318996149268317
1.6681667397556947
1.683310163773565
1.7045976575493154
1.7148924802579744
1.7367837081829052
1.743281419788042
1.7586031990789959
1.7840380281613597
1.7970583470254289
1.8057939538268617
1.8206139330380773
1.83025533101792
1.8345791220756107
1.8921970676211686
1.9127066481822164
1.929100412355106
1.9330547982317108
1.9509605645519283
1.9688937123055077
1.974836452380095
1.9873748314414903
1.9992779921616366
2.0285829986083934
2.0364197586775217
2.054772091352892
2.062825540236916
2.0734396112462194
2.0840836859472005
2.1079280229290203
2.1297088613239237
2.139130867137042
2.1519483816832112
2.169434745374885
2.1718184182583977
2.190096481646066
2.1998517518129552
2.2224188040814843
2.2470285867235296
2.267374771139475
2.272238016866297
2.29166751173494
2.2973445335631935
2.308603542335188
2.318860485513803
2.3281882359929047
2.345559217041597
2.3553048731292408
2.3711221564989557
2.4164920348385572
2.4272624077919467
2.4294816508560766
2.444433798246564
2.467229900049042
2.5017088062743014
2.508817395348911
2.5122632686654076
2.528845050698177
2.5417814132354644
2.5575993312280927
2.589043569679983
2.5979723085841564
2.617049609507207
2.6451466476264396
2.6630008728875576
2.6862358183733686
2.710512872572861
2.721019264135078
2.7296198583254143
2.744557323747843
2.7714430683673927
2.7889892931088887
2.816831941505692
2.8307786665128054
2.842657085361908
2.850113947819691
2.8593203132488503
2.8935797734449147
2.9334395710709646
2.9790348933105677
2.9904281993025323
3.011363393768431
3.065056494838563
3.0840055021727246
3.098852309224141
3.123546976709619
3.133188376199356
3.1495502136947926
