-11.17961047315214
-11.05989541603096
-10.903673741175249
-10.81194031819639
-10.805655135090566
-10.68213009757779
-10.594691852211165
-10.575504823092949
-10.550957001310662
-10.438396214396862
-10.425968712999026
-10.36429573019598
-10.323543338323036
-10.303971981384295
-10.288254831258437
-10.203302948843133
-10.155783278129038
-10.119919778428507
-10.08414383350394
-10.066486818012278
-9.984147610685486
-9.915816257470174
-9.839894623504948
-9.807628461964576
-9.760306448081614
-9.725521853862716
-9.716398408007098
-9.674732130974604
-9.650855388556746
-9.632931032653216
-9.59948658584401
-9.584873215710886
-9.523114189421744
-9.491865138313093
-9.415993328685785
-9.281644253363869
-9.263613545544619
-9.252091902065304
-9.243151671850104
-9.17787139333551
-9.163302959792436
-9.144871269491876
-9.081322232358522
-9.056550910978473
-8.910602307940133
-8.87976288422693
-8.83669475564515
-8.812812283290027
-8.765793371688334
-8.726372706850485
-8.721213453295748
-8.66958533857025
-8.64249215607836
-8.618163823350804
-8.57619775533278
-8.558796768613083
-8.539312581075908
-8.493670609445365
-8.46341988778456
-8.440610607506512
-8.432487534626164
-8.408536496076142
-8.289666252837511
-8.285038664025656
-8.193992344302599
-8.155219659644533
-8.10855571379425
-8.096996586914866
-8.053252149880239
-7.966746235423755
-7.865690945287841
-7.853566076278241
-7.814185217851747
-7.772457269977647
-7.699340934497496
-7.690568659616014
-7.6262635279744195
-7.585957256898815
-7.5784775071030195
-7.526788876478119
-7.515961149405608
-7.415822379167668
-7.402707204369663
-7.326974459836982
-7.325377632908427
-7.288344401106133
-7.24645030015021
-7.201451449333848
-7.140432918982525
-7.132672002821428
-7.110695897776916
-7.026115195054562
-7.0028528672411285
-6.961165912692675
-6.953110493013266
-6.848674870414229
-6.8432990680081405
-6.826945417011849
-6.778072362012087
-6.701784788542217
-6.685270041712595
-6.650653758532756
-6.577039706347119
-6.523194239571894
-6.481466344678298
-6.467652267278292
-6.4525368634941636
-6.331773088627688
-6.296469938623003
-6.243071767658849
-6.213010609462849
-6.092092531863952
-6.05449813008618
-6.005982381400204
-5.946924406861739
-5.86758277117515
-5.857249634055905
-5.796039601924077
-5.72434911783853
-5.5092367630724715
-5.370391912341486
-5.291760068534242
-5.2489099652440245
-5.239461645915173
-5.09842046496433
-5.014513302042136
-4.977711528973848
-4.788425921206292
4.7884259219982885
4.977711527336558
5.014513304557545
5.098420465444167
5.2394616451842735
5.248909963983181
5.291760066776366
5.370391909842289
5.509236762171576
5.724349119655704
5.796039601893681
5.857249633261728
5.867582769711767
5.946924403874493
6.005982380766033
6.054498128617241
6.092092531783081
6.2130106091905555
6.243071771268882
6.296469938159504
6.331773090687566
6.452536865992473
6.467652266287607
6.481466346598814
6.523194243573124
6.577039705251009
6.650653759434665
6.685270043525598
6.701784790263524
6.778072360458618
6.826945417658945
6.843299069082847
6.848674869425318
6.953110493233276
6.961165911706079
7.002852867781467
7.026115193670983
7.110695897489446
7.132672001706985
7.14043291720563
7.201451448645332
7.246450297983085
7.288344398179284
7.325377631675068
7.3269744565297295
7.402707205198802
7.415822381137696
7.515961150558791
7.5267888814885255
7.578477510633719
7.585957257866163
7.6262635245831705
7.690568657168548
7.6993409324190765
7.772457265368065
7.814185207534563
7.8535660761527275
7.8656909465129825
7.9667462341363935
8.053252146771083
8.096996583948119
8.1085557119616
8.155219658261062
8.193992352054376
8.285038670556204
8.28966625045719
8.40853650467397
8.432487532787887
8.440610608556952
8.46341988654746
8.493670608226735
8.539312580070671
8.558796768064683
8.576197753620733
8.6181638208062
8.642492159256726
8.669585341472613
8.721213456526478
8.726372710504439
8.765793373865659
8.812812284090727
8.836694758845354
8.879762871287621
8.910602304762323
9.056550905651866
9.081322231981098
9.144871268030668
9.163302958266508
9.177871393474259
9.24315166870239
9.25209189995639
9.263613550672035
9.281644257640641
9.415993332249863
9.4918651402956
9.5231141857025
9.584873215429301
9.599486585505556
9.632931033388125
9.65085539101369
9.674732132528973
9.716398408414996
9.72552185433863
9.760306448672484
9.8076284562299
9.839894623706929
9.915816259133392
9.984147618465672
10.066486818455763
10.084143839152938
10.119919776825789
10.155783281394354
10.203302949468199
10.288254831925912
10.303971983781958
10.323543339152568
10.364295729448443
10.425968717844203
10.438396215941328
10.550957001219652
10.57550482288726
10.59469185190517
10.682130099871447
10.8056551332866
10.811940313776217
10.90367374054082
11.059895413242284
11.17961047151825
