-1.2742265085567002
-1.2542369589909919
-1.2451687533963225
-1.23193176335217
-1.2263889688004264
-1.2086867894414077
-1.2062277879163887
-1.2032593867306491
-1.1948462424745065
-1.1868989259183815
-1.1788708779338517
-1.1738990610375464
-1.1691072216516933
-1.16543513696132
-1.1619832204999725
-1.1543941217660576
-1.1518087575371891
-1.1479616520699865
-1.1384555530320573
-1.1345785729623614
-1.132376145480539
-1.130336652428288
-1.1242578706230921
-1.1166269528332666
-1.1119638773343328
-1.1090085974553503
-1.1060111792912748
-1.1039155995403158
-1.1011918848344684
-1.0983776466276889
-1.0931040487382604
-1.0879715874258031
-1.0814338783873432
-1.0803546614483153
-1.0749007334862999
-1.0737236899931417
-1.0679368804867855
-1.0659412621263544
-1.0594589390408324
-1.0547051148751876
-1.0541349302327159
-1.0492368895862472
-1.047779804669838
-1.0366388244762348
-1.0363262204965606
-1.0323791883719926
-1.029178839408243
-1.0231240164523603
-1.0199527820232728
-1.0183771234435706
-1.015740868215743
-1.0148947633981602
-1.008350236388313
-1.0048606050947904
-1.0037408604115172
-0.9986098752025956
-0.9957862444301663
-0.9897420316298906
-0.9858392571281955
-0.9852819022933864
-0.9810355611910471
-0.978909723193808
-0.9741490445413712
-0.9691352831379537
-0.969102248737394
-0.9678953774944121
-0.9618581857958867
-0.9573249941264811
-0.9570088293373674
-0.9508769095394617
-0.9471024909866262
-0.9427606570871511
-0.9404282490039428
-0.9378415523424528
-0.9316916078651674
-0.9301889809071313
-0.9259773941084724
-0.9199686568078231
-0.9180800861288398
-0.9167514304538221
-0.9151152508624084
-0.9098651114399128
-0.9088166665124776
-0.9063738100528688
-0.9020598426111887
-0.8992225152713786
-0.894944557386275
-0.8905604740583352
-0.8903955614993516
-0.8864211627024283
-0.8793042641237179
-0.8771254407163782
-0.8734286773316852
-0.8691918915626191
-0.8671735519004207
-0.8635942295521181
-0.8617344720968662
-0.8585675266864355
-0.855528261603948
-0.851088549564116
-0.848037678538587
-0.8459021289298464
-0.8413529766727271
-0.836249577824221
-0.8292088700007837
-0.8253297643954677
-0.8224235967591669
-0.8198644140215797
-0.8177951653731711
-0.8165165875857886
-0.8091603437605667
-0.8044159513202641
-0.8026579220862203
-0.799233218376177
-0.7973645620551578
-0.7914818592427949
-0.7831764715683556
-0.7782950906741958
-0.7662466873217287
-0.7644147703743883
-0.7615962140336763
-0.7595551287087327
-0.7560744159028223
-0.7519955733461958
-0.7495991222936821
-0.7448145223877874
-0.7438729623224763
-0.7376678116357465
-0.7269597687203959
-0.7183687433362125
-0.7181623959248812
-0.7106238542513347
-0.7080274930462155
-0.7018407851398267
-0.6931415124625454
-0.6787984175777981
-0.677531659002644
-0.6706719105397285
-0.6658907130146148
-0.6517882240346675
-0.6438859052442789
-0.6430547840074065
-0.6363143714026065
-0.6189739383344226
-0.595205244782098
-0.5829591198602769
-0.5808261662685272
-0.5746143187982308
-0.571753805978383
-0.5682665818890262
-0.528200591359127
-0.5225750294516788
-0.5164561506609593
-0.4904135229607756
-0.4888190860745031
-0.4718225567543776
-0.44049561233398793
-0.4237987033005674
-0.4069925880618489
-0.32442633961766515
-0.0003093628317805011
-2.9930789305523545e-05
2.9930789305768585e-05
0.0003093628317805196
0.3244263396176645
0.4069925880618489
0.4237987033005668
0.440495612333988
0.47182255675437773
0.4888190860745033
0.490413522960776
0.5164561506609591
0.5225750294516784
0.5282005913591258
0.5682665818890263
0.5717538059783831
0.574614318798231
0.5808261662685272
0.5829591198602772
0.5952052447820981
0.6189739383344225
0.6363143714026062
0.6430547840074061
0.6438859052442787
0.6517882240346674
0.6658907130146146
0.6706719105397284
0.677531659002644
0.6787984175777982
0.6931415124625453
0.7018407851398267
0.7080274930462153
0.7106238542513347
0.7181623959248811
0.7183687433362125
0.7269597687203959
0.7376678116357467
0.7438729623224763
0.7448145223877874
0.7495991222936821
0.7519955733461958
0.7560744159028223
0.7595551287087323
0.7615962140336765
0.7644147703743883
0.7662466873217286
0.7782950906741957
0.7831764715683555
0.7914818592427949
0.7973645620551579
0.7992332183761771
0.8026579220862202
0.8044159513202639
0.8091603437605666
0.8165165875857886
0.817795165373171
0.8198644140215801
0.822423596759167
0.8253297643954677
0.8292088700007836
0.8362495778242212
0.8413529766727277
0.8459021289298471
0.8480376785385874
0.8510885495641161
0.8555282616039468
0.8585675266864354
0.8617344720968662
0.8635942295521184
0.8671735519004209
0.8691918915626189
0.8734286773316856
0.877125440716378
0.8793042641237182
0.8864211627024283
0.8903955614993515
0.8905604740583349
0.894944557386275
0.8992225152713782
0.9020598426111885
0.9063738100528685
0.9088166665124778
0.909865111439913
0.9151152508624084
0.916751430453822
0.9180800861288397
0.9199686568078228
0.9259773941084722
0.9301889809071313
0.9316916078651678
0.9378415523424531
0.9404282490039431
0.9427606570871513
0.9471024909866262
0.9508769095394617
0.9570088293373674
0.9573249941264809
0.9618581857958869
0.9678953774944121
0.9691022487373937
0.9691352831379539
0.9741490445413712
0.978909723193808
0.9810355611910473
0.9852819022933866
0.9858392571281955
0.9897420316298904
0.9957862444301663
0.9986098752025956
1.003740860411517
1.0048606050947901
1.0083502363883128
1.01489476339816
1.0157408682157432
1.0183771234435706
1.019952782023273
1.0231240164523603
1.029178839408243
1.0323791883719924
1.0363262204965609
1.036638824476234
1.0477798046698383
1.0492368895862472
1.0541349302327154
1.054705114875188
1.0594589390408324
1.0659412621263542
1.0679368804867857
1.0737236899931422
1.0749007334863006
1.0803546614483153
1.0814338783873423
1.0879715874258034
1.0931040487382608
1.0983776466276887
1.101191884834468
1.1039155995403154
1.1060111792912746
1.1090085974553503
1.1119638773343326
1.1166269528332666
1.124257870623092
1.1303366524282878
1.1323761454805386
1.1345785729623612
1.138455553032057
1.1479616520699865
1.151808757537189
1.1543941217660576
1.1619832204999723
1.16543513696132
1.1691072216516931
1.1738990610375464
1.1788708779338515
1.1868989259183809
1.1948462424745068
1.2032593867306491
1.2062277879163883
1.208686789441408
1.2263889688004264
1.23193176335217
1.2451687533963227
1.2542369589909919
1.2742265085567
