-1.2763533989688547
-1.2674207566065194
-1.2522992227086407
-1.2434874684940758
-1.2388518389572407
-1.2278786548820924
-1.2168592612080797
-1.2093602098621534
-1.2066501913375245
-1.2005039566138955
-1.1874738182851972
-1.1832262172600256
-1.1768542490093936
-1.173882586472369
-1.1696187436808243
-1.1671364595292417
-1.1605689274418838
-1.158450235575213
-1.1523839158755553
-1.146407363661286
-1.1459297631663787
-1.142483555968081
-1.1364495245026067
-1.13401843286242
-1.1301504435511052
-1.1248490003066787
-1.1216026795052665
-1.1201211061364411
-1.1174790180753842
-1.1129055260671494
-1.110638105624826
-1.1082379507644218
-1.1041393042596588
-1.1034210171755996
-1.0999449238132324
-1.09532396255164
-1.0930771770355467
-1.0869656371359793
-1.0842353607544306
-1.0808278158424642
-1.075210489638085
-1.073910141833871
-1.0684088732234132
-1.0654493343368934
-1.0631304903915832
-1.0610002317753424
-1.0576902625684055
-1.0538556253183602
-1.0499873298629792
-1.0476011948242698
-1.0445747748204974
-1.0393425686001574
-1.0370649691349292
-1.0334772143420397
-1.031970788137091
-1.0311869713828865
-1.0243352831294275
-1.0221836388792416
-1.0200714597603293
-1.0171083608074525
-1.0118400200013469
-1.0094615463099101
-1.0062212798920904
-1.0041834726230339
-1.0004504388288533
-0.9985907232761831
-0.9932862961908953
-0.9912633040617824
-0.9899507182589908
-0.9882291751076424
-0.9865996338100329
-0.982422706310786
-0.9768167853129845
-0.9734601375208249
-0.9697399627720691
-0.9684063973114142
-0.9649427193193005
-0.9626881167252976
-0.9605683523706189
-0.9557965011926797
-0.9534610525667796
-0.9507779554077442
-0.9467760780253595
-0.9402206184149665
-0.9379614534722911
-0.9364808198831133
-0.9311886841482668
-0.9301003855111545
-0.9288454319154951
-0.9250249806094573
-0.9233208711524358
-0.9210452647956066
-0.9180255458931567
-0.9136253768881311
-0.9115794377466346
-0.9074728342926965
-0.9062530518172415
-0.9041800396026017
-0.899696441714572
-0.8962169844833737
-0.8949442483051855
-0.8935593317308561
-0.8864742318853921
-0.8860601885729774
-0.8840899820468359
-0.881185514518176
-0.8768043882724083
-0.8750952967414528
-0.8725834827677091
-0.8696414329874625
-0.8669595254795819
-0.8633378324505018
-0.8599687855318398
-0.8558018060626352
-0.8528331847866112
-0.8505446338497712
-0.8453608745731627
-0.8418496661035055
-0.8354160671202991
-0.830167462090049
-0.8278108266224514
-0.8237289032264872
-0.8209396808109587
-0.8185500263965225
-0.8165515563652442
-0.8131753246780314
-0.8020403155712136
-0.7967773542300831
-0.7944425448335045
-0.7867450179032033
-0.7851702791439599
-0.7801441740484375
-0.774783495100267
-0.7724648125856095
-0.7700998028851805
-0.7655523220086788
-0.7600067172277177
-0.7506448734645351
-0.7426384172858972
-0.7354539299807729
-0.7306687727869412
-0.7247538405504073
-0.7228999616724192
-0.7150409025628524
-0.713800100345586
-0.7119994601992992
-0.7010302861595638
-0.6890965563841873
-0.6778954124688406
-0.6736378651152909
-0.6641749432414553
-0.6587876684912432
-0.6503589425025702
-0.6438866074560177
-0.6175735050007032
-0.6111072320321577
-0.5913580721024808
-0.581670421457262
-0.5677249835902286
-0.537433223481124
-0.5317215538449243
-0.5035484512086174
0.5035484512086177
0.5317215538449246
0.5374332234811237
0.5677249835902283
0.5816704214572617
0.5913580721024801
0.6111072320321578
0.6175735050007031
0.6438866074560176
0.65035894250257
0.6587876684912429
0.6641749432414549
0.6736378651152906
0.6778954124688403
0.6890965563841873
0.7010302861595635
0.7119994601992988
0.7138001003455859
0.7150409025628522
0.722899961672419
0.7247538405504076
0.7306687727869414
0.7354539299807726
0.7426384172858969
0.750644873464535
0.7600067172277174
0.7655523220086786
0.7700998028851808
0.7724648125856094
0.7747834951002668
0.7801441740484374
0.7851702791439598
0.7867450179032033
0.7944425448335043
0.796777354230083
0.8020403155712131
0.8131753246780316
0.8165515563652442
0.8185500263965223
0.8209396808109586
0.8237289032264868
0.8278108266224513
0.8301674620900489
0.8354160671202991
0.8418496661035055
0.8453608745731617
0.8505446338497711
0.8528331847866107
0.8558018060626351
0.8599687855318396
0.8633378324505016
0.8669595254795818
0.8696414329874624
0.872583482767709
0.8750952967414528
0.8768043882724087
0.8811855145181756
0.8840899820468352
0.8860601885729773
0.8864742318853922
0.893559331730856
0.8949442483051853
0.8962169844833736
0.8996964417145719
0.9041800396026017
0.9062530518172409
0.9074728342926964
0.9115794377466341
0.913625376888131
0.9180255458931564
0.9210452647956063
0.9233208711524352
0.9250249806094568
0.9288454319154953
0.9301003855111544
0.9311886841482667
0.9364808198831133
0.9379614534722917
0.9402206184149663
0.9467760780253592
0.950777955407744
0.9534610525667795
0.9557965011926794
0.960568352370618
0.9626881167252979
0.9649427193193011
0.9684063973114142
0.9697399627720689
0.9734601375208247
0.9768167853129848
0.9824227063107858
0.9865996338100329
0.9882291751076422
0.9899507182589911
0.9912633040617824
0.9932862961908953
0.9985907232761836
1.0004504388288533
1.0041834726230339
1.0062212798920904
1.00946154630991
1.0118400200013469
1.0171083608074516
1.020071459760329
1.0221836388792416
1.024335283129427
1.0311869713828865
1.0319707881370903
1.0334772143420397
1.0370649691349292
1.0393425686001576
1.0445747748204972
1.0476011948242698
1.049987329862979
1.0538556253183604
1.0576902625684053
1.0610002317753426
1.063130490391583
1.0654493343368936
1.0684088732234134
1.0739101418338708
1.075210489638085
1.0808278158424642
1.0842353607544308
1.0869656371359793
1.0930771770355467
1.0953239625516402
1.0999449238132324
1.1034210171756
1.1041393042596592
1.1082379507644224
1.110638105624826
1.1129055260671497
1.117479018075384
1.1201211061364411
1.1216026795052665
1.1248490003066787
1.1301504435511054
1.1340184328624205
1.1364495245026067
1.1424835559680808
1.1459297631663796
1.146407363661286
1.1523839158755558
1.158450235575213
1.160568927441884
1.1671364595292417
1.1696187436808245
1.1738825864723685
1.1768542490093934
1.183226217260026
1.1874738182851974
1.2005039566138958
1.2066501913375245
1.2093602098621536
1.2168592612080802
1.2278786548820928
1.2388518389572412
1.2434874684940758
1.2522992227086407
1.2674207566065192
1.276353398968855
