-1.2639514037354376
-1.249442594976341
-1.2396301345313894
-1.225601020987614
-1.2211563783108588
-1.2071134398193253
-1.1989528591034417
-1.192256008940687
-1.1900830929278905
-1.1838130090026713
-1.1760012697914783
-1.1702115150521173
-1.162195079997207
-1.1550541272160209
-1.1488642495119517
-1.1447933616649093
-1.1393299466314657
-1.1351938068477214
-1.1313270688489718
-1.1285527467397747
-1.1266495412388973
-1.1159470159716625
-1.1131678120533517
-1.1102791092983777
-1.1034416332518044
-1.10321297193356
-1.095377663210879
-1.0927747773379544
-1.0910315218344726
-1.0857014248536927
-1.083364058871951
-1.08245610702046
-1.07772744456272
-1.0761852116565225
-1.0670460243239641
-1.0659930607975217
-1.0628370201049304
-1.0589594639178033
-1.0535712152946133
-1.0507439228205837
-1.0462458963249712
-1.0420738618341092
-1.0381126439589565
-1.0353067791035155
-1.0306160314010426
-1.0295668734643024
-1.0238076540153278
-1.0212226852021125
-1.0170072123892628
-1.0121392491068852
-1.0076748336450418
-1.0041790816355123
-1.000736231607035
-0.9954987747173896
-0.9929801988524308
-0.9909372513992587
-0.9901475657940971
-0.9831369406630742
-0.9803363700505063
-0.97621684953216
-0.9718639443042867
-0.970114866176882
-0.9663946069151471
-0.9647159419423538
-0.9592377653537231
-0.9556358592514195
-0.953103938747321
-0.9512460763185662
-0.9496620620435108
-0.9426508315129123
-0.9393218376538359
-0.932910995536597
-0.9303405933842345
-0.9288027217083732
-0.925819464721767
-0.9230032626119592
-0.9189595389772042
-0.9149535694281667
-0.9133981231401208
-0.9083699497997894
-0.9056980232864474
-0.9033112387806915
-0.8997498206747638
-0.8972982486334367
-0.8905848111583851
-0.8888065061449371
-0.8859123351074297
-0.8820879762691417
-0.8806785646174184
-0.8767327561456477
-0.872632044234119
-0.8701239743450441
-0.8642698875883168
-0.8634562086768296
-0.8611077268227866
-0.8593826227040168
-0.8568175774844269
-0.8531177739685545
-0.8497230896400982
-0.847511937612902
-0.845929220541906
-0.8404924823696611
-0.838395190187922
-0.8372607224584964
-0.8327602677200705
-0.8194219909944566
-0.8177240866818656
-0.8130821943530887
-0.8116212918340974
-0.8062796138193153
-0.8016004043354535
-0.79759703616573
-0.7958282109963599
-0.7919056951553632
-0.7905156221632725
-0.7883569775525305
-0.7776321626222952
-0.7767575104404035
-0.7654759364057093
-0.7625020926508844
-0.7607723099821575
-0.7541521139724245
-0.7478768951451789
-0.7451772716805608
-0.7388677708117507
-0.7332051412551875
-0.7286352014589911
-0.7263927081607672
-0.723763833415343
-0.7162153941296983
-0.715404875121682
-0.710432595757438
-0.70477548268844
-0.697752286425179
-0.679712288216317
-0.6728439578771721
-0.6707209018247362
-0.6582949184560589
-0.6538968180143431
-0.6514584959009131
-0.639808367641832
-0.6373544649333845
-0.6298581693872287
-0.6193013825691848
-0.5876856249792409
-0.5835487097574248
-0.5801650238300846
-0.5741153664714815
-0.5729841883487603
-0.5697197815904724
-0.5296004343349175
-0.5268629293670827
-0.5033050243285094
-0.5023450886005615
-0.49641484041197664
-0.4637217706822704
-0.4352759787382902
-0.43468189619109865
-0.3922484639848914
-0.32856206952152206
-0.00029010296315309806
-2.8508983265826838e-05
2.8508983266092223e-05
0.0002901029631537273
0.3285620695215215
0.3922484639848916
0.43468189619109865
0.4352759787382904
0.46372177068226994
0.49641484041197687
0.5023450886005616
0.5033050243285094
0.5268629293670826
0.5296004343349179
0.5697197815904727
0.57298418834876
0.5741153664714815
0.5801650238300845
0.5835487097574249
0.587685624979241
0.619301382569185
0.629858169387229
0.6373544649333847
0.6398083676418325
0.6514584959009132
0.6538968180143432
0.658294918456059
0.6707209018247361
0.6728439578771721
0.6797122882163168
0.6977522864251791
0.7047754826884399
0.7104325957574377
0.7154048751216819
0.7162153941296985
0.7237638334153432
0.7263927081607673
0.7286352014589916
0.7332051412551874
0.7388677708117506
0.7451772716805611
0.7478768951451787
0.7541521139724244
0.7607723099821574
0.7625020926508845
0.7654759364057091
0.7767575104404032
0.7776321626222948
0.7883569775525305
0.7905156221632726
0.7919056951553636
0.7958282109963598
0.79759703616573
0.8016004043354532
0.8062796138193152
0.8116212918340974
0.8130821943530888
0.8177240866818656
0.8194219909944566
0.8327602677200706
0.8372607224584971
0.8383951901879221
0.8404924823696609
0.845929220541906
0.8475119376129017
0.8497230896400982
0.8531177739685544
0.8568175774844269
0.8593826227040162
0.8611077268227865
0.8634562086768296
0.8642698875883169
0.8701239743450438
0.872632044234119
0.8767327561456476
0.880678564617418
0.8820879762691417
0.8859123351074298
0.888806506144938
0.8905848111583851
0.8972982486334365
0.8997498206747638
0.9033112387806916
0.9056980232864477
0.9083699497997891
0.9133981231401208
0.9149535694281673
0.9189595389772042
0.9230032626119588
0.9258194647217669
0.9288027217083733
0.9303405933842344
0.9329109955365968
0.939321837653836
0.9426508315129125
0.9496620620435106
0.9512460763185661
0.9531039387473214
0.9556358592514193
0.959237765353723
0.9647159419423538
0.9663946069151469
0.970114866176882
0.9718639443042867
0.9762168495321605
0.9803363700505063
0.9831369406630738
0.9901475657940974
0.9909372513992588
0.992980198852431
0.9954987747173898
1.0007362316070343
1.0041790816355123
1.0076748336450414
1.012139249106885
1.0170072123892628
1.0212226852021122
1.0238076540153278
1.0295668734643024
1.0306160314010426
1.0353067791035155
1.0381126439589567
1.0420738618341092
1.0462458963249714
1.0507439228205833
1.0535712152946133
1.058959463917803
1.0628370201049306
1.0659930607975217
1.0670460243239641
1.0761852116565223
1.0777274445627212
1.0824561070204597
1.0833640588719506
1.085701424853693
1.0910315218344724
1.0927747773379544
1.0953776632108791
1.10321297193356
1.1034416332518047
1.1102791092983777
1.1131678120533515
1.1159470159716627
1.1266495412388973
1.128552746739775
1.1313270688489716
1.1351938068477214
1.1393299466314655
1.1447933616649093
1.1488642495119517
1.155054127216021
1.1621950799972074
1.1702115150521173
1.176001269791479
1.1838130090026715
1.190083092927891
1.192256008940687
1.1989528591034417
1.2071134398193255
1.2211563783108585
1.2256010209876143
1.2396301345313891
1.2494425949763401
1.263951403735437
