-9.39055194345847
-9.333158029606551
-9.246470680235742
-9.222536009948941
-9.178811247692504
-9.144011251545669
-9.131301978342814
-9.10205679474875
-9.01186854128613
-8.999348354593579
-8.977236791721976
-8.928847883106181
-8.898645726730889
-8.854900180466124
-8.792854257531948
-8.768395702380598
-8.756207920171793
-8.70533979328385
-8.671934870955392
-8.646421171755511
-8.628429523286997
-8.598083460102828
-8.579905921506391
-8.56397910432312
-8.555914736934868
-8.524265925398055
-8.496535659026772
-8.47853588462472
-8.455985586815848
-8.429986109555726
-8.422537448616282
-8.400472281058374
-8.372616268517355
-8.344553185467202
-8.33416166977578
-8.319040172989265
-8.310315878908884
-8.28295693149331
-8.265340548728204
-8.249301660080175
-8.23848959547945
-8.228959999531558
-8.198296888627725
-8.194276884065697
-8.179806741140068
-8.164532056966616
-8.142572527802459
-8.132111470971557
-8.113384298994436
-8.095180760556552
-8.085337957961137
-8.063316569189368
-8.022341306860415
-8.013392357669781
-8.002144494575715
-7.976905994143005
-7.947599955320385
-7.9391363786195015
-7.930541551856027
-7.9079764440508304
-7.88162359548101
-7.872621401611928
-7.858019540522973
-7.8504362649196535
-7.83544162836205
-7.825166937574883
-7.798565755170842
-7.775502176443857
-7.75535682304247
-7.741238655817131
-7.737699694141726
-7.725997110438029
-7.702062333728119
-7.683893887531714
-7.6649634063851195
-7.635824276113689
-7.612761065122686
-7.601701326227367
-7.59341585232909
-7.567474486144172
-7.553373154881194
-7.525570673768472
-7.509569219302962
-7.4973817913542975
-7.4877915946803135
-7.468682727201337
-7.4530011045705065
-7.423137542503868
-7.417664709698322
-7.406817726622073
-7.382707775791661
-7.353884819544998
-7.350654500055745
-7.338208905927927
-7.302529477464467
-7.293707945393601
-7.270431675178911
-7.2604809538453
-7.244757270819049
-7.222334085925131
-7.204266983669148
-7.199496429361186
-7.167369407056976
-7.162741687967608
-7.14331069425018
-7.111190226604105
-7.100956236510588
-7.08123128291075
-7.077658167744584
-7.038065138071887
-7.024998454169967
-7.001336336734094
-6.986533460043131
-6.974969294359142
-6.9504112560228855
-6.945253897287476
-6.942097363872045
-6.9170078462110345
-6.906668718475999
-6.8803171757208945
-6.857763766311484
-6.843751291184624
-6.818243485511882
-6.812601084376169
-6.782174564983233
-6.776188809189903
-6.756703465853224
-6.734835256858871
-6.720384572598981
-6.71253642823816
-6.683450738969453
-6.6558124846583935
-6.642871983230362
-6.636369393130796
-6.595762972074551
-6.556418886697916
-6.525414690395017
-6.518702504772966
-6.490526280133119
-6.462773806660044
-6.433527140475897
-6.403900356410766
-6.369535211229782
-6.35199569863754
-6.278942965330262
-6.21516136336479
-6.196249061418481
-6.169624225731396
-6.107890326238623
-5.996546862273069
-5.976400186133658
-5.947421654863571
-5.899931436255334
-5.852847674903213
-5.76976921094038
-5.73828114145075
-5.676582743272114
-5.591095395350785
-5.538349157717912
-5.469422810959103
-5.406279621242837
-5.319551144628904
5.319551144357436
5.406279621258765
5.469422810757962
5.538349157819542
5.591095395349031
5.676582742681739
5.738281141506744
5.769769210706178
5.852847675541735
5.899931436797083
5.9474216551565116
5.976400185303365
5.996546863157649
6.107890326790066
6.16962422690917
6.19624906165661
6.215161363407503
6.278942964727143
6.3519956994473326
6.369535211109183
6.403900356732187
6.4335271403217416
6.462773808089353
6.490526280803093
6.518702504566285
6.525414692126938
6.556418886907105
6.595762971737964
6.63636939360726
6.64287198448208
6.655812484556976
6.683450739818612
6.712536429063235
6.7203845733309295
6.734835256578149
6.756703466520409
6.776188809265276
6.782174564321477
6.812601084951753
6.8182434852004254
6.84375129192111
6.857763766154049
6.880317175533085
6.906668718738267
6.917007846294263
6.942097362644209
6.945253897307158
6.950411257632151
6.9749692944926736
6.986533458845799
7.001336337389456
7.024998452899708
7.038065138669075
7.077658168200444
7.0812312827143415
7.100956235774856
7.1111902266336635
7.143310694298096
7.162741689604781
7.167369408387918
7.199496429904244
7.204266983078214
7.2223340863243015
7.244757271376732
7.260480955412666
7.27043167534431
7.293707945299658
7.302529476989265
7.338208906011404
7.350654500192885
7.35388482002348
7.382707776914622
7.40681772679167
7.417664707791789
7.423137542589231
7.453001105446036
7.4686827270092015
7.487791594919932
7.497381790823162
7.509569220879381
7.525570674442175
7.5533731539495665
7.567474486702578
7.5934158503872915
7.6017013250983005
7.6127610635604155
7.635824276204213
7.664963407018289
7.683893887416719
7.702062333416093
7.725997109812299
7.737699693848367
7.741238654391352
7.755356820714975
7.775502176972136
7.798565754140713
7.825166937012771
7.8354416280767865
7.850436265017472
7.858019539366719
7.872621400875946
7.88162359446366
7.907976442888076
7.930541552775116
7.939136376132439
7.94759995458906
7.976905993618287
8.002144495048695
8.013392356364264
8.022341308353367
8.063316569899214
8.08533795733426
8.095180760819227
8.113384299962833
8.132111469765388
8.142572528078924
8.164532056864994
8.179806740817213
8.194276884868186
8.198296888224162
8.228959999742449
8.238489596416311
8.24930165976423
8.265340548682824
8.282956930766458
8.310315878453364
8.319040174497285
8.33416166958652
8.344553184062114
8.372616268572402
8.40047228096075
8.422537447978709
8.429986110012408
8.455985586919978
8.478535884515239
8.496535658626403
8.524265924748931
8.555914736451196
8.563979103703101
8.579905922474643
8.59808345918321
8.628429521860422
8.646421173134433
8.67193486981089
8.705339792727099
8.756207920129333
8.76839570233539
8.792854257286335
8.854900180213201
8.898645725646631
8.928847881705348
8.977236792214043
8.99934835471191
9.01186854093612
9.102056796262533
9.131301980646699
9.144011252134788
9.178811247994773
9.222536010401571
9.246470681914897
9.33315802983578
9.390551942503961
