-2.9755224449848274
-2.94240156811901
-2.9233409605175313
-2.8965071837843115
-2.8919287024346194
-2.8771299990554664
-2.8387309021919997
-2.8267882642378437
-2.8139414228971678
-2.8023271190893486
-2.796598034931964
-2.7729635241425274
-2.7451616539101447
-2.73459384107503
-2.731663996731595
-2.7134657009310668
-2.706238373295143
-2.6947192069542774
-2.667902156960211
-2.6387771885263716
-2.6344240710728495
-2.6327957146785885
-2.6261298234077572
-2.6156929065187953
-2.599554967170531
-2.5922841693426473
-2.5679632958069907
-2.5590913792928114
-2.541145103656622
-2.523039315603255
-2.513493073999587
-2.5061107925438
-2.490070648615442
-2.48621971124584
-2.4814802256949484
-2.4696086717529426
-2.461290633186929
-2.448081402695137
-2.4223217950656157
-2.4122939694615457
-2.4062302957799253
-2.3965819313415246
-2.391357186754592
-2.3892634152115044
-2.3751731832640184
-2.3735857392171305
-2.3610830841908674
-2.3499801286724664
-2.3390613418885886
-2.326186655563385
-2.319519213193516
-2.3089923424442675
-2.2954958181434106
-2.278851547769681
-2.275519786500624
-2.267595937461055
-2.2615528493261605
-2.24712070093494
-2.2419162310747196
-2.2198324152300337
-2.2090267929491234
-2.201928148932882
-2.19658414036181
-2.186998443923731
-2.1867493514223932
-2.1683268390012347
-2.1626687590994553
-2.1532862908047075
-2.1499898823380583
-2.140670022106642
-2.1257513207760503
-2.1121187616219244
-2.100231980701692
-2.094582503402897
-2.079992309284888
-2.0703632038301283
-2.067948199348972
-2.0622758533557093
-2.0539781538575124
-2.0336820846729387
-2.0274156807166737
-2.018839621551285
-2.008645877717122
-2.005712851585392
-1.9978113682209517
-1.995358179990403
-1.9848973936678298
-1.9812309967953698
-1.9737243694337834
-1.968806811418923
-1.9594792417349527
-1.9544181736788504
-1.9458962477864796
-1.9381099149808962
-1.9210382156262746
-1.9120596292661671
-1.90228419521588
-1.888846970205232
-1.8756533465083511
-1.8708489073152368
-1.8571623673416953
-1.8438687598515808
-1.8423325452753752
-1.8348407120941421
-1.8260791551848972
-1.8205459295029705
-1.8107652560732603
-1.7961130778893104
-1.7737975561499442
-1.7711289294117623
-1.7429978306423435
-1.7291432231211699
-1.7281183254991035
-1.7143330598510156
-1.6789280917333436
-1.6703199554281727
-1.6659910526603139
-1.6524171253248796
-1.646781827465343
-1.637560405222109
-1.6171812513531416
-1.6148748410981575
-1.6031122565948908
-1.5805085840648907
-1.5466692013426202
-1.5251782857256166
-1.5005127218489314
-1.4804187641150235
-1.4605982532694686
-1.4478463340816738
-1.4308125418815376
-1.4196397206544864
-1.3995977389419145
-1.3920416822115997
-1.3692867971429694
-1.353518642743521
-1.3197659680537244
-1.2740533111425334
-1.2467890026597641
-1.2391260931059156
-1.2259005183522866
-1.2133338336814214
-1.1464728093704928
-1.1236843382170791
-1.1165022007482115
-1.1010633575365776
-1.040668166858816
-1.0092685687254406
-1.000541696291179
-0.9808511553782948
-0.8654313321647195
-0.8575576505634905
-0.8205117437025354
-0.7914404216310846
-0.7606534906153619
-0.7340871620627971
-0.5955995286946651
-0.5579743969961659
-0.5306021331097602
-0.3967580788788037
-0.3461910508777282
-0.12851064199866608
0.12851064168236814
0.3461910517616602
0.3967580789271068
0.5306021313615831
0.5579743984358005
0.5955995298786984
0.7340871617573095
0.7606534902099897
0.7914404212316625
0.8205117449169754
0.8575576495609802
0.8654313318010038
0.9808511546022662
1.0005416956694715
1.009268569915017
1.0406681667375246
1.1010633567853676
1.1165022021948323
1.1236843378818306
1.146472808363247
1.2133338343860414
1.2259005220261878
1.2391260905604282
1.2467890007070046
1.2740533114934267
1.3197659697537347
1.3535186419206295
1.3692867985848802
1.392041684950146
1.3995977397312829
1.4196397251387252
1.4308125379072625
1.4478463369197379
1.4605982511758908
1.480418762375809
1.5005127203366546
1.52517828576974
1.5466692026971136
1.5805085867062754
1.6031122560089224
1.6148748419839105
1.6171812519257827
1.6375604017073113
1.6467818314006317
1.6524171272290473
1.6659910516858525
1.670319955442092
1.678928089357905
1.7143330600014275
1.7281183266750453
1.72914322270156
1.7429978295587336
1.7711289291091923
1.773797558165709
1.7961130793820241
1.8107652576097863
1.8205459305178497
1.8260791571136834
1.8348407128259177
1.842332545047595
1.8438687569787398
1.857162364931259
1.870848909235906
1.8756533475161439
1.8888469728390138
1.9022841946868065
1.9120596287760838
1.9210382157850747
1.9381099136429316
1.9458962469861616
1.9544181772825873
1.9594792417916236
1.9688068109087458
1.9737243681292893
1.9812309963749117
1.9848973912739927
1.9953581826574436
1.9978113668832562
2.0057128531243915
2.0086458773077904
2.0188396196950578
2.0274156831966783
2.0336820824751007
2.0539781537059025
2.0622758534270296
2.0679482009981394
2.070363205988635
2.0799923114454995
2.09458250240767
2.100231983973218
2.112118757226455
2.1257513182202663
2.140670022949827
2.1499898845788077
2.153286289685224
2.162668758487006
2.168326839912086
2.1867493557335314
2.1869984405677965
2.1965841388200418
2.2019281517283855
2.2090267919020183
2.2198324126265354
2.2419162356719244
2.2471206976838918
2.2615528453597054
2.2675959370897836
2.2755197865036836
2.278851550792108
2.2954958156685823
2.3089923470871216
2.319519208139662
2.326186656969483
2.339061341312582
2.349980132891669
2.361083083314666
2.3735857378366996
2.3751731857160037
2.3892634123092535
2.3913571856110254
2.3965819321155593
2.406230297728782
2.4122939685205393
2.422321791833216
2.448081405626675
2.461290632263843
2.4696086728175937
2.4814802319072387
2.4862197106909996
2.490070644624478
2.5061107911300464
2.5134930747889066
2.523039315064046
2.541145100033409
2.5590913825287953
2.567963297316222
2.59228417060101
2.5995549610873327
2.6156929083299234
2.6261298290184607
2.6327957142796516
2.6344240752465615
2.6387771849083372
2.667902148502792
2.6947192073052855
2.7062383770940377
2.7134656989646637
2.7316640037172344
2.734593835268518
2.7451616536165417
2.7729635244775053
2.796598031202664
2.8023271273663872
2.8139414251603383
2.826788260121064
2.8387308939464706
2.877130004308665
2.8919287064329313
2.8965071761839885
2.9233409553936207
2.942401573292205
2.97552243506191
