-9.342887570323478
-9.303772784769508
-9.2595296203453
-9.208432837669669
-9.148204172813458
-9.116237324323741
-9.06787260082239
-9.008728005161776
-8.971244817059537
-8.909669820393011
-8.887681482848638
-8.837712183037638
-8.763089246379256
-8.717848033715052
-8.687493907118327
-8.663890994185621
-8.634749704805099
-8.594356831641404
-8.579415577401306
-8.557027590449069
-8.506044322758
-8.496334780815076
-8.478393102298083
-8.450627079471863
-8.447652559260964
-8.40130705636569
-8.368696368581874
-8.341386334156038
-8.333772466503996
-8.323566357272414
-8.297755028255246
-8.249243032301386
-8.232858653113015
-8.216970145354512
-8.21152193985302
-8.187222777350021
-8.184417613837962
-8.128666809102524
-8.113021002275008
-8.099138134227424
-8.09610405285238
-8.052215081461442
-8.022691741108051
-8.003865489634162
-7.995783617029362
-7.971877861958407
-7.950089486971681
-7.93793654073708
-7.911046567480196
-7.888027651967082
-7.869997576388018
-7.844717422102442
-7.836310312401976
-7.8083384456029306
-7.783206101324247
-7.75735243812933
-7.745884366019751
-7.734762519792616
-7.686861320197547
-7.668912448615557
-7.657710275414592
-7.629789723308482
-7.604086471215209
-7.5990470211506835
-7.557499039011151
-7.534395536069324
-7.515951944289017
-7.501613575592602
-7.487117289327158
-7.473030815660584
-7.468404157234762
-7.430123128657566
-7.408957325385727
-7.386905060491209
-7.366803043188299
-7.340179966298264
-7.323415299403048
-7.316532736181242
-7.309483680020407
-7.296744630823778
-7.275895137223883
-7.241191304557517
-7.212257142715106
-7.196203676223703
-7.1779698736225725
-7.164385867430004
-7.130054153169536
-7.117278376829368
-7.077231611113668
-7.0607878338159
-7.036615149522549
-7.009830447194716
-7.002751059506027
-6.974868211767101
-6.954680114344253
-6.93023555532854
-6.914898121290964
-6.851104226570706
-6.8323158896390055
-6.823078254158903
-6.810366143313723
-6.787644986061682
-6.768272827860917
-6.7392880362085625
-6.710689566880062
-6.6941515578645205
-6.662929644629181
-6.649755673142469
-6.608757566088844
-6.5844249638413155
-6.561623825723565
-6.547851885805136
-6.511750932170341
-6.468962995935338
-6.450380542867761
-6.440604280772106
-6.4322408746461095
-6.393612018490358
-6.3517807167153215
-6.2825853726859515
-6.242103307676995
-6.215009659166874
-6.196550295667726
-6.18593396207342
-6.154990567973875
-6.076220664542934
-6.04761563552139
-6.022996410390038
-5.994565353588541
-5.97508602708611
-5.907050168294237
-5.839289040276628
-5.784811012072929
-5.778134281736489
-5.738358492099412
-5.726327904348211
-5.668146463189782
-5.626975179445911
-5.59073909463499
-5.562714992693895
-5.463018793430259
-5.4314932349798175
-5.367519898006493
-5.249301077697468
-5.2173052696685
-5.11802780045194
-4.951674548391095
-4.933602442288165
-4.903325601298786
-4.891369635609766
-4.701831085062539
-4.699667658105749
-4.538433725739305
-4.527711057190747
-4.438943177029885
-4.242968569008511
-4.10921523662755
-3.923997753354088
-3.5718451013807013
-3.4159425103899648
-1.4701443513421896e-05
-1.6722885486525483e-06
1.6714854343390562e-06
1.4702246518157917e-05
3.415942510390134
3.5718451013841004
3.923997753355873
4.109215256442602
4.242968549234732
4.438943177046129
4.527711037626933
4.538433745433734
4.699667658084629
4.701831085069108
4.891369635607405
4.903325620562633
4.93360242292059
4.951674548391948
5.118027800446318
5.217305250069485
5.249301097219441
5.367519898634262
5.431493234959221
5.46301879343398
5.562714992850364
5.5907390946867626
5.626975178398188
5.668146446557014
5.726327920360326
5.738358496050213
5.778134281868172
5.784811011883041
5.839289039831391
5.907050149665076
5.975086026997485
5.994565352661977
6.022996409991597
6.047615652838739
6.076220665092166
6.154990564505118
6.185933948404018
6.196550297585473
6.215009675279117
6.242103308120524
6.282585372673313
6.351780717419012
6.393612018458297
6.432240874544942
6.440604280765641
6.450380542419856
6.468962995696687
6.511750933547843
6.547851888215413
6.56162382175076
6.584424980141131
6.608757566576526
6.649755673717566
6.6629296452412055
6.694151553929319
6.710689563637122
6.739288034239652
6.768272827662276
6.787644984358039
6.810366144274023
6.823078255289952
6.832315888512027
6.8511042261665
6.91489812119676
6.930235555343785
6.954680115013448
6.97486821164114
7.002751058686305
7.009830446885724
7.0366151506643515
7.060787835602739
7.077231610757933
7.117278377464635
7.130054153931988
7.1643858673794
7.1779698746363
7.196203674659885
7.2122571436983485
7.241191303701998
7.27589513783524
7.296744629443264
7.3094836813307085
7.316532734757039
7.323415300927835
7.340179965230463
7.366803043573808
7.386905060290969
7.408957324097165
7.430123127303871
7.468404154791034
7.47303081464775
7.4871172902240435
7.501613575188945
7.5159519453540655
7.534395535296489
7.55749903854895
7.599047020098894
7.604086473891796
7.629789724800172
7.657710276452609
7.668912448776632
7.686861320439589
7.734762519372742
7.74588436579238
7.757352438737087
7.78320610216542
7.80833844565061
7.836310315234622
7.844717422843016
7.869997576157809
7.888027650012137
7.911046567084949
7.937936540394014
7.950089485626047
7.9718778622069495
7.995783616140913
8.003865490360514
8.022691742096947
8.052215081220123
8.096104053859124
8.099138132310092
8.113021000715932
8.128666808596224
8.184417612677173
8.187222780966023
8.211521940868673
8.21697014730279
8.23285865359299
8.24924303397433
8.297755026760175
8.323566357645335
8.333772463718772
8.341386332972577
8.368696369396437
8.401307054075865
8.4476525589649
8.450627080133698
8.478393101931678
8.496334781452243
8.506044319820798
8.55702758667991
8.579415576589978
8.594356831495496
8.634749704858383
8.663890990891609
8.68749390794117
8.717848030545852
8.763089245015086
8.837712178932753
8.887681483688011
8.909669823033678
8.971244816561757
9.008728006419524
9.06787260192733
9.116237324544258
9.148204174159984
9.208432837906555
9.259529620629632
9.303772785551386
9.34288757088616
