-1.478303043865925
-1.4330222149036385
-1.4288513639724352
-1.4228540620275592
-1.4096517530827597
-1.4026273730387302
-1.39793746174679
-1.3928718304160415
-1.3871597953084776
-1.3747619444273562
-1.3616532516082072
-1.3607480403706222
-1.3456261924615454
-1.3366433470459358
-1.3334410057152624
-1.3280292217376142
-1.325535095876633
-1.3124547021129527
-1.3041016868105495
-1.303407606969909
-1.2820869662048844
-1.2776056896432086
-1.2726539511708612
-1.267563482747105
-1.2580375000034911
-1.2564024948700216
-1.2477718114777947
-1.2332447949092062
-1.22301963812741
-1.2221110781303208
-1.213545324667408
-1.2081346263590924
-1.206177058112376
-1.2023446425675623
-1.1996158868511475
-1.1880566263713328
-1.1858157434096364
-1.1841021470535011
-1.1811536840572587
-1.1748845464913509
-1.1704025316548199
-1.164196407517451
-1.1577669617418949
-1.1530990675067434
-1.142002534730341
-1.1371773639166283
-1.133655725946204
-1.1256359323204583
-1.1220744451433275
-1.1195798306364324
-1.1121600315166147
-1.1034323420823433
-1.0969986034251713
-1.0962300564635157
-1.0916702771138835
-1.0878950606111804
-1.080771682340157
-1.07738307807257
-1.0759009927976548
-1.0735841907677017
-1.071207801611369
-1.058724175387556
-1.055476169136717
-1.0545204059545945
-1.051710257784692
-1.0504902906041231
-1.0441804099295415
-1.036674485844489
-1.034139126326258
-1.027951072759235
-1.0230037629694806
-1.018127557769084
-1.0110419119764857
-1.0094666833758448
-1.0007318638004443
-0.995346379236835
-0.9895457402026742
-0.9848092276851449
-0.9767899333992478
-0.9751045477527434
-0.9709401570034755
-0.9654944578611002
-0.9637766308257535
-0.9620420394913303
-0.954585184589936
-0.9538598700610696
-0.9475336081775688
-0.945758522309684
-0.9354257755528709
-0.934733213841614
-0.9268733302070918
-0.9214892971812588
-0.9192597386964362
-0.914377111877582
-0.9085608572682544
-0.906746792127184
-0.9049528425673626
-0.8982314754017684
-0.8940442550987117
-0.8846754516930858
-0.8801245154501279
-0.8752962253237395
-0.8721885253465332
-0.8685119954018542
-0.8605134146488929
-0.8513875232764342
-0.8474835891499608
-0.8419630848160411
-0.8356983490976554
-0.8337980194356954
-0.8314522402000061
-0.8270136095256115
-0.8190467948902316
-0.8146591822152102
-0.8099250718427836
-0.8085549895411386
-0.7976953447934256
-0.7881650298736698
-0.7818955228589992
-0.7766804652676831
-0.7727427846288774
-0.7621687449280059
-0.7574357600961418
-0.7564450334665003
-0.7505992067859082
-0.7431820728743873
-0.7367734945184735
-0.7314159514161593
-0.7270303128780591
-0.7227892665638664
-0.7154716475025618
-0.7049557092838646
-0.6997824342837418
-0.6882400131969606
-0.6765780920653203
-0.6726122552836548
-0.6589382415179277
-0.6566928402897014
-0.6492194014706615
-0.6382258025121345
-0.6299833490355391
-0.6202757846570018
-0.6125991891063499
-0.6090528391456022
-0.5980179580762203
-0.5846503088485117
-0.5693468903555151
-0.56181491173906
-0.5476907359570282
-0.5283014134124253
-0.525041404508054
-0.5026632851426447
-0.4777295078681783
-0.4659723827865689
-0.45471309083576206
-0.42851609155393383
-0.4166992116815733
-0.4103399391687881
-0.29947880867718035
-0.1765949963358115
-0.004977468520089173
-2.340394593128357e-06
2.3403945925099464e-06
0.0049774685200902865
0.17659499633581136
0.2994788086771807
0.4103399391687878
0.41669921168157315
0.4285160915539337
0.45471309083576156
0.4659723827865686
0.4777295078681782
0.5026632851426447
0.5250414045080536
0.5283014134124253
0.547690735957028
0.5618149117390598
0.5693468903555149
0.5846503088485113
0.5980179580762203
0.6090528391456028
0.6125991891063497
0.620275784657002
0.6299833490355391
0.6382258025121345
0.6492194014706618
0.6566928402897011
0.6589382415179276
0.6726122552836549
0.6765780920653206
0.6882400131969607
0.6997824342837417
0.7049557092838646
0.7154716475025619
0.7227892665638663
0.727030312878059
0.7314159514161593
0.7367734945184734
0.7431820728743871
0.7505992067859081
0.7564450334665002
0.7574357600961417
0.7621687449280059
0.7727427846288774
0.7766804652676831
0.781895522858999
0.7881650298736697
0.7976953447934257
0.8085549895411384
0.8099250718427835
0.81465918221521
0.819046794890231
0.8270136095256116
0.8314522402000064
0.8337980194356951
0.8356983490976556
0.841963084816041
0.8474835891499606
0.8513875232764345
0.8605134146488927
0.8685119954018542
0.8721885253465333
0.8752962253237394
0.8801245154501275
0.8846754516930855
0.8940442550987114
0.8982314754017685
0.9049528425673633
0.9067467921271842
0.9085608572682543
0.9143771118775821
0.9192597386964357
0.921489297181259
0.9268733302070917
0.9347332138416139
0.9354257755528708
0.9457585223096843
0.9475336081775688
0.9538598700610696
0.9545851845899379
0.9620420394913307
0.9637766308257535
0.9654944578611001
0.9709401570034754
0.9751045477527432
0.9767899333992475
0.9848092276851449
0.9895457402026742
0.9953463792368349
1.0007318638004443
1.009466683375845
1.011041911976486
1.0181275577690838
1.0230037629694808
1.0279510727592347
1.034139126326258
1.036674485844489
1.0441804099295415
1.050490290604123
1.0517102577846922
1.0545204059545943
1.0554761691367167
1.058724175387556
1.071207801611369
1.0735841907677017
1.075900992797655
1.0773830780725706
1.080771682340157
1.0878950606111801
1.091670277113883
1.0962300564635155
1.096998603425172
1.1034323420823429
1.1121600315166145
1.119579830636432
1.1220744451433273
1.1256359323204568
1.1336557259462037
1.137177363916628
1.1420025347303409
1.1530990675067436
1.1577669617418944
1.1641964075174505
1.170402531654821
1.1748845464913509
1.1811536840572583
1.1841021470535011
1.1858157434096357
1.1880566263713326
1.199615886851147
1.202344642567562
1.2061770581123759
1.2081346263590922
1.213545324667408
1.2221110781303206
1.2230196381274097
1.233244794909206
1.2477718114777947
1.2564024948700219
1.258037500003491
1.267563482747105
1.2726539511708614
1.277605689643209
1.282086966204885
1.3034076069699092
1.3041016868105497
1.312454702112953
1.325535095876633
1.3280292217376142
1.3334410057152624
1.3366433470459358
1.3456261924615454
1.3607480403706236
1.3616532516082076
1.374761944427356
1.3871597953084769
1.3928718304160412
1.3979374617467897
1.4026273730387295
1.4096517530827601
1.4228540620275592
1.4288513639724352
1.4330222149036378
1.4783030438659253
