-1.4907775543455983
-1.466058082269079
-1.4551068057145442
-1.4322709880026143
-1.419503550918707
-1.4173983405947395
-1.414050608563975
-1.4132150639931989
-1.407696869935764
-1.403832976630656
-1.3978672924341011
-1.3934237757845567
-1.3692310936366905
-1.3639216962142702
-1.3619001322968884
-1.349854404342576
-1.3460347689084482
-1.3403931706517718
-1.330029204679437
-1.3284189879006105
-1.317968331170744
-1.3151144193059765
-1.3125241830716499
-1.3083478873430603
-1.3033618947772252
-1.2927242110182577
-1.2894837143252107
-1.2800107184007476
-1.2745546469553761
-1.265393830470683
-1.262470847850769
-1.259018995797671
-1.2536711752796186
-1.2486724325980176
-1.240839469281835
-1.2360936276920265
-1.2340068473860253
-1.228803654697483
-1.227628494071942
-1.2216278116433994
-1.2032734898155244
-1.1975275177348232
-1.193703943264329
-1.191302235532207
-1.1876764341878987
-1.1842433631358225
-1.1803096725170121
-1.1724272314796034
-1.1683476377050015
-1.1648723575900675
-1.1583024255788674
-1.156407256516046
-1.1553040760193056
-1.1460929575485261
-1.1430032870117228
-1.1399076771590746
-1.1300024938593547
-1.12529694501467
-1.1249882611790933
-1.1176449919846427
-1.1119296404796135
-1.1097077418107921
-1.1050088803040448
-1.1032197576746179
-1.0981199840291487
-1.095113503295044
-1.0905417056084044
-1.085687716648663
-1.0800093440738947
-1.0776815573512926
-1.0715719122291523
-1.0640839293175437
-1.0598860801922119
-1.0569075138742459
-1.0527733914434614
-1.0501044539827091
-1.0484857983150626
-1.0459813129847189
-1.043406146716775
-1.032922703983321
-1.0296084412119086
-1.0236122005489943
-1.0228879987289017
-1.0207984065125255
-1.0092069265973995
-1.006167838525397
-1.0016770578028777
-0.99482764780093
-0.9893091076913993
-0.9807543989231947
-0.9768830748597315
-0.9740565984927395
-0.9697601506899493
-0.963416263774253
-0.9600299325221942
-0.9587020923049272
-0.9508989218346388
-0.9477006767212618
-0.9404837862693152
-0.9374058962087749
-0.9356617262107784
-0.9313941340252688
-0.9294969039481329
-0.9234598737769434
-0.9209861279794714
-0.9177830849784095
-0.9125379094477121
-0.9059463820351195
-0.903605867902905
-0.9008250348533002
-0.8917152307078388
-0.8902572267630325
-0.8828466712121592
-0.8777407840004144
-0.8729192140668317
-0.8684047340327347
-0.8633843939532106
-0.857284854737213
-0.8539311100976854
-0.849042593598469
-0.8378227721282961
-0.8371092696406276
-0.83294784144972
-0.8283284385510788
-0.8202269782054018
-0.8183324899975031
-0.8131202586745849
-0.8089180578857849
-0.8047196295855367
-0.7986573634969886
-0.7905722095318438
-0.7881324554609633
-0.7829233912762139
-0.7772297828395407
-0.7727249899453182
-0.7589206103541062
-0.7467814693909327
-0.7455244532993398
-0.7354938080041726
-0.729387356197971
-0.7218696229032108
-0.7032519690966907
-0.6994843602629947
-0.6879121945108353
-0.6789196313473889
-0.675222567260347
-0.6664602204318198
-0.655509602996838
-0.6267005905762211
-0.6220960093170476
-0.6040473212234426
-0.5910857785986766
-0.583149376475251
-0.5623590272178379
-0.5510078696095713
-0.534134374714965
-0.5240199544722448
-0.5052064632931601
-0.4869673181638742
-0.4603447718665513
-0.44528381948251006
-0.41406468055660495
0.41406468055660517
0.4452838194825099
0.4603447718665513
0.48696731816387395
0.5052064632931597
0.5240199544722449
0.5341343747149648
0.551007869609571
0.562359027217838
0.5831493764752508
0.5910857785986764
0.6040473212234426
0.6220960093170477
0.6267005905762213
0.6555096029968382
0.6664602204318205
0.675222567260347
0.678919631347389
0.6879121945108345
0.6994843602629944
0.7032519690966904
0.7218696229032108
0.7293873561979709
0.7354938080041726
0.7455244532993397
0.746781469390933
0.7589206103541057
0.7727249899453181
0.7772297828395404
0.7829233912762138
0.7881324554609634
0.7905722095318439
0.7986573634969886
0.804719629585537
0.8089180578857849
0.8131202586745852
0.8183324899975036
0.8202269782054016
0.8283284385510785
0.8329478414497204
0.8371092696406277
0.8378227721282963
0.8490425935984685
0.8539311100976853
0.8572848547372132
0.8633843939532108
0.8684047340327351
0.8729192140668317
0.8777407840004148
0.882846671212159
0.8902572267630323
0.8917152307078386
0.9008250348533003
0.9036058679029049
0.9059463820351192
0.9125379094477124
0.9177830849784095
0.9209861279794714
0.9234598737769432
0.9294969039481328
0.9313941340252689
0.9356617262107785
0.9374058962087758
0.940483786269315
0.9477006767212618
0.950898921834639
0.9587020923049278
0.9600299325221943
0.9634162637742533
0.9697601506899495
0.9740565984927393
0.9768830748597315
0.9807543989231944
0.9893091076913993
0.9948276478009296
1.0016770578028766
1.006167838525397
1.0092069265973993
1.0207984065125255
1.0228879987289015
1.0236122005489945
1.0296084412119084
1.0329227039833209
1.043406146716775
1.0459813129847193
1.0484857983150617
1.050104453982709
1.052773391443462
1.0569075138742463
1.0598860801922119
1.0640839293175441
1.0715719122291523
1.0776815573512926
1.0800093440738947
1.085687716648663
1.0905417056084041
1.095113503295044
1.0981199840291496
1.1032197576746179
1.1050088803040445
1.1097077418107917
1.1119296404796135
1.1176449919846427
1.1249882611790933
1.1252969450146697
1.1300024938593545
1.1399076771590744
1.1430032870117226
1.146092957548526
1.1553040760193056
1.156407256516046
1.1583024255788676
1.164872357590067
1.1683476377050015
1.1724272314796034
1.1803096725170121
1.1842433631358222
1.1876764341878987
1.191302235532207
1.1937039432643288
1.197527517734823
1.2032734898155242
1.2216278116433996
1.227628494071942
1.228803654697483
1.2340068473860253
1.2360936276920258
1.240839469281835
1.248672432598018
1.253671175279619
1.2590189957976714
1.2624708478507687
1.2653938304706829
1.2745546469553763
1.2800107184007476
1.2894837143252116
1.2927242110182582
1.3033618947772254
1.3083478873430607
1.3125241830716499
1.3151144193059765
1.3179683311707442
1.32841898790061
1.330029204679437
1.3403931706517715
1.3460347689084482
1.349854404342576
1.3619001322968878
1.3639216962142702
1.3692310936366907
1.393423775784557
1.397867292434101
1.4038329766306559
1.4076968699357642
1.4132150639931989
1.414050608563975
1.4173983405947395
1.419503550918707
1.4322709880026143
1.4551068057145446
1.4660580822690794
1.490777554345598
