-1.4723217175566359
-1.468519741905566
-1.4562146139264982
-1.4485117041243565
-1.420733356138083
-1.41840154008835
-1.4138885104873566
-1.4013183170126144
-1.3808964500665446
-1.3780316907860357
-1.3634452568664297
-1.3623669808333465
-1.3554934216287313
-1.3491272116451416
-1.3324193591143685
-1.3232939621761155
-1.3205306835030395
-1.3171567515362825
-1.3150651180514301
-1.305760270185071
-1.298396518806983
-1.292274362956998
-1.289657948378075
-1.2820443640279626
-1.2806615718130325
-1.266617267193012
-1.2569466234371283
-1.2565491569433866
-1.253475297577747
-1.2409112656109405
-1.2342340783083678
-1.2241110678987213
-1.2163582419012013
-1.2111476379526351
-1.2021671365055187
-1.193748534696092
-1.188289738373926
-1.1868693513746618
-1.1804879359276792
-1.1790768383603158
-1.1744059388696906
-1.169130798919029
-1.166556182878617
-1.1508551807476284
-1.1494849475207813
-1.1393738670164573
-1.1368758424606489
-1.1286811744331147
-1.127565314993612
-1.1186274176827598
-1.1116346853975403
-1.1097260972395258
-1.0993031064538341
-1.0956114058114648
-1.0925060328682006
-1.0885091646066505
-1.0838394592342604
-1.0811574189840072
-1.0735807508026938
-1.0705009663987288
-1.0688557355362123
-1.0646319504649302
-1.0593582614775117
-1.0536337104728468
-1.0491756435728403
-1.041281013067959
-1.0381534450563514
-1.032993270278904
-1.025415556529969
-1.017988143242846
-1.0144434804739066
-1.0114413299562524
-1.0039142701891581
-0.9999269478254442
-0.9967771658957736
-0.9849970857148573
-0.9794987228936447
-0.9774568957311278
-0.9699494393095726
-0.9684503466249482
-0.9622660010401327
-0.9551801344989684
-0.9491194604429488
-0.9467934277877936
-0.9427944195729412
-0.9345857471875322
-0.9327674695490823
-0.9259969292780789
-0.9245688219580651
-0.914415346818864
-0.9120742519774963
-0.9064094083537735
-0.9025891294623865
-0.8963914578511513
-0.8898411834300763
-0.8872135832106967
-0.8847994601421796
-0.8773014958217519
-0.8709524903913216
-0.8699989227981599
-0.8658369167376271
-0.863829988530242
-0.8575022117737874
-0.8564664496269121
-0.8499543350557119
-0.8451511687003124
-0.8369947447445465
-0.833407233254271
-0.8229964007712236
-0.8205431245454003
-0.8178363068540652
-0.8076526728223242
-0.8032712267599471
-0.800207986995885
-0.795435911724594
-0.7913010324537264
-0.7851195242864406
-0.7764676458751002
-0.7673926677549022
-0.7667788371270321
-0.7580568240662877
-0.7485889526618429
-0.7441537536479643
-0.738430115599114
-0.7326455337674282
-0.7247322091691554
-0.7182310570217435
-0.7154884122708629
-0.7017704177463069
-0.6956624651409443
-0.6911120996807125
-0.6881188843474356
-0.6765394451467382
-0.6663307944518476
-0.6582674655052955
-0.6527094019258426
-0.6491098909150159
-0.6379313318350475
-0.6316460087574004
-0.6120950722302679
-0.6049323653709486
-0.5998571662795301
-0.5878367089031081
-0.5856720400262744
-0.5571671077274541
-0.5526016066850297
-0.5337800499178718
-0.517096451436342
-0.514075047394688
-0.5051670576230106
-0.49585710641631503
-0.479876499860604
-0.4699245179568723
-0.4393603238121065
-0.43163423142475893
-0.4268020850095989
-0.40589345907469965
-0.3683057012241947
-0.3455754071582726
-0.22806473501517213
-0.0017441528789316598
-6.004443628344491e-06
6.004443628204853e-06
0.001744152878930046
0.22806473501517174
0.3455754071582731
0.3683057012241951
0.40589345907470004
0.4268020850095989
0.43163423142475904
0.4393603238121069
0.46992451795687246
0.4798764998606043
0.4958571064163149
0.5051670576230105
0.5140750473946877
0.517096451436342
0.5337800499178716
0.5526016066850294
0.5571671077274541
0.5856720400262744
0.5878367089031081
0.5998571662795301
0.6049323653709485
0.6120950722302677
0.6316460087574002
0.6379313318350474
0.6491098909150163
0.6527094019258425
0.6582674655052954
0.6663307944518474
0.676539445146738
0.6881188843474355
0.6911120996807124
0.6956624651409444
0.7017704177463068
0.7154884122708627
0.7182310570217432
0.7247322091691552
0.7326455337674277
0.7384301155991139
0.7441537536479642
0.7485889526618427
0.7580568240662875
0.7667788371270323
0.7673926677549027
0.7764676458751001
0.7851195242864404
0.7913010324537263
0.7954359117245937
0.8002079869958849
0.8032712267599472
0.8076526728223244
0.8178363068540654
0.8205431245454003
0.8229964007712237
0.8334072332542719
0.8369947447445464
0.8451511687003121
0.8499543350557117
0.8564664496269124
0.8575022117737876
0.8638299885302415
0.8658369167376266
0.8699989227981598
0.8709524903913212
0.877301495821752
0.8847994601421795
0.8872135832106969
0.8898411834300763
0.8963914578511508
0.9025891294623865
0.9064094083537735
0.9120742519774965
0.914415346818864
0.9245688219580652
0.9259969292780792
0.9327674695490822
0.934585747187532
0.9427944195729421
0.9467934277877936
0.9491194604429489
0.9551801344989684
0.9622660010401328
0.9684503466249478
0.9699494393095722
0.9774568957311278
0.9794987228936445
0.9849970857148574
0.9967771658957736
0.999926947825444
1.003914270189158
1.011441329956252
1.0144434804739066
1.0179881432428457
1.025415556529969
1.0329932702789038
1.0381534450563514
1.0412810130679588
1.0491756435728408
1.053633710472847
1.0593582614775117
1.0646319504649302
1.068855735536212
1.0705009663987295
1.0735807508026938
1.0811574189840076
1.0838394592342606
1.08850916460665
1.0925060328682006
1.0956114058114648
1.0993031064538343
1.1097260972395255
1.11163468539754
1.1186274176827598
1.1275653149936122
1.1286811744331147
1.136875842460649
1.1393738670164575
1.1494849475207807
1.1508551807476284
1.166556182878617
1.1691307989190287
1.1744059388696904
1.1790768383603156
1.1804879359276792
1.1868693513746615
1.1882897383739253
1.1937485346960917
1.2021671365055187
1.2111476379526354
1.2163582419012016
1.2241110678987213
1.2342340783083678
1.2409112656109405
1.2534752975777468
1.2565491569433866
1.2569466234371283
1.2666172671930125
1.280661571813033
1.2820443640279626
1.289657948378075
1.292274362956998
1.2983965188069824
1.3057602701850703
1.3150651180514303
1.317156751536282
1.3205306835030395
1.3232939621761153
1.3324193591143683
1.3491272116451418
1.3554934216287315
1.3623669808333463
1.3634452568664308
1.378031690786036
1.3808964500665446
1.4013183170126147
1.4138885104873564
1.41840154008835
1.4207333561380826
1.4485117041243565
1.4562146139264978
1.4685197419055664
1.472321717556635
