-11.887152526874448
-11.765551438988576
-11.627628769230425
-11.610520342094205
-11.519968965701201
-11.512633928646611
-11.341411960495803
-11.21085839171152
-11.191602726050206
-11.156117725570335
-11.047525779018793
-11.00695866529606
-10.912998208001499
-10.858590179516803
-10.77310415600865
-10.722026291362129
-10.678542016528038
-10.509788164645853
-10.507906436722752
-10.490439213374803
-10.392483989340887
-10.330982889976617
-10.302273152370182
-10.265048277828686
-10.25721194519292
-10.22967251538556
-10.212145278364027
-10.206236430475034
-10.164514073495896
-10.140371961080062
-10.085887692309147
-9.927269352071237
-9.892704540098674
-9.858331412114456
-9.829367812497741
-9.789525289552206
-9.703979197952236
-9.689599270486946
-9.621327884789984
-9.593325146513548
-9.542780459260168
-9.484759268017388
-9.418263213351485
-9.330923728655476
-9.266707271604309
-9.21951342413012
-9.175566322116806
-9.138681882731406
-9.079415800173289
-9.032302855657244
-8.987544589756991
-8.966103535982793
-8.919211318739134
-8.857344557015885
-8.806803638168464
-8.796134529298016
-8.789094359135792
-8.727362253350254
-8.64662501830069
-8.489280331505801
-8.468547070000819
-8.457281929526772
-8.442094648255482
-8.393360629202194
-8.388382378510382
-8.277838699465448
-8.233095385348308
-8.210166088627487
-8.200444686202685
-8.181419740957736
-8.103544839657351
-8.067566704413412
-8.02542007727075
-7.994330271982776
-7.980386422960435
-7.9652964982734185
-7.899275853119745
-7.866907586809225
-7.861620927999811
-7.841890402382546
-7.792168151431948
-7.743880189650307
-7.735199106385844
-7.694604175673713
-7.65463318003958
-7.528659419783365
-7.504953593022391
-7.46896575531736
-7.446844399436504
-7.366886011048719
-7.279370710156647
-7.277838849518891
-7.241494163412303
-7.2237770722155785
-7.1659537263564115
-7.162019647824569
-7.095679297742521
-7.046954186028927
-6.957140981463022
-6.914410403105732
-6.897473325184359
-6.877739048175187
-6.848189341477251
-6.81568027822978
-6.738503464872001
-6.727713989051711
-6.6887675053830025
-6.677367876521326
-6.634739154574569
-6.625337663182896
-6.576171251752313
-6.5436389594441176
-6.4933831875072014
-6.421191840784427
-6.4109694252370355
-6.3697278071540255
-6.305279297207123
-6.287770077687321
-6.264797794261162
-6.22590600019181
-6.189941862859367
-6.12819557911328
-6.082463625607277
-5.975605525522954
-5.943279511954239
-5.887046503237491
-5.862335030326628
-5.8444515681225715
-5.822863723479583
-5.783004795017693
-5.697368194403966
-5.681061399654084
-5.65854003686756
-5.584300234539226
-5.515274358562189
-5.4790845253598555
-5.398451525038715
-5.314475526949037
-5.268646218395093
-5.213629039647601
-5.192462061227063
-5.124337076558434
-5.096506545743855
-5.0771669713874905
-4.928690937838388
-4.8986533432138515
-4.817608079355337
-4.781787251167102
-4.695420677360194
-4.6467902219024335
-4.485304034081468
-4.368119715360865
-4.358690262481139
-4.169292810979163
-4.079646601463987
-4.053983111657859
-3.5712604320552113
-3.065973726668072
-2.7358707494581833
-1.7581074788985553
-0.00032301760330105146
-2.710697262607385e-08
2.7109049765862783e-08
0.00032301760083383737
1.7581074788891828
2.735870749426794
3.0659737266557077
3.571260431994596
4.053983111645804
4.079646587560511
4.169292808101464
4.358690276652937
4.368119715000958
4.485304033056802
4.646790221118492
4.69542067731552
4.781787249156321
4.817608077825126
4.898653343425302
4.928690937534986
5.077166971310381
5.096506549336108
5.124337076803933
5.192462060006797
5.213629037923162
5.268646220125219
5.314475511537783
5.398451535515066
5.479084524707216
5.515274361787926
5.584300237594619
5.658540031334302
5.681061401541715
5.697368196056739
5.783004789062877
5.822863723662357
5.844451575353635
5.862335028172799
5.887046505338941
5.943279512709456
5.9756055233222005
6.082463629870286
6.128195579219878
6.189941862844595
6.225906005786476
6.264797780408409
6.287770076908226
6.3052792960665025
6.369727804300073
6.410969427502279
6.421191843119068
6.493383189360076
6.543638963540678
6.576171253582515
6.625337662158871
6.634739154593504
6.67736787746411
6.688767504649988
6.727713987959414
6.738503467145025
6.815680279526926
6.848189343055663
6.87773904893831
6.897473325816789
6.914410403482003
6.957140982226233
7.046954184526338
7.095679299148145
7.162019648332354
7.165953725337567
7.2237770743922525
7.241494166629172
7.277838850979543
7.2793707103441445
7.366886015285834
7.446844398562236
7.468965754081851
7.504953591862596
7.528659425567052
7.6546331681214195
7.694604183291075
7.735199107954652
7.7438801932854195
7.792168149787256
7.8418904011317245
7.861620929321191
7.866907587149718
7.899275845542562
7.965296498196821
7.98038642892554
7.994330273120299
8.025420083710948
8.067566704411705
8.103544841799753
8.181419734579332
8.200444674573266
8.210166090973656
8.23309540094698
8.277838699743967
8.38838237609823
8.393360628089315
8.442094648519102
8.457281923385347
8.46854706076996
8.48928033326667
8.646625017773511
8.727362248994824
8.789094360737419
8.796134524662202
8.806803641400007
8.857344556987375
8.919211311784414
8.966103531341187
8.98754458457746
9.032302856411652
9.079415797431416
9.138681880461483
9.17556631842719
9.2195134265531
9.266707274536454
9.330923726067756
9.41826321093357
9.484759269224616
9.542780460856758
9.593325148854278
9.621327888156644
9.689599271438171
9.703979196825658
9.789525294836942
9.8293678157208
9.858331414447221
9.892704537793257
9.927269354265988
10.085887693821661
10.140371956263388
10.16451407021691
10.206236430445111
10.212145281781519
10.229672518252677
10.257211949490976
10.265048282568442
10.302273153679822
10.330982890585346
10.392483991636457
10.490439212258652
10.50790643639034
10.509788164694847
10.678542016066599
10.72202629010109
10.773104149908338
10.858590181388507
10.912998206172212
11.00695866638997
11.047525779685609
11.156117723848306
11.191602726430755
11.210858396948227
11.34141196552376
11.51263393079402
11.51996896300306
11.610520338214918
11.627628763355913
11.765551437502351
11.887152527907686
