-3.5313689035393905
-3.4751215334912633
-3.413620816481716
-3.4120503549396837
-3.392485455470546
-3.3825692310531243
-3.3583215337613614
-3.339549158171445
-3.325921398974717
-3.313771615733116
-3.2810239465121764
-3.2760372966331976
-3.261864597302153
-3.248662058168112
-3.2201212067241043
-3.1848361872699393
-3.1741567036762213
-3.1529396087784316
-3.144270203348585
-3.1380241237979316
-3.1254160066522143
-3.1118173436098133
-3.074688210628305
-3.060320478116606
-3.0440406204203665
-3.0201908298439335
-3.0009162275295638
-2.9879856671456335
-2.9793562407979413
-2.9608333765483503
-2.954144809787264
-2.931785553712725
-2.9151101390618144
-2.9041527282836586
-2.895935558578393
-2.884479725909497
-2.866462327486418
-2.8386059829245767
-2.8310564135887093
-2.8084327105826565
-2.78553656662638
-2.7696673889305266
-2.7616847815033045
-2.7458010651361655
-2.7425494982525325
-2.725420172884253
-2.699027178496841
-2.6945965072279114
-2.6790807789909015
-2.669061484004937
-2.648529416395735
-2.6287781264691668
-2.6114203345756173
-2.5972285039477874
-2.584278031483507
-2.5637921160025408
-2.5403542965378
-2.5265909103838102
-2.509622595738181
-2.5005401800660576
-2.4894218385407285
-2.4784384710981793
-2.4690363469822945
-2.457302816011083
-2.425674964254797
-2.4223399493288893
-2.4057150516116885
-2.3732654340401287
-2.3603009591546145
-2.328532808692174
-2.3108188645253116
-2.3086636484134253
-2.2993548460249094
-2.2907565709975883
-2.2761282717948084
-2.264349685017528
-2.2510320725308595
-2.2326716518001293
-2.218985229711931
-2.184614709825103
-2.1801869414239965
-2.178849885501684
-2.158245950392394
-2.1502723032758517
-2.136273100474764
-2.1246889900432406
-2.1103253706337814
-2.1078517614921752
-2.09613259339112
-2.087459933598699
-2.078324864678972
-2.0541523249000795
-2.042095770618446
-2.0339281463930563
-2.0166479467670326
-2.009808706846885
-1.9898480614170122
-1.97470223579023
-1.9555151391789116
-1.9303794292626635
-1.9255978095835498
-1.914823152227324
-1.9113444005197435
-1.8902166901596182
-1.8729936836749592
-1.8661273892114811
-1.8606348002711877
-1.8530039989099387
-1.8329661644979522
-1.820260469394296
-1.8124221263936133
-1.7966616050700608
-1.7806888485833237
-1.7675351837144035
-1.7585799342548332
-1.7415064329755559
-1.7209658321199575
-1.7022863723576842
-1.6966739399474566
-1.6813566165303413
-1.6766805334910937
-1.658113743413878
-1.6179350349045294
-1.6014539219304371
-1.5879575870403386
-1.5849680480846624
-1.5709065696227456
-1.555318754211009
-1.5315432369145785
-1.5190913232771044
-1.4827578250838949
-1.4622042306457494
-1.4496972615340926
-1.4292956222445328
-1.406202766283516
-1.3999024947010217
-1.3695967556326838
-1.3414428536576195
-1.302014643779772
-1.271303069372999
-1.2453194480252658
-1.2197599476859449
-1.2042673909695136
-1.1929008911078212
-1.1869314934818354
-1.137115644111095
-1.074160430593548
-1.0312333475132338
-1.011112519878027
-1.0027126653410003
-0.964952554465998
-0.9216186350127556
-0.8697914696933117
-0.8097494478603836
-0.768312474398888
-0.719087571748934
-0.712600598344845
-0.5603762585955441
-0.5126412559819137
-0.4433145005638083
-0.12906948982375777
-0.009534512930364914
0.00953451301790382
0.12906948975655994
0.44331450086411506
0.5126412553721047
0.5603762597493559
0.7126005996533854
0.7190875719659865
0.7683124752729129
0.809749448917292
0.8697914687622162
0.9216186361963559
0.9649525552907785
1.002712666134775
1.0111125214824332
1.0312333471273132
1.0741604316460265
1.1371156451778106
1.186931494122657
1.1929008922292506
1.2042673927113308
1.2197599472492389
1.2453194476262905
1.2713030684471356
1.3020146432981683
1.341442853011481
1.3695967570455498
1.3999024962404563
1.4062027672526267
1.4292956223456432
1.4496972624076538
1.4622042288966854
1.4827578252539866
1.5190913222298266
1.5315432364054322
1.5553187539009665
1.5709065704081118
1.584968048323403
1.5879575859112056
1.6014539209144747
1.617935034902567
1.6581137443093312
1.6766805335207733
1.681356617792242
1.6966739393540091
1.7022863739660272
1.7209658327515032
1.7415064340253013
1.7585799345649262
1.7675351859431927
1.780688848630949
1.7966616053310553
1.8124221259554563
1.820260469709954
1.8329661669894015
1.853004001513459
1.8606348002995563
1.866127390343204
1.87299368261133
1.8902166905284037
1.9113443999870257
1.9148231529467346
1.9255978108630403
1.9303794303398119
1.9555151410762939
1.9747022380981973
1.989848059353474
2.009808706710995
2.0166479458644186
2.033928146627263
2.0420957712768906
2.0541523245115605
2.078324865045094
2.0874599326827328
2.096132593206282
2.1078517602054467
2.110325373802094
2.124688990412321
2.1362731003468314
2.1502723030094097
2.158245949281974
2.1788498838895283
2.180186943383765
2.1846147097031845
2.21898522997097
2.2326716510988
2.251032071893214
2.264349686582212
2.276128269806018
2.2907565703086994
2.29935484935395
2.308663646365496
2.310818864290288
2.328532808776679
2.3603009610988095
2.373265434408765
2.4057150526780537
2.4223399495172173
2.4256749642884645
2.4573028122322778
2.4690363471818477
2.4784384723165793
2.48942183969698
2.500540178822955
2.5096225948119555
2.5265909083184477
2.540354293478401
2.563792115431245
2.5842780316378398
2.597228505028683
2.6114203370230498
2.6287781303313342
2.6485294130324673
2.669061482168363
2.6790807797370673
2.6945965063441437
2.6990271762877907
2.725420173576443
2.7425494998557056
2.7458010628923746
2.761684784615832
2.769667388902999
2.7855365700552537
2.8084327130733433
2.8310564155501723
2.8386059838607554
2.8664623308137065
2.884479729563519
2.8959355520619634
2.904152727694292
2.915110139095301
2.9317855531007595
2.954144814014411
2.960833374761736
2.9793562413867334
2.9879856687799435
3.0009162228600545
3.0201908295228375
3.0440406172504066
3.0603204827846517
3.0746882062707876
3.1118173449239754
3.125416007488053
3.138024124299562
3.1442702021415347
3.15293960751097
3.174156700557552
3.184836181308527
3.220121202461797
3.2486620598154965
3.2618645901166516
3.276037296157079
3.281023945158726
3.3137716137587696
3.325921402176216
3.3395491599823623
3.358321534472672
3.382569228439684
3.392485454082101
3.4120503578019057
3.4136208160491655
3.4751215295047735
3.53136889632156
