-12.166030094495946
-11.981298437196626
-11.804514606852315
-11.706322690472355
-11.609538830298643
-11.599501564529783
-11.460949774905156
-11.378102129816105
-11.345929791634688
-11.284470731874368
-11.219237230991341
-11.21723185345445
-11.197779831623865
-11.189267368391286
-11.07826748945491
-11.015261503913573
-11.002751527343746
-10.964899764747358
-10.950214823636912
-10.88865073683594
-10.79092709220491
-10.781069699193889
-10.775675282302739
-10.77245997817471
-10.729396462343258
-10.714105607982066
-10.673891260372182
-10.64802637345741
-10.595812729928163
-10.58696227633449
-10.57774717962653
-10.32421185946011
-10.29047908328526
-10.284713589521482
-10.269420007942774
-10.234280390618068
-10.212108411464152
-10.195442858319812
-10.166627736662852
-10.090434596950747
-10.07438039611118
-10.05560034362112
-10.005423657710915
-9.92693228745786
-9.901141498072782
-9.892018695988439
-9.86231194043404
-9.776486743336534
-9.752177265608527
-9.700607039541541
-9.696714911464474
-9.683329286934555
-9.655917912108938
-9.583318695246728
-9.538536070606508
-9.508087962113398
-9.494270533538916
-9.436982405578544
-9.357279057344842
-9.333110268733735
-9.28518005123627
-9.2447444130896
-9.210230861663202
-9.173915785277254
-9.128248092279536
-9.119269914720563
-9.05365186657949
-8.965667224882518
-8.929543220806986
-8.885955174816123
-8.837009297498954
-8.705247666916646
-8.628789131785513
-8.621538991544545
-8.609691473965665
-8.591789608412652
-8.554959130179304
-8.536976709182438
-8.517236922241086
-8.386697088622233
-8.329730527915082
-8.297545627641217
-8.291662904547717
-8.238691943766385
-8.19799466208919
-8.185793060548704
-8.14713918779736
-7.94938529164931
-7.930101736394879
-7.922044581102101
-7.902591504015226
-7.821173538753709
-7.79494248056055
-7.772127707187078
-7.682452726108219
-7.658746893632802
-7.620515195625334
-7.540105304538971
-7.527046513899373
-7.4360681998100135
-7.372114974470437
-7.3608882822916195
-7.342665783930649
-7.260868901289384
-7.2083152971101345
-7.182466368942657
-7.172766123619863
-7.167115698615349
-7.069335393107776
-7.046725471046872
-7.012259213827447
-6.965267801731674
-6.918939383624031
-6.898565348926192
-6.865923409877236
-6.842278270270666
-6.797732622115097
-6.75051907645238
-6.712628668424361
-6.68400152581436
-6.649311289022693
-6.59238749259082
-6.57546662698807
-6.533892968265972
-6.502988008878397
-6.443025833955962
-6.429456497478666
-6.401472966348939
-6.350090153676647
-6.320115289007476
-6.259671238215421
-6.250625913750452
-6.203893823404562
-6.1527370902800635
-6.09927845841805
-6.01506174278481
-6.006490094285361
-5.956951937426532
-5.933471039045417
-5.897072205111762
-5.807401456584588
-5.761070504559637
-5.663786502262057
-5.601168106337378
-5.594574606039922
-5.520847597483945
-5.426862393659403
-5.274239717482897
-5.252386071299883
-5.1766571694502685
-5.141911630642244
-5.0912629151479285
-5.061058171017436
-4.956578965471507
-4.921189153492499
-4.8642518082766655
-4.7188960402176905
-4.636364313501305
-4.55132187956143
-4.419427802611583
-4.340216604509026
-4.229931131630716
4.229931134141071
4.340216603839181
4.419427801683966
4.551321879972067
4.636364310798741
4.7188960394788655
4.864251808438172
4.921189156583992
4.956578964850849
5.061058170018669
5.091262914428189
5.141911629284184
5.17665717030046
5.252386070042783
5.274239716676859
5.426862392567557
5.520847598285427
5.594574607070209
5.6011681091836945
5.663786503195223
5.761070503273982
5.807401456857674
5.897072205888565
5.933471038319948
5.956951937307687
6.006490094216588
6.0150617419268775
6.099278459173168
6.152737091001653
6.203893822788457
6.250625914932232
6.25967123986108
6.320115287204963
6.350090150249542
6.401472967626752
6.429456496895651
6.443025835231602
6.5029880076518465
6.533892965391373
6.575466626779157
6.592387494804476
6.649311288654739
6.684001523626297
6.712628667553566
6.750519072486899
6.797732618964694
6.842278267588877
6.865923409516437
6.898565348421356
6.918939381739192
6.96526780173062
7.01225921324966
7.0467254707611096
7.069335392392194
7.167115699734528
7.172766123591456
7.18246636639453
7.208315298611796
7.260868896782117
7.34266578285016
7.360888282436467
7.372114975834732
7.436068194197015
7.527046513980561
7.540105303029569
7.620515193470986
7.6587468930042215
7.682452725359555
7.772127704414173
7.794942483610794
7.821173539918865
7.902591503874503
7.9220445857157635
7.930101737722649
7.9493852875811415
8.147139188315645
8.185793063962324
8.197994664700783
8.238691944228082
8.291662902974567
8.297545626426128
8.329730525969701
8.386697093205836
8.517236927143657
8.536976708989112
8.554959135055045
8.59178961430532
8.609691474836927
8.621538990122597
8.62878912820894
8.705247666292461
8.83700929156715
8.885955173243278
8.929543223273516
8.96566722530203
9.053651864240699
9.119269913338101
9.128248092746462
9.1739157926143
9.21023086248843
9.244744413931926
9.285180050850709
9.333110267469843
9.357279059335557
9.436982405371028
9.494270536124024
9.508087963248562
9.538536071692798
9.583318693743571
9.655917909952521
9.683329289418156
9.696714915037862
9.700607038926812
9.75217726823864
9.776486743543876
9.862311939958307
9.892018688813932
9.901141498206389
9.926932286657586
10.005423656631189
10.055600343904901
10.074380394912426
10.090434593948169
10.166627732203326
10.195442858309583
10.212108415884178
10.23428038925744
10.269420010603588
10.284713591935748
10.290479081001225
10.32421185566964
10.577747183605815
10.586962278959088
10.59581272796033
10.648026372076464
10.673891265203572
10.714105604586585
10.729396460178538
10.77245997927065
10.775675282203716
10.78106969868102
10.790927096981505
10.888650734095819
10.950214821652295
10.96489976952844
11.002751526923621
11.015261507652117
11.078267491398002
11.189267366689432
11.197779833161682
11.217231856145876
11.219237231853095
11.284470729196686
11.345929784734565
11.37810213406979
11.460949774585767
11.599501561936314
11.609538834037052
11.706322694614476
11.80451460769467
11.981298437772118
12.16603009630811
