-1.1555616142567908
-1.1501797851177669
-1.1469402085352067
-1.1439401974191283
-1.141746724171628
-1.1385315460343821
-1.1319684398383738
-1.1290922353723594
-1.124050996761005
-1.1170538405243984
-1.1146168729024921
-1.112661191650637
-1.1009403158726232
-1.0951716157138642
-1.0869958250805005
-1.0847744246565652
-1.0699865102715846
-1.0655970890200075
-1.0601314873007404
-1.0532919424558358
-1.0392101714004551
-1.0323198798030138
-1.0234226423226471
-1.016434688218957
-1.014969403039096
-1.0135456371318183
-1.0104280738005937
-1.0020641163658568
-0.9976069610693055
-0.9929514081590276
-0.9909568769240574
-0.9893775625677869
-0.9858454002152299
-0.9826600373739798
-0.9814418869992717
-0.9781064893071499
-0.9776240598803202
-0.9731481284385314
-0.9687383476799131
-0.9608007473470208
-0.9600463464311596
-0.951962263301028
-0.9517840191166366
-0.9479992428623544
-0.9411030715811701
-0.9342061970859413
-0.9316708950847448
-0.9298017352297573
-0.9070432492874828
-0.9031181747860487
-0.8955563541551304
-0.8916705703654023
-0.8732425804836452
-0.871135324341488
-0.8672329793034715
-0.8638756927178012
-0.8621673259919951
-0.8578217990788226
-0.8544141538748122
-0.8532150568061715
-0.8519475255551462
-0.8491706869082254
-0.8477707442508496
-0.8457445046448381
-0.8431675090736179
-0.8393040959026107
-0.8377414642970136
-0.8360875335947225
-0.8224622043885469
-0.8202217576973634
-0.8180368645303775
-0.8170360835160629
-0.8068062286532074
-0.806071328762902
-0.8024116009306902
-0.7992075915845883
-0.7912006391079768
-0.7888195546702227
-0.7878238643116222
-0.783855995730286
-0.7764516594058001
-0.7707205841854723
-0.7440916957539907
-0.7404711095308031
-0.7394524087256336
-0.7388270396307097
-0.7270908309830084
-0.7244978891760715
-0.6857976638717128
-0.6808556506663177
-0.6646794089599827
-0.6581205671792211
-0.6299523010835577
-0.6230066927694828
-0.6220129070530029
-0.6199662650976101
-0.6038762238500214
-0.5981094632691182
-0.5832025878230724
-0.5787798114590623
-0.5364623306656257
-0.5337714181962884
-0.5225958275837255
-0.5219992229066477
-0.49115669535768997
-0.48584420767794695
-0.4819606063752479
-0.47823588348067586
-0.18969142760229113
-0.18884495648464703
-0.18681080772322578
-0.1847356194030714
-0.17877033154069003
-0.17743333999110728
-0.17464621778677988
-0.17320409524425323
-0.16592992755265257
-0.16366323219480602
-0.1512302632676239
-0.15006414198632062
-0.1483366160887828
-0.1452807860753346
-0.1423899728552229
-0.13960595752660362
-0.03612425427832892
-0.03447122798993473
-0.011307214232228358
-0.010702319252658
0.010702319252658089
0.011307214232228474
0.03447122798993483
0.03612425427832889
0.13960595752660368
0.14238997285522298
0.14528078607533493
0.14833661608878299
0.15006414198632081
0.15123026326762387
0.16366323219480608
0.16592992755265276
0.17320409524425323
0.17464621778678022
0.17743333999110725
0.17877033154069016
0.18473561940307154
0.18681080772322586
0.18884495648464708
0.1896914276022912
0.47823588348067575
0.481960606375248
0.48584420767794656
0.4911566953576899
0.5219992229066479
0.5225958275837258
0.533771418196288
0.5364623306656254
0.5787798114590622
0.5832025878230715
0.598109463269118
0.6038762238500217
0.61996626509761
0.6220129070530026
0.6230066927694828
0.6299523010835584
0.6581205671792212
0.6646794089599827
0.6808556506663176
0.6857976638717129
0.7244978891760714
0.7270908309830083
0.7388270396307097
0.7394524087256336
0.740471109530803
0.7440916957539905
0.7707205841854722
0.7764516594058001
0.7838559957302859
0.7878238643116222
0.7888195546702219
0.7912006391079767
0.799207591584588
0.8024116009306898
0.8060713287629018
0.8068062286532072
0.8170360835160626
0.8180368645303772
0.8202217576973634
0.8224622043885466
0.8360875335947227
0.8377414642970136
0.8393040959026106
0.8431675090736179
0.8457445046448387
0.8477707442508495
0.8491706869082256
0.8519475255551472
0.853215056806172
0.8544141538748123
0.8578217990788226
0.8621673259919949
0.8638756927178012
0.867232979303471
0.871135324341488
0.8732425804836453
0.891670570365402
0.8955563541551301
0.9031181747860487
0.9070432492874826
0.9298017352297578
0.931670895084745
0.9342061970859413
0.9411030715811701
0.9479992428623539
0.9517840191166363
0.9519622633010277
0.9600463464311599
0.960800747347021
0.968738347679913
0.9731481284385312
0.9776240598803206
0.9781064893071503
0.9814418869992714
0.98266003737398
0.9858454002152299
0.9893775625677871
0.9909568769240574
0.992951408159028
0.9976069610693055
1.002064116365857
1.0104280738005935
1.0135456371318183
1.014969403039096
1.016434688218957
1.0234226423226473
1.0323198798030138
1.0392101714004554
1.0532919424558354
1.0601314873007401
1.0655970890200075
1.0699865102715844
1.0847744246565654
1.0869958250805007
1.0951716157138642
1.1009403158726234
1.112661191650637
1.1146168729024928
1.1170538405243986
1.1240509967610048
1.1290922353723594
1.1319684398383738
1.138531546034382
1.1417467241716277
1.1439401974191281
1.1469402085352067
1.150179785117767
1.1555616142567908
