-1.2744401306463016
-1.267728549813281
-1.2640400812550634
-1.2606685649236318
-1.2537036861349427
-1.2484998514458407
-1.246864675512405
-1.243066696755132
-1.2364992380457103
-1.230883600710497
-1.2287159819495252
-1.2253557257621122
-1.222420055450633
-1.218649670150457
-1.2179461594912362
-1.213048660714397
-1.2095952783126005
-1.205409189200195
-1.2008275532095374
-1.1964663384623218
-1.194279729127321
-1.1918643648184248
-1.1886445629934927
-1.1875646524753478
-1.1805790732240786
-1.1782844443402394
-1.17602706061686
-1.1723092221404818
-1.167176565118201
-1.1642598128573862
-1.162733568790105
-1.1589498011374582
-1.1573889510402748
-1.1561169993844698
-1.1513958247784677
-1.149884957473909
-1.1476969009065938
-1.145484231905266
-1.1404016375081225
-1.1373961254277924
-1.136723755484846
-1.1348195762249518
-1.1341989430460615
-1.128465540252822
-1.1254391423002135
-1.1234020544796264
-1.1211437569983016
-1.1201058880849877
-1.115616930194819
-1.1123499415515594
-1.1103766554408743
-1.1062968288811645
-1.1025238714042154
-1.102330188167659
-1.0979583654061535
-1.0952918840468293
-1.0927771627560452
-1.0919764824811635
-1.0881474143533096
-1.0875695626849275
-1.0854682525184445
-1.0818334034237553
-1.0770404108241984
-1.073317295199677
-1.0723363439505398
-1.0666219029748734
-1.0652324141541678
-1.0621435356823086
-1.0599610733576919
-1.0548879649296767
-1.0531610395910471
-1.0524973638488948
-1.0480064603458208
-1.0477243726139451
-1.0406881591815293
-1.0364281481997903
-1.0351962014430018
-1.033637262590901
-1.0316677995598686
-1.0285074438856732
-1.0268617947246088
-1.0246156286823878
-1.0229267215381304
-1.0214395883983238
-1.0165367846982327
-1.0123415664161115
-1.00932404363323
-1.0048220449555816
-1.0025027038420147
-1.0000575201188568
-0.9989689048204059
-0.9938674643551788
-0.9920304457527546
-0.9882417145292112
-0.9809072674587357
-0.9788483183656056
-0.976614037389248
-0.9729524387533692
-0.9697917874986197
-0.9637217218753431
-0.9622192319255841
-0.9582975717391532
-0.9538359751462704
-0.9533678140115553
-0.9476198127623449
-0.9442875544311468
-0.9425969289510955
-0.9378418770811403
-0.9336011648502599
-0.9303482126022379
-0.9256301520312914
-0.9189936983785747
-0.91616818717364
-0.9146055131355235
-0.913825242540012
-0.9105218604404426
-0.9033239023613738
-0.9009644490109773
-0.8926327517640023
-0.8863319608621014
-0.8799287960831126
-0.8796845108644012
-0.8724435580451471
-0.8710425117978138
-0.8648017065419686
-0.8590232146105633
-0.8525477496309123
-0.8467655806262308
0.846765580626231
0.8525477496309127
0.8590232146105631
0.8648017065419689
0.8710425117978144
0.8724435580451472
0.8796845108644015
0.8799287960831144
0.8863319608621015
0.8926327517640018
0.9009644490109773
0.9033239023613738
0.9105218604404429
0.9138252425400121
0.9146055131355233
0.9161681871736401
0.9189936983785749
0.9256301520312915
0.9303482126022379
0.9336011648502599
0.9378418770811403
0.942596928951095
0.9442875544311466
0.9476198127623446
0.9533678140115553
0.9538359751462703
0.958297571739153
0.9622192319255842
0.9637217218753427
0.9697917874986193
0.972952438753369
0.9766140373892478
0.9788483183656055
0.9809072674587357
0.988241714529211
0.9920304457527546
0.9938674643551785
0.9989689048204057
1.0000575201188568
1.0025027038420151
1.0048220449555814
1.00932404363323
1.0123415664161117
1.0165367846982325
1.021439588398324
1.0229267215381304
1.0246156286823878
1.0268617947246088
1.0285074438856732
1.0316677995598686
1.033637262590901
1.0351962014430018
1.0364281481997906
1.0406881591815291
1.0477243726139454
1.0480064603458208
1.0524973638488948
1.0531610395910471
1.0548879649296772
1.0599610733576916
1.0621435356823088
1.065232414154168
1.0666219029748734
1.0723363439505398
1.0733172951996774
1.0770404108241987
1.0818334034237556
1.0854682525184445
1.0875695626849273
1.0881474143533094
1.0919764824811635
1.0927771627560452
1.095291884046829
1.0979583654061538
1.102330188167659
1.1025238714042143
1.1062968288811645
1.1103766554408743
1.1123499415515594
1.1156169301948187
1.120105888084987
1.1211437569983018
1.123402054479626
1.1254391423002135
1.1284655402528216
1.1341989430460613
1.134819576224952
1.1367237554848455
1.1373961254277922
1.1404016375081225
1.1454842319052658
1.147696900906594
1.1498849574739092
1.1513958247784677
1.1561169993844695
1.1573889510402744
1.1589498011374586
1.1627335687901048
1.1642598128573858
1.1671765651182004
1.1723092221404814
1.1760270606168601
1.1782844443402396
1.1805790732240784
1.1875646524753478
1.1886445629934936
1.191864364818425
1.194279729127321
1.1964663384623218
1.200827553209537
1.205409189200195
1.2095952783126003
1.2130486607143973
1.2179461594912353
1.2186496701504566
1.2224200554506326
1.2253557257621115
1.2287159819495252
1.2308836007104969
1.23649923804571
1.2430666967551316
1.2468646755124049
1.248499851445841
1.2537036861349433
1.2606685649236322
1.2640400812550638
1.267728549813281
1.2744401306463016
