-1.1502667344648314
-1.1495662760852734
-1.1456332147199906
-1.1380687757707904
-1.135787879918176
-1.1341933174981935
-1.1333546406513983
-1.1304931856152307
-1.1092554567051998
-1.1044159653476786
-1.102125809540788
-1.0991475050761665
-1.0965056453254263
-1.0915178494276792
-1.0884104807867172
-1.0828897574121203
-1.0615454135287197
-1.0606021258797957
-1.0560007413514212
-1.0539206646872994
-1.030548306381616
-1.0267494899150662
-1.0181152716659598
-1.0147647071273354
-1.0138663778288073
-1.0068726938774344
-1.00410871455259
-1.0013970725384604
-0.9957259464780793
-0.9946446145328193
-0.9903915670012784
-0.9857796383468056
-0.9836769197670484
-0.9794553383991106
-0.9786989883849802
-0.9742463715926555
-0.9715041911978296
-0.9709803883270327
-0.9615529892370827
-0.95887070251308
-0.9552342439959962
-0.9501983977599773
-0.9475193379754656
-0.9465140481166028
-0.9361037777153015
-0.9325714602997887
-0.930712221496519
-0.9231710719469334
-0.9066800691800143
-0.900966453217497
-0.8942111291162331
-0.8903202214167542
-0.8752402680424449
-0.8714130322600229
-0.8675917107876687
-0.8660413394165093
-0.8631853048840504
-0.8597976061540885
-0.8583006455449399
-0.8552356951066393
-0.8511560710977182
-0.8508673716367666
-0.8484134681964564
-0.8454679733917393
-0.8404812973059702
-0.8384709608100722
-0.836058998084685
-0.8336189770917621
-0.8222877668991257
-0.8205470017693111
-0.8158696196169379
-0.8120414693696696
-0.8078546045065299
-0.8051751513067327
-0.8010384632405922
-0.7947269660131824
-0.7889024306149864
-0.7861967046555208
-0.7848154900392976
-0.7807588253971351
-0.7743980184227706
-0.7705176118868978
-0.7515174653059924
-0.7431282545704953
-0.7429451178043985
-0.7362321979450579
-0.7347123592322569
-0.7284984133551867
-0.6900128246178241
-0.6842208403225535
-0.6692470840967131
-0.6638027065330578
-0.6291040675126808
-0.6275248936791696
-0.6190345469717571
-0.6091739998049552
-0.6083713725242939
-0.606835033485122
-0.5742467699371042
-0.5618229918303894
-0.5483334662408911
-0.5453875691637435
-0.5360324705919863
-0.5325554306991058
-0.4991666936789708
-0.49645943849856605
-0.4925973601978148
-0.4910746171975633
-0.18772711206052964
-0.18708278630956984
-0.18509394581346247
-0.18247005511990974
-0.17731335901493386
-0.17541387523517987
-0.1743846840443699
-0.170117765297608
-0.16506011597622436
-0.16183465367215397
-0.1510763406241706
-0.14820087776768698
-0.14605350811570386
-0.14426213943872995
-0.14200836265771874
-0.13763635109768976
-0.03575282296587628
-0.03422663018857692
-0.010458033185083957
-0.010117254748534749
0.010117254748534473
0.010458033185083749
0.03422663018857694
0.035752822965876146
0.1376363510976897
0.14200836265771885
0.14426213943872998
0.14605350811570442
0.14820087776768692
0.1510763406241704
0.16183465367215386
0.16506011597622428
0.17011776529760808
0.17438468404437021
0.1754138752351799
0.17731335901493378
0.1824700551199099
0.18509394581346228
0.1870827863095698
0.18772711206052953
0.4910746171975629
0.4925973601978143
0.49645943849856605
0.4991666936789706
0.5325554306991055
0.5360324705919861
0.5453875691637433
0.5483334662408909
0.5618229918303892
0.5742467699371041
0.606835033485122
0.6083713725242936
0.6091739998049553
0.619034546971757
0.6275248936791695
0.6291040675126806
0.6638027065330578
0.6692470840967132
0.6842208403225535
0.6900128246178241
0.7284984133551868
0.7347123592322568
0.7362321979450577
0.7429451178043983
0.743128254570495
0.7515174653059927
0.7705176118868979
0.7743980184227706
0.7807588253971355
0.7848154900392981
0.7861967046555217
0.7889024306149868
0.7947269660131828
0.8010384632405921
0.8051751513067326
0.8078546045065299
0.8120414693696697
0.8158696196169367
0.8205470017693115
0.8222877668991261
0.8336189770917621
0.836058998084685
0.8384709608100722
0.8404812973059701
0.8454679733917395
0.8484134681964566
0.8508673716367667
0.8511560710977178
0.8552356951066392
0.8583006455449397
0.8597976061540887
0.8631853048840508
0.8660413394165092
0.867591710787669
0.8714130322600225
0.8752402680424453
0.8903202214167542
0.8942111291162331
0.9009664532174972
0.9066800691800146
0.923171071946933
0.9307122214965192
0.932571460299789
0.9361037777153017
0.946514048116603
0.9475193379754654
0.9501983977599769
0.955234243995996
0.9588707025130812
0.9615529892370829
0.9709803883270325
0.9715041911978294
0.9742463715926557
0.9786989883849802
0.9794553383991107
0.9836769197670484
0.9857796383468056
0.9903915670012784
0.994644614532819
0.9957259464780791
1.0013970725384604
1.0041087145525902
1.0068726938774344
1.0138663778288077
1.0147647071273354
1.0181152716659596
1.0267494899150664
1.030548306381616
1.0539206646872994
1.0560007413514216
1.060602125879796
1.0615454135287197
1.0828897574121201
1.0884104807867172
1.0915178494276792
1.0965056453254258
1.0991475050761665
1.102125809540788
1.1044159653476786
1.1092554567051995
1.1304931856152307
1.133354640651399
1.1341933174981933
1.1357878799181764
1.1380687757707895
1.1456332147199904
1.1495662760852734
1.1502667344648319
