-8.4998715487591
-8.480719902640047
-8.478524022362526
-8.440073285486568
-8.387751483581228
-8.379963623639066
-8.366021192932637
-8.348262910004868
-8.338173276050375
-8.318955537593501
-8.295694995287771
-8.276981789404012
-8.179841965342435
-8.166151671526826
-8.144987976640383
-8.139177691568868
-8.03158388171637
-8.029901276360217
-7.986198797919703
-7.961535853274306
-7.902976943833504
-7.846396745068052
-7.838903602527095
-7.831902361031875
-7.817252270705046
-7.806174250347135
-7.782359448640928
-7.768013541073327
-7.734267689848088
-7.716592759301541
-7.715252297991266
-7.693883736503835
-7.677115100828911
-7.649949637814528
-7.6174024214217795
-7.591765506998185
-7.589899792126904
-7.555103414108186
-7.528288851597352
-7.517248391969879
-7.485855014464056
-7.484324630287222
-7.461742068046746
-7.39979174039123
-7.354376151941309
-7.340579135020664
-7.321455932622464
-7.296841254615287
-7.248699318426017
-7.20861430640147
-7.184675122373756
-7.147391748833734
-7.026910674788769
-7.021871442079584
-6.998475068426411
-6.953755215414794
-6.936836649176364
-6.904312948869805
-6.865381585885373
-6.854726538028893
-6.845351096591512
-6.80746562616456
-6.795173581540699
-6.771032795978656
-6.759383643104053
-6.740967563358124
-6.7132485581680985
-6.71026592910818
-6.3438259885479695
-6.335770498789404
-6.3287506958929445
-6.300715598529544
-6.149109679064266
-6.140353872667234
-6.106989329000212
-6.087387271814015
-5.994255592763775
-5.979235821492081
-5.944225333661632
-5.910272635565544
-5.907799796342783
-5.869758250127191
-5.767847716255116
-5.6984128532774445
-5.613034452295795
-5.581528009762342
-5.548631254703782
-5.526014268657144
-5.282153829604274
-5.277279994982848
-5.236637881593041
-5.185310285954849
-4.974777364672398
-4.969303711840539
-4.946359509465849
-4.905624156298316
-4.899370689893467
-4.851589504779774
-4.7713118507489884
-4.719152513629993
-4.616190312658977
-4.589326192856115
-4.566800485287526
-4.533955422298833
-4.387232201411739
-4.372799654282547
-4.368930519433172
-4.302998602658049
-0.8012996278876814
-0.7902972781908643
-0.7836515317083877
-0.7768466165513932
-0.7685761324786328
-0.7656717837221196
-0.7535472605100108
-0.7434857276581714
-0.7385639719849862
-0.7220712549970671
-0.7116461214820778
-0.706629976981796
-0.7021048616963782
-0.6849771413127258
-0.6813206283415669
-0.6628522739616044
-0.059554074792922504
-0.055157277299363226
-0.003890505246880307
-0.003374316229260087
0.0033743041637634024
0.0038905168991957844
0.055157278027644606
0.05955407488819253
0.6628522734616865
0.6813206274736712
0.6849771428887741
0.7021048617501975
0.7066299766399022
0.7116461211427106
0.7220712550704386
0.7385639718123318
0.7434857276799989
0.7535472591338239
0.7656717842402225
0.7685761328031872
0.7768466154044162
0.7836515323017869
0.7902972780432834
0.8012996274764567
4.302998621701856
4.3689305191538255
4.3727996511582035
4.38723218576559
4.533955437429174
4.566800487534709
4.589326179888808
4.616190308251005
4.719152525862057
4.7713118474789455
4.85158951047618
4.899370687640883
4.905624156746192
4.946359498247476
4.969303725288783
4.974777350287323
5.185310285313964
5.236637882836311
5.277279994085248
5.282153829503707
5.526014273503339
5.548631261644491
5.581528005376968
5.613034445140031
5.698412864816617
5.767847711220625
5.869758256347649
5.9077997958282955
5.910272623735422
5.94422533144594
5.97923580689059
5.994255609925269
6.08738726903925
6.1069893242024795
6.140353860913009
6.1491096974780035
6.300715617781057
6.328750691930382
6.335770483581165
6.343825988562843
6.710265936677651
6.713248566033475
6.7409675719370545
6.759383640693385
6.771032789862175
6.795173588686331
6.8074656307372186
6.8453511001388305
6.854726537214664
6.865381585212155
6.904312945805195
6.936836646558541
6.95375521028317
6.998475068168736
7.021871439824198
7.02691067221121
7.147391756587914
7.184675115407859
7.208614311044415
7.248699313556156
7.29684125526387
7.321455933368919
7.340579143752399
7.354376156703172
7.399791741563323
7.461742073337933
7.484324631484176
7.48585501920035
7.517248394584199
7.528288852238986
7.555103417712097
7.5898997938345385
7.591765504444942
7.617402422012918
7.649949637384623
7.677115096831398
7.693883731476283
7.7152522899346225
7.716592749241921
7.734267698930536
7.768013541713358
7.782359446473728
7.806174256672466
7.817252262154599
7.831902358447641
7.838903595954157
7.8463967443063805
7.902976939886478
7.9615358512998
7.986198799555121
8.029901275181484
8.031583884048482
8.139177691295341
8.144987980538275
8.16615167354887
8.179841967997767
8.276981791493148
8.295694996772253
8.318955532652371
8.338173276813956
8.348262907412078
8.366021199056098
8.37996363408509
8.3877514940121
8.440073277537698
8.478524010362431
8.48071989135876
8.499871536644582
