-2.71554864679215
-2.7084836219254895
-2.702650070757783
-2.6983955198621303
-2.6962369414727565
-2.6927934220703555
-2.6820473758703214
-2.6760915407554635
-2.624243060413703
-2.619980285780225
-2.598994103358031
-2.5947506019204085
-2.566917109763927
-2.5626937796071854
-2.5458410029798144
-2.535180661161174
-2.4778021223574793
-2.4677217144680195
-2.4464569681029253
-2.4393287155730716
-2.3975298031219476
-2.392423862915368
-2.3827166335668166
-2.377298122774815
-2.3747772415117305
-2.3691706894511184
-2.332963688965191
-2.32668180831918
-2.315368155892203
-2.311319824734735
-2.2896309280333136
-2.2850731596158433
-2.255425016183574
-2.2540803083551157
-2.2431647289539614
-2.2389101021063427
-2.2265050312572994
-2.223148367539625
-2.2107035029033555
-2.2055504791007334
-2.1979800334180726
-2.1967910528956676
-2.193999743662541
-2.1912282250890733
-2.176415024650748
-2.170955170579621
-2.1458733539563943
-2.143389379399782
-2.117626056864357
-2.1159586609349312
-2.108539457587921
-2.1029993865656964
-2.097331604696476
-2.0925621107316226
-2.0570588309988707
-2.0550326970294086
-2.042862917623911
-2.0382273690204236
-2.0209426956117564
-2.011939157765842
-1.9941925939973877
-1.9901155599603908
-1.9622339625784522
-1.9562235849950929
-1.9322322464295596
-1.924425772769443
-1.8988841336303492
-1.8893910861565564
-1.8750498193100311
-1.8697735208838093
-1.8629289734760834
-1.8510218856865472
-1.8433902459162763
-1.8383935223143477
-1.7803188782718598
-1.7778255890668493
-1.7328563407029127
-1.730498359519721
-1.7111983519841814
-1.7083391433311899
-1.6918820809564616
-1.6879961411237936
-1.6492523162486006
-1.6385529041364044
-1.6318287432070209
-1.6280979129900992
-1.620644385487848
-1.6153220218693007
-1.5965069174342468
-1.5929138937846181
-1.5793144038825595
-1.574934560331723
-1.5484979599698863
-1.537606000257138
-1.4769277281927105
-1.4645047116014034
-1.441360687004465
-1.4321905276811093
-1.352629863228007
-1.339090980014749
-1.331053867503876
-1.322923228026032
-1.2858606024768768
-1.2775502009715896
-1.221913264782509
-1.2156926611358037
-1.1988983448642114
-1.197640865942536
-1.0323599065358464
-1.0289008875258465
-1.0205957449601262
-1.0163600752990631
-0.9772255473675765
-0.9762080204500311
-0.9356957871489561
-0.928627595870227
-0.8893179386027165
-0.887340063453161
-0.8261336289599502
-0.8219116032350909
-0.7583210217543257
-0.7507800656562524
-0.6885427594820548
-0.68726384214817
-0.6449089712804806
-0.630387887151551
-0.5877289236691303
-0.5804052001561919
0.5804052001561928
0.5877289236691293
0.6303878871515516
0.6449089712804804
0.6872638421481694
0.6885427594820556
0.7507800656562524
0.7583210217543253
0.8219116032350909
0.8261336289599504
0.8873400634531611
0.8893179386027166
0.9286275958702276
0.9356957871489565
0.9762080204500311
0.9772255473675768
1.0163600752990616
1.0205957449601264
1.028900887525847
1.0323599065358464
1.197640865942536
1.1988983448642119
1.2156926611358037
1.2219132647825082
1.2775502009715893
1.2858606024768764
1.3229232280260321
1.3310538675038772
1.3390909800147486
1.3526298632280065
1.4321905276811098
1.441360687004465
1.4645047116014038
1.476927728192711
1.5376060002571375
1.548497959969886
1.5749345603317229
1.5793144038825588
1.5929138937846181
1.596506917434247
1.6153220218693007
1.6206443854878476
1.628097912990099
1.6318287432070209
1.6385529041364044
1.6492523162486008
1.6879961411237943
1.6918820809564619
1.7083391433311896
1.7111983519841816
1.7304983595197216
1.7328563407029127
1.7778255890668502
1.7803188782718604
1.8383935223143477
1.8433902459162765
1.8510218856865475
1.8629289734760834
1.8697735208838089
1.8750498193100302
1.8893910861565568
1.8988841336303488
1.9244257727694438
1.9322322464295598
1.956223584995093
1.9622339625784522
1.990115559960391
1.9941925939973884
2.0119391577658425
2.020942695611756
2.0382273690204236
2.0428629176239115
2.055032697029408
2.0570588309988707
2.092562110731622
2.097331604696476
2.1029993865656955
2.1085394575879204
2.1159586609349312
2.1176260568643563
2.1433893793997814
2.145873353956394
2.170955170579621
2.176415024650747
2.1912282250890733
2.1939997436625407
2.196791052895667
2.1979800334180717
2.2055504791007334
2.2107035029033546
2.223148367539626
2.226505031257299
2.238910102106343
2.243164728953962
2.254080308355117
2.255425016183574
2.285073159615843
2.2896309280333136
2.3113198247347344
2.315368155892203
2.32668180831918
2.332963688965191
2.369170689451119
2.37477724151173
2.3772981227748144
2.382716633566817
2.3924238629153676
2.3975298031219476
2.4393287155730716
2.446456968102926
2.467721714468019
2.4778021223574798
2.5351806611611742
2.545841002979814
2.562693779607186
2.5669171097639274
2.5947506019204076
2.5989941033580304
2.6199802857802243
2.6242430604137033
2.676091540755464
2.6820473758703214
2.692793422070356
2.6962369414727574
2.69839551986213
2.7026500707577825
2.708483621925488
2.71554864679215
