-8.602812347520663
-8.59434919011274
-8.573886118310044
-8.548650892997893
-8.54477726408063
-8.537183585465183
-8.502433319541854
-8.478658505381661
-8.444458579517072
-8.419259201588366
-8.403112974057779
-8.376560075643221
-8.370612366313631
-8.328242139227623
-8.310443173955282
-8.306474585058247
-8.280463974802537
-8.265057643465452
-8.24877365326882
-8.232964073764423
-8.221152645669779
-8.207983404767395
-8.176942546018998
-8.161712370669987
-8.134147284245378
-8.121610296935044
-8.098889545008378
-8.086244704241329
-8.069570721883167
-8.056520815775475
-8.043448638561648
-8.017384444451723
-8.012387801615512
-7.9776091954659245
-7.964665263125328
-7.955461074237052
-7.946878152925322
-7.9231271376856
-7.908622381506872
-7.903132877885912
-7.891874095095468
-7.8825354364537485
-7.847506951247163
-7.844368976461888
-7.824755582668072
-7.816069760407867
-7.797366359544613
-7.775830809774298
-7.7493831117628
-7.737838787375451
-7.726166428389522
-7.715181340236995
-7.712877883263652
-7.708486268881003
-7.686414049328153
-7.672637885045472
-7.650250717114959
-7.616766501394671
-7.615295688063205
-7.602461393415792
-7.583544426639866
-7.55002061023342
-7.546199175544063
-7.53602315921284
-7.52343970756336
-7.519415183729637
-7.4915312919358445
-7.485547243911126
-7.462051765895703
-7.450357878949928
-7.435662450092284
-7.421734640550851
-7.388570234478171
-7.381532685267247
-7.3766180593655974
-7.342781211095212
-7.335268082484597
-7.318155588516072
-7.3034698185126175
-7.293729804132453
-7.270712728975201
-7.252860853094206
-7.239537888145682
-7.2314347716949445
-7.190943719080211
-7.177805510202169
-7.164897210391365
-7.150954731792267
-7.141682322771148
-7.137555013176596
-7.1298222286104735
-7.1101237764880185
-7.08601576548019
-7.062893455954592
-7.042440717482438
-7.035717772370746
-6.989366589876262
-6.973465526651667
-6.962329191947963
-6.9474798479800555
-6.923551445446573
-6.902935816662138
-6.900145858969918
-6.882433354964805
-6.835853769342335
-6.810321890707743
-6.797802032795098
-6.783791324082058
-6.769562421072038
-6.7399942135922055
-6.716704976652887
-6.712255674877587
-6.6834247818196495
-6.661713096354768
-6.649683105487853
-6.607727923386645
-6.58659378128409
-6.57349992237987
-6.533432298760787
-6.52488660694419
-6.446465135982104
-6.42428114695886
-6.41471448966868
-6.396931003221893
-6.382641320288743
-6.3736242406239665
-6.317064294094016
-6.3141611065319125
6.3141611129928465
6.317064289188714
6.3736242502561895
6.382641316881846
6.396931006929495
6.414714479665546
6.424281154320138
6.4464651275687554
6.52488661053291
6.533432295017476
6.5734999109839185
6.586593791111918
6.607727935092771
6.649683097859065
6.661713091005129
6.683424786467697
6.712255676578788
6.7167049725588095
6.739994211465679
6.769562422827295
6.783791335459943
6.797802021814595
6.810321894541393
6.835853764912353
6.8824333511148135
6.900145860784729
6.902935824682023
6.9235514456726515
6.947479849842095
6.962329189913065
6.973465530265823
6.989366581040807
7.035717778433594
7.04244072746267
7.062893449543087
7.0860157604099445
7.110123784291232
7.129822231387458
7.137555013832558
7.14168232066843
7.1509547211575635
7.1648972104362905
7.177805512515781
7.190943713578658
7.231434766278799
7.239537898368061
7.252860846289966
7.270712730893152
7.293729800584931
7.303469819580348
7.318155594197301
7.335268082471238
7.34278121542314
7.376618051036861
7.381532688612372
7.388570232877711
7.421734641894111
7.43566244798871
7.4503578839700335
7.46205176230134
7.4855472525603375
7.4915312954767055
7.519415181715068
7.523439699787172
7.536023165605449
7.546199171615923
7.550020602017232
7.583544426250198
7.602461402451914
7.615295680285131
7.616766500295452
7.650250721306011
7.672637887812514
7.68641404175532
7.708486266832605
7.712877886866139
7.715181351215133
7.726166424612256
7.737838792365238
7.749383105076662
7.775830810011412
7.797366363916564
7.816069759643699
7.824755581786535
7.84436897519811
7.847506956167293
7.882535441981644
7.891874090006261
7.903132875441475
7.90862237896177
7.923127139219302
7.946878150108986
7.955461075098661
7.964665263147658
7.9776092031526185
8.012387806487146
8.017384435731413
8.043448639848641
8.056520816121317
8.06957071408013
8.086244706987735
8.09888954316371
8.121610302695492
8.134147283324683
8.161712364135372
8.17694254848233
8.207983412372963
8.221152639571562
8.232964063912295
8.248773659806183
8.265057651881355
8.280463964501509
8.306474579775628
8.310443178417069
8.328242127497964
8.370612373753463
8.376560088693124
8.403112972638885
8.419259198033508
8.444458578907865
8.478658502146482
8.502433322741096
8.537183586617642
8.544777265567495
8.548650892944039
8.573886129815566
8.59434918411588
8.602812335555628
