-1.353830193572928
-1.3252635057170665
-1.3226659358385222
-1.3044447070324225
-1.2997829429680068
-1.2893212059324202
-1.2843623446337735
-1.2539538433970994
-1.2432274743054963
-1.2222789899940656
-1.213691305232475
-1.197649715629099
-1.1892878989805045
-1.1844218896578655
-1.1778676093871199
-1.1694858934199268
-1.1671957735823442
-1.145205135234959
-1.1368256211572354
-1.1348571315489033
-1.1279401710435428
-1.1222356933619246
-1.1174734709798264
-1.1113990023028697
-1.1045600921801921
-1.1029273911732298
-1.0980283273512985
-1.0947588857015316
-1.0860850350816798
-1.0785889309398506
-1.06805792603775
-1.0611186848831762
-1.0476887038638285
-1.0410644488456937
-1.0389954028289685
-1.0333865816405574
-1.032329279223548
-1.0189950652604072
-1.0132705431185618
-1.0013978870873037
-0.9979593170736427
-0.9930061843359568
-0.9869291600870557
-0.9830939745847773
-0.9789956825719502
-0.9704471780334355
-0.9699879040833591
-0.9657597764223536
-0.9562306073588627
-0.9552999202748437
-0.947958683960853
-0.946070278402906
-0.9368775072954171
-0.9252507732449923
-0.9226000163017034
-0.9205318688242189
-0.9171048803841416
-0.906561969831025
-0.9045346417121255
-0.9022746075938501
-0.8920385792577048
-0.8907931606500227
-0.8866870433267978
-0.8831924845522972
-0.8781527609908629
-0.8687467498905546
-0.8578604875923599
-0.852488438343149
-0.8488981484751805
-0.8437890375110978
-0.8292779994181703
-0.8273124063381727
-0.8175833638546228
-0.8143104396231632
-0.8095804218817314
-0.791679308793047
-0.7867185214881339
-0.7726357949187326
-0.7702692916483987
-0.7597026488779937
-0.7524680347302474
-0.7466885680592694
-0.7457345838168551
-0.7415876998724215
-0.7352214533468037
-0.7261982244894747
-0.706685371548006
-0.6962435280837465
-0.690208991554226
-0.6806654937892073
-0.6739360231085965
-0.6689596019761641
-0.665946841902157
-0.6532588452701198
-0.6382840857377385
-0.6339450220198962
-0.6310002465928328
-0.6120234419343041
-0.6073702613593528
-0.6009515072444707
-0.5675661452963401
-0.5619707797334571
-0.5242523908761673
-0.5145827708313436
-0.49913214909230347
-0.4699212611896148
-0.3568673210614487
-0.31404516047165576
-0.25936355050668564
-0.2536887677103425
-0.2335590170743924
-0.23298166597623915
-0.21476085119669153
-0.20642031176098966
-0.20028755576475837
-0.19417875499740114
-0.18342115350410496
-0.16999986556034377
-0.1526992505145421
-0.1311371473285278
-0.12798516319613265
-0.11304901787579967
-0.10767380390645695
-0.10090655179874504
-0.06213392355329663
-0.04844032721419763
-0.031440086725306626
-0.0009590195466041954
0.0009590195466044233
0.031440086725306834
0.04844032721419758
0.062133923553296465
0.10090655179874512
0.10767380390645712
0.11304901787579989
0.12798516319613282
0.131137147328528
0.1526992505145422
0.16999986556034397
0.18342115350410482
0.19417875499740095
0.20028755576475832
0.2064203117609897
0.2147608511966917
0.2329816659762394
0.2335590170743927
0.25368876771034254
0.2593635505066857
0.3140451604716556
0.3568673210614486
0.4699212611896147
0.49913214909230313
0.5145827708313435
0.524252390876167
0.5619707797334572
0.5675661452963402
0.6009515072444709
0.6073702613593527
0.6120234419343044
0.6310002465928325
0.6339450220198962
0.6382840857377385
0.6532588452701199
0.6659468419021571
0.6689596019761639
0.6739360231085966
0.6806654937892072
0.690208991554226
0.696243528083747
0.7066853715480056
0.7261982244894746
0.7352214533468033
0.7415876998724212
0.7457345838168545
0.7466885680592682
0.7524680347302473
0.7597026488779941
0.770269291648399
0.7726357949187326
0.7867185214881339
0.7916793087930469
0.8095804218817316
0.814310439623163
0.8175833638546232
0.8273124063381727
0.8292779994181708
0.8437890375110982
0.8488981484751805
0.8524884383431489
0.8578604875923599
0.8687467498905543
0.8781527609908626
0.8831924845522969
0.8866870433267977
0.8907931606500226
0.8920385792577048
0.9022746075938498
0.9045346417121257
0.9065619698310253
0.9171048803841418
0.9205318688242191
0.922600016301703
0.9252507732449923
0.9368775072954173
0.9460702784029061
0.9479586839608528
0.9552999202748438
0.9562306073588624
0.9657597764223536
0.9699879040833589
0.9704471780334353
0.9789956825719502
0.9830939745847773
0.9869291600870561
0.993006184335957
0.9979593170736425
1.0013978870873037
1.0132705431185618
1.018995065260407
1.0323292792235477
1.033386581640557
1.0389954028289679
1.0410644488456937
1.0476887038638285
1.0611186848831766
1.0680579260377503
1.0785889309398504
1.0860850350816795
1.0947588857015318
1.0980283273512983
1.1029273911732298
1.1045600921801924
1.1113990023028697
1.1174734709798269
1.1222356933619249
1.1279401710435428
1.1348571315489038
1.1368256211572356
1.1452051352349586
1.167195773582344
1.169485893419927
1.1778676093871203
1.184421889657865
1.1892878989805045
1.197649715629099
1.213691305232475
1.2222789899940651
1.2432274743054967
1.2539538433970996
1.284362344633773
1.2893212059324197
1.299782942968007
1.3044447070324223
1.322665935838522
1.3252635057170645
1.353830193572928
