-1.3886489476219954
-1.3770598558952063
-1.3585408672313979
-1.3440749425208092
-1.3426475528210224
-1.3355439092531831
-1.3340510761838225
-1.3162092867096675
-1.3138233405019897
-1.3090568884022498
-1.2930020473965662
-1.287024054040719
-1.2798562715189654
-1.2733421796464324
-1.2717617038224909
-1.261126571909669
-1.2495873771974215
-1.2435713397665142
-1.2355838437216835
-1.2351688612029867
-1.2307935254353777
-1.2233589183968363
-1.208046917505555
-1.2023496638597821
-1.2005769743792967
-1.1958080567212046
-1.1858576797468106
-1.1779909703406088
-1.163781345629136
-1.155663657188061
-1.1548758544345346
-1.1473871335202135
-1.1436520502456318
-1.1324625986907033
-1.124292204527903
-1.1191202604159287
-1.1163141221794077
-1.1134581717808023
-1.101663999861203
-1.094557950316801
-1.092938086996426
-1.0906433426574014
-1.0837664281391182
-1.0809823354676014
-1.0768847686231036
-1.0739324649692916
-1.07226643433991
-1.0687534963073442
-1.0603101545922102
-1.0592079529072493
-1.0586154227960625
-1.0438627049040805
-1.0420405719550245
-1.0372789936717628
-1.035766371195351
-1.029396335602722
-1.0234309926497875
-1.0162619303799854
-1.0147714268369277
-1.0066271931037536
-1.0061123786195039
-1.0029685745319157
-0.9953889928866083
-0.9939807862048818
-0.9916766039263096
-0.9888128578819574
-0.9869190674578522
-0.9791743595689181
-0.9720410118061008
-0.9668534957484638
-0.9579909043901574
-0.9511441084758738
-0.9462495221186744
-0.9414663951302485
-0.9397425291507611
-0.9363538409287758
-0.9344595196502523
-0.9292193594162736
-0.9261534314549574
-0.9164744554482165
-0.9121162136825552
-0.9084487356423018
-0.9023847574564122
-0.8954269396115732
-0.892687446075057
-0.8839476383286113
-0.8806412694048145
-0.875870395852627
-0.8748253768094556
-0.8705354148253642
-0.8661088699196409
-0.8516524427191338
-0.8506861491773224
-0.8466399156824678
-0.8345783587544318
-0.8310826392231982
-0.8290563814077889
-0.8225387629295339
-0.8186314841132077
-0.8109645607703166
-0.80634769873559
-0.7946703046706051
-0.7914767196289736
-0.7876274386929555
-0.7800417411801641
-0.7784158870584875
-0.7675636104109731
-0.7551146826335042
-0.7436490568927221
-0.7389505081184221
-0.7285691762451412
-0.7100100161584592
-0.7039833891417789
-0.69949887244244
-0.6822768604730466
-0.678989971284025
-0.6657499391708848
-0.6442176344721408
-0.6425171550033211
-0.6309958050655721
-0.6261267620187352
-0.6120270561462668
-0.5986203737450656
-0.5809774750838412
-0.5657959936231701
-0.5478825268728185
-0.5339397351818983
-0.5225431564008698
0.5225431564008698
0.5339397351818985
0.5478825268728185
0.5657959936231701
0.5809774750838411
0.5986203737450658
0.6120270561462667
0.6261267620187349
0.6309958050655727
0.6425171550033209
0.6442176344721403
0.6657499391708844
0.6789899712840255
0.6822768604730463
0.69949887244244
0.7039833891417793
0.7100100161584595
0.7285691762451411
0.7389505081184223
0.7436490568927222
0.7551146826335042
0.7675636104109735
0.7784158870584875
0.780041741180164
0.7876274386929556
0.7914767196289723
0.7946703046706047
0.8063476987355901
0.8109645607703169
0.8186314841132077
0.8225387629295337
0.8290563814077887
0.8310826392231978
0.8345783587544312
0.8466399156824679
0.8506861491773223
0.8516524427191335
0.8661088699196409
0.8705354148253642
0.8748253768094552
0.8758703958526268
0.8806412694048145
0.883947638328611
0.8926874460750566
0.8954269396115735
0.9023847574564122
0.9084487356423018
0.9121162136825554
0.9164744554482167
0.9261534314549577
0.9292193594162738
0.9344595196502522
0.9363538409287757
0.9397425291507615
0.9414663951302484
0.9462495221186743
0.951144108475874
0.9579909043901578
0.9668534957484641
0.9720410118061008
0.9791743595689183
0.9869190674578523
0.9888128578819575
0.9916766039263097
0.9939807862048822
0.9953889928866091
1.0029685745319155
1.0061123786195034
1.0066271931037534
1.0147714268369277
1.0162619303799856
1.0234309926497875
1.029396335602722
1.0357663711953506
1.0372789936717628
1.0420405719550243
1.0438627049040805
1.0586154227960622
1.0592079529072496
1.0603101545922102
1.0687534963073437
1.0722664343399095
1.0739324649692914
1.0768847686231036
1.0809823354676016
1.0837664281391182
1.0906433426574011
1.0929380869964263
1.0945579503168013
1.101663999861203
1.1134581717808019
1.1163141221794084
1.119120260415929
1.1242922045279031
1.132462598690703
1.1436520502456315
1.1473871335202133
1.1548758544345348
1.1556636571880612
1.1637813456291357
1.1779909703406084
1.1858576797468108
1.195808056721205
1.200576974379296
1.202349663859782
1.2080469175055555
1.2233589183968363
1.2307935254353781
1.235168861202987
1.2355838437216835
1.2435713397665142
1.2495873771974213
1.261126571909669
1.2717617038224907
1.2733421796464324
1.2798562715189652
1.287024054040719
1.2930020473965664
1.3090568884022495
1.3138233405019897
1.3162092867096675
1.3340510761838227
1.3355439092531831
1.3426475528210222
1.3440749425208094
1.358540867231398
1.377059855895207
1.3886489476219954
