-1.3376295757120977
-1.3335074113877372
-1.3138159505353766
-1.2737831867077118
-1.2666435866731203
-1.2585010470878233
-1.2542529541526677
-1.2457895592109358
-1.2403691242714723
-1.2263697320846239
-1.210585723299863
-1.2104079448527376
-1.2052155153945756
-1.1847457492333342
-1.1753080119495374
-1.1709185244902853
-1.1668699827441362
-1.1606787982326938
-1.1552866646108793
-1.144950718186558
-1.142552094876109
-1.1384491360238804
-1.1362670632019825
-1.1265382299455318
-1.1168339388287332
-1.1134945698901701
-1.1104605763337339
-1.1009031803275255
-1.085074832462854
-1.0742853938784753
-1.0687984483833874
-1.0617413871438852
-1.052064247906165
-1.0505922335278701
-1.0450661861104464
-1.0380677476836802
-1.0336256170126856
-1.0246057637260135
-1.0109986289214803
-1.0061935255605436
-0.9995751639725234
-0.990223372937284
-0.985846991105292
-0.9830898475610446
-0.9775460310093486
-0.9755311023864077
-0.9724356600148854
-0.9620671289188459
-0.9587598320201411
-0.9541185319035459
-0.9476625623788532
-0.9394481817229344
-0.9362166216330322
-0.930093288288612
-0.9273587473607368
-0.9232857182743527
-0.9162945444614957
-0.9129076883960042
-0.9103348726155154
-0.9048032144887996
-0.8975851200917044
-0.8937223835834159
-0.886344974829086
-0.8764141335621558
-0.8700137822545637
-0.8665357624764952
-0.853120642422766
-0.8477655097977027
-0.8398592145812139
-0.8379022266989609
-0.8338512787209472
-0.8322436795504511
-0.8244373501629989
-0.8193473849743439
-0.7967484331707418
-0.7938514157922439
-0.7869536967448599
-0.7838696647330395
-0.7804407844470342
-0.7789204009443514
-0.7667981621437441
-0.7643170144085247
-0.7559621712375126
-0.7490096199338335
-0.7479438038714499
-0.7322257799239307
-0.7198428289804641
-0.7136792313589108
-0.7054578746812319
-0.7016785416761305
-0.6959031384188914
-0.6778185978140098
-0.6751084260333308
-0.6678781862996537
-0.6489879746667835
-0.6388731824391243
-0.6300839734200581
-0.610728611614678
-0.6030240215142405
-0.6012088197977172
-0.5836952282919431
-0.5584054879760367
-0.548411082163656
-0.5375790429524953
-0.5207419766372415
-0.48653766284593586
-0.4504092579152253
-0.3691488604347939
-0.24034948928084582
-0.22538615892218378
-0.22027285887166081
-0.21775062815427274
-0.21333452243638024
-0.20072190620670813
-0.19395070663633035
-0.182242146955877
-0.16505080495765703
-0.16095125276553263
-0.14989531750849502
-0.14338634649080947
-0.13541422980111711
-0.12345094034235464
-0.12081906317776306
-0.11564404167305693
-0.062423310130545875
-0.03193403165322168
-0.025873784608088278
-0.0006657656932467118
0.0006657656932467933
0.025873784608088608
0.03193403165322181
0.06242331013054595
0.11564404167305678
0.12081906317776311
0.12345094034235517
0.135414229801117
0.14338634649080936
0.14989531750849494
0.16095125276553277
0.16505080495765703
0.18224214695587673
0.19395070663633013
0.20072190620670805
0.21333452243637993
0.2177506281542725
0.2202728588716608
0.2253861589221834
0.24034948928084565
0.3691488604347943
0.45040925791522546
0.48653766284593575
0.5207419766372413
0.5375790429524947
0.548411082163656
0.5584054879760363
0.583695228291943
0.6012088197977177
0.6030240215142401
0.6107286116146782
0.6300839734200576
0.6388731824391245
0.6489879746667837
0.6678781862996537
0.6751084260333305
0.6778185978140097
0.6959031384188911
0.7016785416761306
0.705457874681232
0.7136792313589108
0.7198428289804639
0.7322257799239307
0.7479438038714495
0.7490096199338333
0.7559621712375132
0.764317014408525
0.7667981621437441
0.7789204009443516
0.7804407844470342
0.7838696647330395
0.7869536967448598
0.7938514157922444
0.7967484331707417
0.8193473849743437
0.8244373501629985
0.832243679550451
0.8338512787209474
0.8379022266989609
0.839859214581214
0.847765509797703
0.853120642422766
0.866535762476495
0.8700137822545632
0.8764141335621555
0.886344974829086
0.8937223835834158
0.8975851200917044
0.9048032144888001
0.9103348726155155
0.9129076883960036
0.9162945444614957
0.9232857182743527
0.9273587473607368
0.930093288288612
0.9362166216330322
0.9394481817229346
0.9476625623788532
0.9541185319035462
0.9587598320201411
0.962067128918846
0.9724356600148849
0.9755311023864077
0.9775460310093479
0.983089847561045
0.985846991105292
0.9902233729372838
0.9995751639725232
1.0061935255605436
1.0109986289214807
1.0246057637260138
1.0336256170126854
1.03806774768368
1.0450661861104467
1.05059223352787
1.0520642479061653
1.061741387143885
1.0687984483833872
1.0742853938784753
1.0850748324628539
1.1009031803275253
1.1104605763337336
1.1134945698901701
1.116833938828733
1.1265382299455318
1.1362670632019825
1.1384491360238806
1.1425520948761088
1.1449507181865581
1.1552866646108793
1.160678798232694
1.1668699827441362
1.1709185244902856
1.1753080119495372
1.1847457492333344
1.205215515394576
1.2104079448527374
1.210585723299863
1.2263697320846236
1.2403691242714718
1.2457895592109358
1.2542529541526675
1.258501047087823
1.2666435866731203
1.2737831867077114
1.3138159505353768
1.3335074113877372
1.337629575712097
