-3.0596149270083037
-3.0189967694807125
-3.0185882164113895
-2.976076007572751
-2.960389773793232
-2.94972720242995
-2.9448974624470283
-2.9257605622178926
-2.906669456605708
-2.8813959181458477
-2.8754107376990845
-2.817888950109193
-2.8070051938805496
-2.784346452006604
-2.766529835973004
-2.748043165201758
-2.74298411571061
-2.7145225701731635
-2.690592795571192
-2.6873392381575893
-2.6650110938634004
-2.6531474845826906
-2.639991233803077
-2.627359154838359
-2.587677965020682
-2.584829854842365
-2.5547944463663095
-2.548206584123095
-2.5053352513401705
-2.4829725228632626
-2.474200511439783
-2.471867736721224
-2.462049980911438
-2.4470859967653746
-2.4384097406426815
-2.4194555211384166
-2.405649344473874
-2.384920910285117
-2.365302865122373
-2.3616242725503502
-2.333068205780364
-2.327948417319568
-2.298092018616221
-2.2801169138692257
-2.271506990503728
-2.2582271968865903
-2.2383924607812586
-2.2272259914184174
-2.2104556848102206
-2.202625644984874
-2.1908351243470627
-2.1838638716967056
-2.1735173426678878
-2.171819918768476
-2.159486609369467
-2.1427336922424742
-2.130653293337774
-2.1143119019854075
-2.0877510331649183
-2.0850316344033315
-2.0659005043230136
-2.0641353383483496
-2.038120771842111
-2.010425184125065
-1.9896421706869811
-1.9813116314799282
-1.973869683641093
-1.9599267960789748
-1.9531942057156577
-1.9363369200667813
-1.9189062211345378
-1.902339385328565
-1.8859092753632785
-1.871741452292108
-1.8523887737556075
-1.8495119460969407
-1.8434642200788514
-1.832445779211603
-1.8162751823839627
-1.8020526811129378
-1.7901579074422982
-1.778830380876738
-1.7649587332724312
-1.7544412645325111
-1.7322702838777586
-1.6787864942010051
-1.6700003947203632
-1.6447267044363991
-1.6382898232174707
-1.6333752488184048
-1.615688267335248
-1.5688103204051826
-1.5469276148232833
-1.5362572803004053
-1.5185868563668432
-1.4822085932572109
-1.4632130901331242
-1.445285316506107
-1.418634793551675
-1.3885810358383053
-1.380813876623058
-1.3047430509339515
-1.2708362262499895
-1.2484858449712428
-1.2278792821003555
-1.1988458356625054
-1.1860991506016347
-1.1609425202497725
-1.1247869752308424
-1.0898743636727948
-1.0752083937781627
-1.0659036856576207
-1.0432027908661985
-1.0155559946722017
-0.9754107274887349
-0.9403313378415336
-0.912326690403628
-0.8863134332947598
-0.8418903305334773
-0.7948489389279593
-0.7886783704232474
-0.7394487264435127
-0.7083588701059254
-0.6400737812116717
-0.5272978579094637
-0.42680802724587047
-0.40257163554879194
-0.31927333568506194
0.31927333386262746
0.40257163498890325
0.42680802725609535
0.5272978588077347
0.6400737811335777
0.7083588704887316
0.7394487270950888
0.7886783707358105
0.7948489358352068
0.841890331932193
0.8863134335507598
0.9123266901026068
0.9403313399137113
0.9754107295162501
1.0155559942472818
1.0432027910431803
1.0659036869159333
1.0752083942342756
1.0898743612085477
1.124786975741373
1.1609425196964374
1.1860991539481673
1.1988458382816813
1.2278792799297094
1.248485845111156
1.2708362267426792
1.3047430541181888
1.3808138757424013
1.3885810322233156
1.4186347932537138
1.4452853150111757
1.4632130895274245
1.4822085956941287
1.5185868549190795
1.5362572799801064
1.546927615841811
1.5688103212340003
1.6156882677200846
1.6333752493793317
1.6382898209369754
1.644726705185213
1.670000393987172
1.6787864903874399
1.7322702851358776
1.7544412663617326
1.7649587344615651
1.778830381957815
1.7901579052278775
1.8020526796944385
1.8162751834178217
1.8324457787831918
1.8434642228929417
1.8495119477733306
1.8523887728995165
1.8717414505579433
1.8859092739581251
1.902339386427082
1.9189062221081028
1.9363369207143535
1.9531942074851731
1.9599267967133858
1.9738696816867982
1.9813116326318536
1.989642168901069
2.0104251870114744
2.0381207716901404
2.064135338988798
2.0659005049064256
2.085031636364805
2.0877510350054114
2.1143119002049318
2.130653295728139
2.1427336921257365
2.1594866087246287
2.171819921684995
2.1735173409060726
2.1838638707712086
2.1908351219177673
2.202625645323339
2.210455687501655
2.227225988484118
2.2383924625944753
2.258227196388434
2.2715069917175956
2.2801169120249694
2.298092017378457
2.3279484161357877
2.333068201827781
2.3616242731440322
2.3653028657368713
2.38492090510569
2.40564934008657
2.4194555222052423
2.438409739916114
2.447086001905353
2.4620499841268817
2.4718677312222077
2.474200511835335
2.4829725214177945
2.5053352497379398
2.5482065834991086
2.5547944499061503
2.584829858287797
2.587677968741272
2.627359154493755
2.6399912357233717
2.653147482399432
2.6650110863663428
2.6873392418601783
2.690592795201726
2.7145225708330543
2.7429841165137807
2.7480431683975346
2.766529841309148
2.7843464562272757
2.807005200423559
2.817888945300794
2.8754107356192886
2.8813959158684415
2.9066694637318315
2.925760560845867
2.9448974623592568
2.949727205297073
2.9603897763297975
2.976075998895328
3.01858821119458
3.0189967680064336
3.059614917826029
