-10.353505784916651
-10.245940345765058
-10.011460908554689
-9.96175338066445
-9.795743077313395
-9.742434436027361
-9.594508003386917
-9.552371470462134
-9.350740747929779
-9.317665315021959
-9.236989701064001
-9.117313285081485
-9.114634469699334
-9.095106157138202
-9.052589535566243
-8.980909492615542
-8.883002980433218
-8.843627544060807
-8.789047925129601
-8.700305457599754
-8.689145799668212
-8.620847219107585
-8.601155935772892
-8.59659052387677
-8.493030262784051
-8.420758346099467
-8.411423576996969
-8.359253072054104
-8.32109350275747
-8.290197063051306
-8.277211814307055
-8.214850111125218
-8.185999417254525
-8.157293685598939
-8.156895160919008
-8.014833464028616
-8.004911721564989
-7.977124781548852
-7.947941869901022
-7.924262829731063
-7.779536207788356
-7.735207847902759
-7.6265585727432565
-7.591052861833665
-7.496153444933409
-7.438456534052501
-7.400955650138352
-7.39710907382664
-7.379069978697345
-7.340887892217913
-7.305531733737006
-7.28535810148955
-7.2336484197383255
-7.196773193363008
-7.139447836736258
-7.111914806929003
-7.054322408129465
-7.026508503634633
-6.9873542014159185
-6.954517005438477
-6.947812049682051
-6.926706309945355
-6.753003558613213
-6.713273577477664
-6.709856072830732
-6.675815789557542
-6.620549308463163
-6.5898773265417
-6.511263072137797
-6.50684667704346
-6.444164921140092
-6.300020288383571
-6.288832519256914
-6.281769794324844
-6.24659533572663
-6.199196335419057
-6.193472319888999
-6.149239664973578
-6.101541132619698
-6.044134960987927
-5.980086939859707
-5.916616904134247
-5.837759829332599
-5.767012537332753
-5.760249326592474
-5.5224638681828955
-5.468950013258817
-5.3859695648497405
-5.359352780219994
-5.3281464957358855
-5.2350331908378696
-5.219298809156823
-5.09121376047959
-5.046292528518025
-4.998734079297117
-4.996164040976358
-4.881494228828544
-4.866819126091322
-4.8194186800087015
-4.749528402331068
-4.68102102893312
-4.627451202500377
-4.387182725272091
-3.9900314860479287
-3.7243412245130805
-3.3290655458272904
-3.321576476479332
-2.879916743637532
-1.1162434255614704
-1.0209432191478358
-1.0003390078041425
-0.9911969644075225
-0.9695762631976579
-0.9209062639989759
-0.8990345841202889
-0.8824528471900547
-0.6886617880842358
-0.6478401899104362
-0.5921777208257873
-0.5184154737765124
-0.5169744843478365
-0.48150810480080924
-0.4485648610155588
-0.40347586148566106
-0.15447647142994864
-0.04561644416933797
-0.03168222252589839
-0.00015470281650738386
0.00015470266246818092
0.031682220775886595
0.04561644693914733
0.1544764710168305
0.4034758618836108
0.4485648627819707
0.4815081046046312
0.5169744850791304
0.5184154746499751
0.5921777205038536
0.6478401925576337
0.6886617857094904
0.8824528478588829
0.8990345856381873
0.9209062655127751
0.9695762635153461
0.9911969648007969
1.000339009092661
1.0209432187301302
1.1162434259546066
2.8799167435029474
3.321576476377099
3.3290655453265465
3.724341223809796
3.9900314862391992
4.387182706341651
4.627451202780804
4.681021027815093
4.749528402521533
4.819418661737962
4.866819111536551
4.8814942287386005
4.996164058214212
4.9987340961414475
5.046292527351674
5.091213762962274
5.219298807998939
5.235033181679265
5.328146495974816
5.359352791080195
5.385969565834591
5.468950014305409
5.522463850910528
5.760249343485655
5.767012539092797
5.837759828535853
5.916616899006433
5.980086939881265
6.044134950197047
6.1015411251253315
6.149239666482848
6.193472336574811
6.199196347453444
6.2465953454579335
6.2817697932539724
6.288832516829394
6.300020290749215
6.444164909095523
6.506846678293539
6.511263086791082
6.589877333015504
6.6205493027634805
6.6758157988819695
6.7098560766248845
6.7132735802412205
6.7530035450929855
6.92670629982418
6.94781204637862
6.954516999340367
6.987354203883903
7.0265085080066045
7.054322396509419
7.111914798587264
7.13944783590712
7.196773196013198
7.233648422346397
7.285358103485157
7.305531738379047
7.340887886279343
7.379069985227372
7.397109077106595
7.400955657058643
7.438456534204851
7.496153453226603
7.5910528547206635
7.626558568588675
7.735207839560169
7.779536208843399
7.9242628349086015
7.947941867511286
7.977124782312103
8.004911730727777
8.014833467754139
8.156895154710933
8.157293684712926
8.185999424810054
8.214850113727783
8.277211813676358
8.290197062857306
8.321093498739387
8.359253063796007
8.41142357640961
8.420758346828631
8.493030259215256
8.596590518130325
8.601155942838233
8.620847217314644
8.689145794309601
8.700305461772293
8.789047931527051
8.843627548712336
8.883002974281355
8.98090949342236
9.0525895414172
9.095106157147267
9.11463447907532
9.11731327571058
9.236989704725236
9.317665304750218
9.35074074523471
9.552371474324874
9.59450801542548
9.742434437747898
9.795743078240141
9.961753375786705
10.011460903345359
10.245940338997407
10.353505783402568
