-10.468597722772067
-10.451915285725576
-10.410284177348636
-10.380336485552345
-10.135535027595044
-10.053983890744842
-10.024336633231963
-9.984973879679913
-9.956880259612987
-9.918491803434714
-9.881821099227528
-9.870825726303297
-9.795740264809629
-9.781268587641529
-9.777598626856909
-9.740127015149245
-9.715380572877029
-9.639486089536009
-9.635413781582795
-9.594445059139511
-9.514659086150704
-9.509295411494042
-9.458947617963753
-9.384482212731328
-9.367204308334422
-9.240433801613747
-9.217080551627433
-9.21196514236791
-9.191757771819619
-9.138660739057192
-9.12312060703057
-9.051632185474839
-9.01659304287963
-8.974108765884354
-8.943208820851114
-8.84604295074668
-8.817258222400165
-8.802328108905831
-8.775749245994893
-8.706391150384434
-8.605866713311098
-8.595474895644081
-8.534035996471994
-8.514750903767991
-8.485453894030456
-8.453255497244943
-8.415283429972947
-8.38705926577873
-8.360309964459717
-8.332983965716803
-8.289938664324609
-8.28182074078245
-8.242586983402077
-8.240061441685887
-8.19610688246596
-8.179215095589552
-8.158661464507757
-8.151667487846225
-8.088681937210836
-8.081429406636829
-8.074631450858027
-8.004625254877187
-7.972736939943969
-7.919779699304847
-7.902958254175561
-7.884637424136477
-7.818697601559262
-7.805784879960546
-7.7571411866441435
-7.731175782684096
-7.64073748399388
-7.625059856947003
-7.607344889605982
-7.558291785551184
-7.504040764222076
-7.490642617075068
-7.482797550143541
-7.471037880903962
-7.445359024422331
-7.417831972371705
-7.37097337108358
-7.348490020235775
-7.302004491136389
-7.296358086233013
-7.238060243786575
-7.211920405113457
-7.177093248821015
-7.162370945442596
-7.117716297649181
-7.015048703925752
-6.994884094642436
-6.958074938231066
-6.948556115734891
-6.883634184660257
-6.8342030378879635
-6.805295287435311
-6.783955917798557
-6.76214738432876
-6.690958134545657
-6.613435947919019
-6.565628137929731
-6.498705057196473
-6.494269356994961
-6.457797285474723
-6.395265105900714
-6.377712126243372
-6.369892123788291
-6.325157436064801
-6.24919576208623
-6.216072897041273
-6.168478992237738
-6.157486060152228
-6.1141595772329
-6.088787705565848
-5.912061647598247
-5.881667762499593
-5.872654160255924
-5.726075365676609
-5.708577835805846
-5.68984834561917
-5.578231522543228
-5.518551497810537
-5.488567254774511
-5.403086878703904
-5.336135772260987
-5.235277459756602
-5.205159816127633
-5.1990050189999995
5.199005016454497
5.20515981411471
5.2352774618513624
5.336135771071273
5.40308687726011
5.48856725324639
5.518551496205806
5.578231522658489
5.68984834384688
5.708577837205349
5.726075367500641
5.872654161397478
5.881667764061017
5.912061648889014
6.088787703767721
6.1141595780503115
6.157486060871939
6.168478994235015
6.216072896631358
6.249195758379103
6.325157435665146
6.369892125456534
6.377712127241922
6.39526510793235
6.457797282030982
6.494269357797284
6.498705058078017
6.565628139234513
6.613435948362981
6.690958131961235
6.76214738422119
6.783955918637311
6.805295288149082
6.834203038153497
6.883634185380943
6.948556109597577
6.958074935059213
6.994884093934788
7.0150487031994375
7.1177162948596155
7.16237094786422
7.177093249954083
7.2119204053137995
7.238060245682586
7.296358084024612
7.30200449130169
7.348490016507206
7.3709733718037205
7.417831972049112
7.445359025467285
7.471037884023107
7.482797549247717
7.490642616813941
7.504040764585208
7.558291788379463
7.60734488683175
7.625059856775988
7.640737483790369
7.731175783288325
7.757141182964107
7.805784879826931
7.818697602600315
7.884637422074464
7.902958256738894
7.919779699302062
7.972736943330173
8.00462525786928
8.07463144731044
8.081429402676246
8.088681934462903
8.15166748656985
8.158661466129917
8.179215098565209
8.196106881516448
8.240061442039783
8.24258698515545
8.281820740883724
8.289938663144595
8.332983965532003
8.360309965540067
8.387059269899659
8.415283428919215
8.45325549406336
8.485453896533004
8.514750906237076
8.534035994451338
8.595474894606134
8.605866716148961
8.7063911482689
8.77574925155258
8.802328112924314
8.81725821929763
8.846042950114938
8.943208823550505
8.974108761563512
9.016593044717528
9.051632182228543
9.123120604657784
9.138660742660662
9.191757774613428
9.21196514651486
9.217080551992211
9.24043380287472
9.367204305543403
9.384482209178168
9.458947615874614
9.509295412248248
9.514659088257222
9.594445059374019
9.635413778974513
9.639486093100437
9.715380572519113
9.740127016258981
9.777598632265084
9.781268592820572
9.795740262616343
9.870825724261245
9.881821096982089
9.918491803978654
9.956880257666393
9.984973877378899
10.024336632139464
10.053983893158
10.13553502623938
10.380336484397885
10.410284177638145
10.45191528316297
10.46859772670549
