-1.3402765984929654
-1.3356893582977305
-1.3116979928732337
-1.3022144806815756
-1.2998464132903949
-1.2825201268658357
-1.2812408376065718
-1.2669358274214841
-1.2520649330899083
-1.2508884454654117
-1.2410072980021216
-1.2290383789055517
-1.2267646126560388
-1.223259024279924
-1.2144281693018728
-1.2084688046333467
-1.205233363953152
-1.1933409744782293
-1.1917780945661747
-1.1863297325585287
-1.1833434578806865
-1.1788360503137605
-1.172609298324192
-1.1699048815474538
-1.168680796596955
-1.162600852768892
-1.1585893039441026
-1.155857387488208
-1.1479366473909776
-1.1340794439534563
-1.1334890475723212
-1.1307513455045528
-1.1241205623312116
-1.1220504339069877
-1.1145500529175576
-1.1143521290227703
-1.110871034368676
-1.102090578419144
-1.0981384099116158
-1.0914250704479114
-1.0902002283017573
-1.0843026356519538
-1.0786515744284169
-1.073761957203552
-1.072811440433004
-1.0677815801379378
-1.0638553455041175
-1.059881959718627
-1.05248715110436
-1.0505589355284777
-1.047996985644933
-1.041821189275131
-1.039318056408664
-1.0372313223901113
-1.0318747140631648
-1.0246704264199737
-1.0240833240169853
-1.0188311669776355
-1.014439447574927
-1.0129497455944831
-1.0108370698990938
-1.0049241183930087
-0.9983936011489364
-0.9970157730655492
-0.9886677279900039
-0.9875898886523192
-0.9825681272482094
-0.9783427904820987
-0.9730653445745239
-0.9689654741132903
-0.9668561035692939
-0.9600953074614046
-0.9574618633123945
-0.9554718309202891
-0.9535060706456889
-0.9524634286403008
-0.9482612103892711
-0.9425644951624375
-0.9390062921831344
-0.9377984186696894
-0.9290653031967784
-0.9276706097348907
-0.923648091441387
-0.9195944731151897
-0.9134488452105618
-0.910714276930799
-0.9068196634481587
-0.9010153652758092
-0.8995648061362846
-0.8949901048551103
-0.8923463241767616
-0.8874115784435088
-0.8851977624330564
-0.8831892379606386
-0.8791413680142344
-0.878483359218315
-0.8722877069481992
-0.8684216837898391
-0.8653238761687813
-0.8639198229645624
-0.8561764633925223
-0.8526947356505179
-0.850626446636415
-0.8432032827576119
-0.8414129466055954
-0.8379496375389465
-0.8318984623291935
-0.8290925656496493
-0.8259546099775037
-0.8226632801129106
-0.8197104223195996
-0.8135066098346269
-0.809696877635002
-0.804206923701428
-0.798465929944589
-0.7943737654377876
-0.7866255379771306
-0.7823465608844147
-0.7803930784732028
-0.7769968127944828
-0.7721502418649648
-0.7683777107766647
-0.7635576594747107
-0.7568446393037813
-0.7538842852480089
-0.7425616995897287
-0.7386134902019456
-0.731175123428743
-0.726563871095357
-0.7253120366065458
-0.7137804246018893
-0.709700412768292
-0.7056362010007038
-0.6950654844856116
-0.6768740055782944
-0.6755326426946974
-0.6690818074906454
-0.6681108660099457
-0.660011539678414
-0.6466420766360135
-0.627703058930829
-0.6223672072378086
-0.6141304907810438
-0.6069938847870117
-0.6035976777367724
-0.58460844150887
-0.5781175492823164
-0.5703201567170959
-0.5549423078853315
-0.5443425253100431
-0.5250858411096005
-0.5199440188364017
-0.5136876524129821
-0.5017413734394419
-0.4913934284745722
-0.46050227517339226
-0.44693577505642185
-0.41571787894726053
-0.34618490903583016
-0.2887093344088446
-0.0009084251429184283
-8.2841549452484e-06
8.284154945446085e-06
0.0009084251429183332
0.2887093344088444
0.3461849090358298
0.4157178789472601
0.4469357750564218
0.4605022751733922
0.4913934284745719
0.501741373439442
0.5136876524129821
0.5199440188364018
0.5250858411096007
0.5443425253100431
0.5549423078853314
0.5703201567170958
0.5781175492823164
0.5846084415088701
0.6035976777367724
0.6069938847870116
0.6141304907810438
0.6223672072378087
0.6277030589308292
0.6466420766360137
0.6600115396784143
0.6681108660099458
0.6690818074906456
0.6755326426946971
0.6768740055782942
0.6950654844856112
0.7056362010007041
0.7097004127682919
0.7137804246018893
0.7253120366065458
0.7265638710953569
0.731175123428743
0.7386134902019457
0.7425616995897287
0.7538842852480089
0.7568446393037814
0.7635576594747107
0.7683777107766648
0.7721502418649648
0.7769968127944828
0.780393078473203
0.7823465608844143
0.7866255379771304
0.7943737654377869
0.7984659299445889
0.8042069237014282
0.8096968776350019
0.813506609834627
0.8197104223195995
0.8226632801129106
0.8259546099775039
0.8290925656496494
0.8318984623291937
0.8379496375389465
0.8414129466055953
0.843203282757612
0.8506264466364148
0.852694735650518
0.8561764633925221
0.8639198229645624
0.8653238761687815
0.868421683789839
0.8722877069481993
0.878483359218315
0.8791413680142343
0.8831892379606386
0.8851977624330559
0.887411578443509
0.8923463241767617
0.8949901048551104
0.8995648061362848
0.901015365275809
0.9068196634481592
0.9107142769307989
0.9134488452105618
0.9195944731151898
0.9236480914413869
0.9276706097348907
0.9290653031967785
0.9377984186696894
0.9390062921831345
0.9425644951624373
0.948261210389271
0.9524634286403001
0.9535060706456884
0.955471830920289
0.9574618633123948
0.9600953074614049
0.9668561035692939
0.9689654741132903
0.9730653445745239
0.9783427904820985
0.9825681272482092
0.9875898886523192
0.9886677279900048
0.9970157730655492
0.9983936011489364
1.0049241183930087
1.010837069899094
1.0129497455944834
1.0144394475749274
1.0188311669776355
1.0240833240169855
1.0246704264199737
1.0318747140631641
1.0372313223901117
1.039318056408664
1.0418211892751308
1.0479969856449332
1.0505589355284777
1.0524871511043599
1.059881959718627
1.0638553455041175
1.0677815801379376
1.0728114404330036
1.0737619572035517
1.0786515744284164
1.084302635651954
1.0902002283017571
1.0914250704479111
1.0981384099116158
1.1020905784191437
1.110871034368676
1.1143521290227705
1.1145500529175576
1.1220504339069879
1.1241205623312116
1.1307513455045524
1.1334890475723212
1.134079443953456
1.1479366473909773
1.155857387488208
1.1585893039441024
1.162600852768892
1.168680796596955
1.1699048815474533
1.172609298324192
1.1788360503137603
1.1833434578806863
1.1863297325585285
1.1917780945661747
1.193340974478229
1.2052333639531518
1.2084688046333472
1.2144281693018726
1.223259024279924
1.226764612656039
1.2290383789055517
1.2410072980021216
1.2508884454654117
1.252064933089908
1.2669358274214844
1.2812408376065718
1.2825201268658357
1.2998464132903946
1.3022144806815752
1.3116979928732337
1.3356893582977296
1.340276598492965
