-1.3304303218917586
-1.3233566253222409
-1.313674078049692
-1.3099194504694747
-1.297470891124342
-1.286234319501836
-1.282514013508619
-1.2789322559299705
-1.2668011704282074
-1.2636105845044336
-1.2594167606009552
-1.251374839463395
-1.2413770823794559
-1.2395253795590093
-1.2354734031717436
-1.2224812347768634
-1.2178178620419102
-1.2106766712394248
-1.2074739728086412
-1.2026358395961823
-1.2016851019163135
-1.1994835060961695
-1.1973604399538003
-1.1912345658420729
-1.1868679174555068
-1.1835004209143913
-1.1807840702638472
-1.1777886068482737
-1.1735548817072112
-1.1665888679377734
-1.165074616204369
-1.160514709011909
-1.1554688518847789
-1.1480601690400083
-1.1468818626744184
-1.1386650918138403
-1.1385342166612564
-1.1346827473816383
-1.130546962682666
-1.1303489777994056
-1.1255569639032585
-1.1216539152366456
-1.1153115626303074
-1.1122530907081165
-1.1092016897188095
-1.1050216792277459
-1.1031621540653398
-1.096909769884321
-1.0948354292278932
-1.091601998858008
-1.0863985918399537
-1.0817917365849492
-1.0795552238115174
-1.0784079138361442
-1.0719383693237625
-1.0693871586830421
-1.0647430262160114
-1.0628621607555568
-1.0588026884086061
-1.0534867502653944
-1.0491137757248516
-1.0467207684720405
-1.0445209133262352
-1.0439739423648193
-1.040255610126635
-1.0395415713448641
-1.0348799290031532
-1.0287750700959455
-1.0254775166339156
-1.021024106249122
-1.0150038159182957
-1.0108175168072822
-1.0090630527838171
-1.0073197339779376
-1.0025098339417942
-0.99962091309724
-0.9974990830581756
-0.99398930434346
-0.9899970182945649
-0.988289856142488
-0.9816250856098357
-0.975929899973295
-0.9750644688943731
-0.9704561527812251
-0.9674426238514617
-0.9639982628249494
-0.9567961725742536
-0.9550754728991495
-0.9546029975153111
-0.9503272834446312
-0.9445738152207148
-0.9419923824047189
-0.9404103852692173
-0.9390345525865479
-0.935986770778983
-0.9321274965710781
-0.9298038680385465
-0.9261471131140491
-0.9202672642025509
-0.9185128205872077
-0.9141672073971884
-0.9107069316624388
-0.9061998385409994
-0.9038442925019138
-0.8988779695074143
-0.8984623552933942
-0.8959790598042149
-0.8913431099966537
-0.8889647730231937
-0.886233791801323
-0.8831717676622817
-0.878009417626161
-0.8758085753648508
-0.8725474031912067
-0.863830775398243
-0.8617749704789647
-0.8606762537550543
-0.8603106584565451
-0.8544594888789817
-0.8531865384547389
-0.8464432653005245
-0.841388787164295
-0.8363375684473774
-0.8326322568732711
-0.831558517196936
-0.8236351709807532
-0.8213979733788314
-0.8120782616964084
-0.8093033648793604
-0.806470679009548
-0.8006312882933052
-0.7990140762838059
-0.790416409123289
-0.7889213364848031
-0.7767727916274603
-0.7746380465509942
-0.7708169506693323
-0.7634796236821932
-0.7587120265611615
-0.7578669116259497
-0.7470268026845135
-0.7420505783285306
-0.7371856453541266
-0.7227408415044743
-0.7133480677423658
-0.7115416131538669
-0.7037278208879579
-0.6980887166541164
-0.6911298698525522
-0.6708841428138713
-0.6625008303663491
-0.6487442916992224
-0.6396506203743114
-0.6248675125105151
-0.6061900764077576
-0.592935121303196
-0.5684131727865703
-0.5649923769733713
-0.5535398913152825
-0.5216293542868483
-0.51725013465481
-0.4846772265196987
0.4846772265196985
0.5172501346548101
0.5216293542868482
0.5535398913152825
0.5649923769733713
0.5684131727865706
0.592935121303196
0.6061900764077572
0.6248675125105151
0.6396506203743114
0.6487442916992223
0.662500830366349
0.6708841428138715
0.6911298698525524
0.6980887166541168
0.7037278208879575
0.7115416131538668
0.7133480677423658
0.7227408415044742
0.7371856453541266
0.7420505783285312
0.7470268026845134
0.7578669116259497
0.7587120265611614
0.7634796236821932
0.7708169506693326
0.7746380465509944
0.7767727916274602
0.7889213364848031
0.7904164091232893
0.7990140762838062
0.8006312882933053
0.8064706790095479
0.8093033648793604
0.8120782616964082
0.8213979733788315
0.8236351709807536
0.8315585171969363
0.8326322568732717
0.8363375684473777
0.8413887871642953
0.8464432653005244
0.853186538454739
0.8544594888789819
0.8603106584565452
0.8606762537550545
0.8617749704789649
0.863830775398243
0.8725474031912067
0.8758085753648511
0.878009417626161
0.8831717676622816
0.886233791801323
0.8889647730231938
0.8913431099966537
0.8959790598042148
0.8984623552933944
0.8988779695074144
0.9038442925019137
0.9061998385409995
0.9107069316624389
0.9141672073971883
0.9185128205872074
0.9202672642025509
0.9261471131140492
0.9298038680385464
0.9321274965710782
0.9359867707789831
0.9390345525865477
0.9404103852692173
0.941992382404719
0.9445738152207148
0.9503272834446315
0.9546029975153115
0.9550754728991501
0.9567961725742536
0.9639982628249498
0.9674426238514618
0.9704561527812251
0.9750644688943729
0.9759298999732948
0.9816250856098355
0.9882898561424881
0.9899970182945649
0.99398930434346
0.9974990830581754
0.9996209130972401
1.0025098339417942
1.0073197339779376
1.009063052783817
1.0108175168072817
1.015003815918296
1.0210241062491219
1.0254775166339156
1.0287750700959455
1.0348799290031532
1.0395415713448641
1.0402556101266354
1.0439739423648189
1.0445209133262352
1.0467207684720408
1.0491137757248514
1.0534867502653942
1.0588026884086057
1.062862160755556
1.0647430262160107
1.0693871586830415
1.0719383693237625
1.0784079138361442
1.0795552238115174
1.0817917365849492
1.0863985918399537
1.0916019988580075
1.0948354292278926
1.09690976988432
1.1031621540653398
1.1050216792277459
1.1092016897188095
1.1122530907081167
1.1153115626303074
1.1216539152366456
1.1255569639032585
1.1303489777994051
1.1305469626826656
1.1346827473816385
1.1385342166612566
1.1386650918138401
1.1468818626744182
1.1480601690400083
1.1554688518847789
1.1605147090119088
1.165074616204369
1.166588867937773
1.1735548817072115
1.1777886068482737
1.1807840702638472
1.1835004209143911
1.1868679174555068
1.1912345658420733
1.1973604399538005
1.1994835060961684
1.201685101916314
1.2026358395961825
1.2074739728086414
1.2106766712394252
1.2178178620419107
1.2224812347768637
1.235473403171744
1.2395253795590095
1.2413770823794559
1.2513748394633952
1.2594167606009552
1.2636105845044336
1.2668011704282074
1.2789322559299703
1.2825140135086195
1.286234319501836
1.297470891124342
1.3099194504694747
1.3136740780496923
1.3233566253222415
1.3304303218917586
