-1.3392458331174024
-1.327462560407164
-1.322547825412315
-1.3020891703721293
-1.2841353291075819
-1.2816048965701923
-1.2783948561586085
-1.2702557766092457
-1.2464680265897545
-1.243080423385702
-1.23800535770206
-1.2268183099411851
-1.2243594528981891
-1.2184716034410397
-1.210258907519538
-1.201290908758973
-1.1993239673887572
-1.192908343756452
-1.1861864436312648
-1.18150786367606
-1.173017626194837
-1.1685073247291249
-1.1659140885340302
-1.1635280292845656
-1.158911046375819
-1.1537380446921255
-1.1523178122057154
-1.1477593432572744
-1.1460905103599044
-1.136468391864025
-1.1331818513860146
-1.1313800736866064
-1.1271546076758805
-1.1224102303025945
-1.115077946401955
-1.1110796029897072
-1.1075291579491982
-1.1062336791290062
-1.0993870881450323
-1.0940557676410247
-1.0924033630404857
-1.090409265482983
-1.0820751212649173
-1.0742574096408863
-1.073028681133543
-1.0720889762241792
-1.0658372921496497
-1.063042853404024
-1.0572647629431595
-1.0536872222556548
-1.0478913726152004
-1.043919801221012
-1.0428587372094849
-1.0375933203031682
-1.0307415231475503
-1.02794394373313
-1.0246845694135251
-1.0190996369327487
-1.0158475465767265
-1.0125100786664034
-1.0090936194692606
-1.007119259902968
-1.0020585158597823
-0.996902351588429
-0.9947625692810393
-0.9904201355860788
-0.9858632030591342
-0.9801539827812784
-0.9756447252787184
-0.9745642367401709
-0.9709205233354931
-0.9651038086937123
-0.9620730429359663
-0.9523571110986628
-0.9505873342057493
-0.9471526638017843
-0.9426129903940946
-0.9410927137695599
-0.9381292365124293
-0.9309473586847471
-0.9292274734606981
-0.9245585209511463
-0.9227752299540635
-0.9188432514766904
-0.9110724147675822
-0.9099262845720936
-0.9075080041680132
-0.9044833493445544
-0.9015705362850378
-0.897856641871471
-0.8958904963172188
-0.8919580732216754
-0.8863644388261083
-0.8824723419053396
-0.8802112525757997
-0.8744369795745638
-0.8713683761611323
-0.8673024928954259
-0.8652879434336035
-0.8633185223842884
-0.8574374345744562
-0.8549014274365652
-0.8499762912811362
-0.8462317446760671
-0.8455181523799709
-0.8418539678642701
-0.8364823807699119
-0.8333996137541853
-0.8285922029070193
-0.8271299829293296
-0.8173535080790514
-0.8158833537167449
-0.8113768830503069
-0.8071631110335524
-0.8043132628067731
-0.8000695104682037
-0.7919797629029081
-0.789219115820105
-0.7818593431960849
-0.7791776382547372
-0.7724935215830463
-0.7627742391337812
-0.7582246167201168
-0.7517209135135392
-0.7509384270399541
-0.7405402086864834
-0.739190873472895
-0.7311199657209061
-0.7274381948126561
-0.726371840172248
-0.7193509564211744
-0.712285938499221
-0.703772856947961
-0.6883648953258966
-0.6863538500491625
-0.6822140118970141
-0.6789551116590042
-0.6732338588629591
-0.6580215981099246
-0.6542908620634935
-0.6314661937712075
-0.6181000356244195
-0.6154901621852966
-0.6127995714045422
-0.6031934527829914
-0.5946072205532048
-0.5759426788277603
-0.5565742428046584
-0.5525746195041827
-0.5516813597040928
-0.5394586101078658
-0.5111264157929538
-0.5106144992086762
-0.4870691891370425
-0.4807582610580883
-0.46983807234749414
-0.4334641424872967
-0.43085250930454944
-0.3702150951377572
-0.30223587350103615
-0.0005398972708841236
-1.801718951675498e-05
1.80171895167549e-05
0.0005398972708846904
0.3022358735010359
0.3702150951377569
0.43085250930454916
0.43346414248729653
0.4698380723474947
0.4807582610580881
0.4870691891370424
0.5106144992086761
0.5111264157929538
0.5394586101078658
0.5516813597040927
0.5525746195041827
0.5565742428046583
0.5759426788277606
0.594607220553205
0.6031934527829913
0.6127995714045418
0.6154901621852961
0.6181000356244191
0.6314661937712076
0.654290862063494
0.6580215981099244
0.6732338588629593
0.6789551116590042
0.6822140118970139
0.6863538500491624
0.6883648953258967
0.7037728569479611
0.7122859384992206
0.7193509564211745
0.726371840172248
0.7274381948126564
0.7311199657209059
0.739190873472895
0.7405402086864834
0.7509384270399536
0.7517209135135394
0.7582246167201167
0.7627742391337807
0.7724935215830463
0.7791776382547371
0.7818593431960847
0.789219115820105
0.7919797629029082
0.8000695104682035
0.8043132628067725
0.807163111033552
0.8113768830503071
0.8158833537167449
0.8173535080790513
0.8271299829293296
0.8285922029070194
0.8333996137541853
0.8364823807699131
0.8418539678642701
0.8455181523799704
0.8462317446760669
0.8499762912811362
0.8549014274365652
0.8574374345744565
0.8633185223842885
0.8652879434336036
0.867302492895426
0.8713683761611324
0.8744369795745639
0.8802112525757995
0.8824723419053392
0.8863644388261082
0.8919580732216753
0.8958904963172181
0.8978566418714712
0.9015705362850375
0.9044833493445544
0.9075080041680129
0.9099262845720942
0.9110724147675823
0.9188432514766904
0.9227752299540636
0.9245585209511459
0.9292274734606981
0.9309473586847468
0.9381292365124292
0.9410927137695597
0.9426129903940949
0.947152663801784
0.9505873342057495
0.9523571110986634
0.9620730429359663
0.965103808693712
0.9709205233354928
0.9745642367401702
0.9756447252787184
0.9801539827812782
0.9858632030591342
0.9904201355860787
0.9947625692810391
0.9969023515884297
1.0020585158597821
1.0071192599029688
1.0090936194692606
1.0125100786664034
1.0158475465767267
1.0190996369327485
1.024684569413525
1.0279439437331297
1.03074152314755
1.0375933203031682
1.0428587372094853
1.0439198012210122
1.0478913726152004
1.0536872222556546
1.0572647629431593
1.063042853404024
1.0658372921496497
1.0720889762241792
1.0730286811335439
1.0742574096408863
1.0820751212649178
1.090409265482983
1.0924033630404857
1.094055767641025
1.0993870881450325
1.1062336791290064
1.107529157949199
1.1110796029897076
1.1150779464019551
1.1224102303025945
1.127154607675881
1.1313800736866064
1.1331818513860148
1.1364683918640253
1.146090510359905
1.147759343257275
1.1523178122057156
1.1537380446921255
1.158911046375819
1.1635280292845656
1.1659140885340302
1.168507324729125
1.1730176261948373
1.18150786367606
1.186186443631265
1.192908343756452
1.1993239673887575
1.201290908758973
1.2102589075195382
1.2184716034410397
1.2243594528981891
1.2268183099411851
1.2380053577020602
1.2430804233857022
1.2464680265897548
1.2702557766092457
1.278394856158609
1.2816048965701923
1.284135329107582
1.3020891703721298
1.3225478254123149
1.3274625604071641
1.3392458331174026
