-3.120363353672286
-3.0618127644425592
-3.04613648636671
-3.016975146303889
-2.9868692237289483
-2.98503513495583
-2.9473210578471836
-2.9319032501231814
-2.9195624685015424
-2.903916230979712
-2.886770960791511
-2.8797497151835483
-2.859812297738162
-2.8513033312309344
-2.84286886264804
-2.83420516133342
-2.822824157357239
-2.7874891864105824
-2.7764538293009706
-2.7575949097666212
-2.7395727618149603
-2.731324502182674
-2.7263154878794924
-2.7147648786598357
-2.697177278708035
-2.6904830452500836
-2.678064777400023
-2.6622218286047317
-2.6460052525169115
-2.6328568549240714
-2.614703304396335
-2.6120480995696997
-2.6045632364055558
-2.59814953186238
-2.5959907488745175
-2.5718897250180426
-2.549930294233632
-2.5339957925433025
-2.5240129517888006
-2.5127984374027514
-2.505954515886783
-2.504621322099274
-2.4848160102249595
-2.4740387615743447
-2.458678895405006
-2.453680254231967
-2.4406179779154393
-2.4326874542637213
-2.4251011241165576
-2.4033786199336946
-2.3958653351359276
-2.3796964786725985
-2.3729104282089937
-2.3646816886083806
-2.347136819799637
-2.3310096921894794
-2.3241227452064552
-2.3157804578715178
-2.3006216778038153
-2.2794619836264305
-2.2662145212066913
-2.2579981768974604
-2.2489381452848645
-2.236809978920935
-2.2261940020354065
-2.215879467096747
-2.2048454805301114
-2.193342327443552
-2.186222324123032
-2.1837228117305623
-2.1686493539894434
-2.1573901089363683
-2.1554116278110564
-2.1411805656990683
-2.127544352950446
-2.114697004473325
-2.107289587770015
-2.08860332128572
-2.0845804303711133
-2.071629403132035
-2.0650241899687725
-2.0572640852371493
-2.0477631085652876
-2.034297350573617
-2.0291883105717994
-2.0231178912168777
-2.008723726060487
-1.9935782714010906
-1.9857287176800518
-1.9779722125436543
-1.9704071512885368
-1.957373011455066
-1.9554465471028348
-1.9479299494443425
-1.9369220303744838
-1.9350157075731453
-1.932234557158988
-1.9042387927786906
-1.8937224413487237
-1.8840014095590856
-1.8742725409741683
-1.8719200410246715
-1.8597238121002926
-1.8476208745405003
-1.8463363956886731
-1.830796622664684
-1.817231096593525
-1.8113987845342678
-1.8059046740894489
-1.8017311446483844
-1.779081688941012
-1.7618535690322306
-1.737580377609963
-1.7242414952099003
-1.7181323604161445
-1.6844542161785157
-1.6718186464211842
-1.6565907691337605
-1.6534435830023932
-1.648581144308768
-1.6382200364389072
-1.6097661357760416
-1.5867178493262883
-1.5778480524183753
-1.5645059634884124
-1.5537731955181266
-1.5430331797657877
-1.5132563024915806
-1.4995301413136746
-1.4752779841999337
-1.456319757494172
-1.4231464859969938
-1.4138652378777252
-1.3961535405694105
-1.3824033723693807
-1.3650537722550222
-1.317877336491642
-1.2828373110991673
-1.2744729220803568
-1.2557838868258644
-1.2487230487902525
-1.2262474741449403
-1.185841818496023
-1.1339852984637537
-1.108065002172073
-1.0842875428146423
-1.0462368957050985
-1.0044027559700708
-0.9931830558750667
-0.9685460797480229
-0.8939747209726306
-0.8862884647927416
-0.8437663643703794
-0.80383409160824
-0.7560545845381548
-0.6609894831533033
-0.6204755916661606
-0.5772831746965842
-0.5375690539495486
-0.38750457049932246
-0.33044157443330596
-0.08389257750878128
0.08389257760332579
0.3304415744558695
0.3875045703156446
0.5375690531939287
0.5772831758436262
0.6204755908693543
0.6609894837211314
0.7560545837656238
0.8038340911181535
0.8437663656530271
0.8862884639162965
0.8939747199344845
0.9685460799374742
0.9931830530612815
1.004402759427924
1.0462368933483028
1.0842875424458072
1.10806500220684
1.1339852992140018
1.1858418185036181
1.226247474998766
1.248723048849761
1.2557838871067741
1.2744729212857298
1.2828373100442727
1.3178773372223682
1.3650537717244
1.3824033714172204
1.3961535410335422
1.413865238453863
1.4231464866462586
1.4563197576635938
1.47527798401465
1.499530142074806
1.513256302411832
1.5430331786546165
1.5537731973908617
1.5645059629555182
1.5778480517762743
1.5867178488023939
1.609766137648682
1.6382200385686259
1.648581144321297
1.6534435862035755
1.6565907667007487
1.671818643968374
1.6844542168356686
1.718132360531797
1.724241493652187
1.737580377668471
1.7618535693331752
1.7790816877583107
1.8017311453425962
1.8059046747059666
1.811398783834856
1.8172310984361026
1.8307966223147714
1.8463363954929741
1.8476208745583378
1.8597238118267236
1.8719200403494558
1.8742725403084612
1.8840014094184598
1.8937224408150608
1.9042387925029625
1.9322345575197133
1.9350157077718588
1.936922029677323
1.947929952597189
1.9554465475198888
1.957373009827254
1.9704071500613043
1.977972211975485
1.9857287172803921
1.9935782723695719
2.008723726021728
2.0231178891790034
2.029188313755092
2.034297349826441
2.0477631064891564
2.057264085913269
2.0650241894363908
2.071629403812847
2.0845804304634363
2.088603319391113
2.107289589234506
2.114697003592584
2.1275443525541284
2.1411805670847444
2.1554116273843382
2.1573901087348863
2.1686493549874517
2.183722810844444
2.186222324888491
2.1933423282323234
2.2048454835173397
2.2158794671562005
2.2261939995910676
2.236809979567307
2.2489381438412366
2.257998181171434
2.2662145219959835
2.279461983840882
2.3006216774828916
2.3157804555190706
2.324122746031472
2.3310096935834346
2.3471368215769197
2.364681690149632
2.3729104288760383
2.3796964784008674
2.3958653352350066
2.4033786197775817
2.425101121919653
2.4326874526746716
2.440617976748629
2.4536802573316225
2.458678895270593
2.4740387640475827
2.484816011039786
2.504621319828842
2.505954513184531
2.5127984403405486
2.524012951725225
2.5339957907036657
2.5499302967551474
2.5718897256479374
2.595990747435042
2.598149533120996
2.6045632359255237
2.612048098524222
2.6147033001523425
2.6328568541355395
2.6460052535885072
2.662221830479337
2.6780647783436824
2.690483043787007
2.697177284497339
2.7147648778611
2.726315488034146
2.731324499349232
2.7395727626871462
2.757594912972969
2.7764538283322264
2.787489185249922
2.8228241547076554
2.8342051643192474
2.842868863777554
2.8513033283645615
2.8598122939364217
2.8797497172098456
2.8867709580033933
2.9039162305033677
2.9195624659293156
2.931903259401637
2.9473210529305702
2.9850351340404955
2.986869217326689
3.016975149810097
3.046136491752264
3.0618127639603925
3.120363350792981
