-9.956669436451248
-9.90510145558951
-9.79709880124838
-9.764299009896806
-9.650092719710326
-9.540215540218798
-9.494565581749528
-9.479610200251646
-9.460391018749013
-9.435849364451956
-9.400431739544844
-9.348620713812947
-9.301517105112032
-9.232841549268914
-9.222508997469228
-9.18527641435536
-9.146742290871808
-9.110708255661033
-9.072821388270786
-9.046958087013355
-9.030235125088382
-9.024557393249214
-8.972131797415777
-8.950252966271188
-8.922659218002583
-8.891831937016034
-8.89009448032993
-8.83792743047186
-8.83702127615645
-8.796170453092328
-8.789548947197902
-8.757640938564462
-8.723743085103886
-8.706177323674172
-8.69507518156285
-8.672526283008738
-8.662340532298293
-8.623944727504316
-8.617538241031367
-8.599728325043579
-8.565879620960075
-8.559538119524369
-8.535211352243314
-8.516017141342097
-8.509678537296757
-8.484707022343189
-8.465253054547873
-8.443976461451829
-8.429258178718525
-8.40676125631057
-8.386349923930192
-8.363032139870263
-8.344797749348702
-8.336886559195385
-8.325951935281255
-8.305247242618606
-8.273686025030988
-8.247044037883839
-8.239616780747914
-8.20651776533507
-8.195579759869945
-8.169496803918205
-8.15657316209569
-8.139779734800065
-8.102885415524359
-8.080327585649364
-8.059714059079443
-8.051510513217469
-8.036009199273552
-8.00989056977906
-7.972138725714261
-7.954839123097606
-7.950731072310321
-7.924481888923728
-7.8989656728574555
-7.875094674830663
-7.842490128171344
-7.8336539271834935
-7.809111860457085
-7.785090870955698
-7.78178439305822
-7.751710229486352
-7.74158931412862
-7.719639134082748
-7.7057402644159545
-7.682839294304597
-7.641222047693532
-7.625981581405543
-7.605488856791968
-7.594092458321575
-7.541104113090525
-7.515818095927705
-7.46405487798485
-7.459121615272149
-7.4344511892968335
-7.421603417281542
-7.381682094744228
-7.36534398384347
-7.352597532850939
-7.336564638733583
-7.325593848790214
-7.310083005958313
-7.304403739697189
-7.300121668106726
-7.267171643479726
-7.254323176349863
-7.241018008710779
-7.183365559025195
-7.153203920787319
-7.125332826526198
-7.119066397000526
-7.078275999345519
-7.066981799957021
-7.053260067300369
-7.0454893194223915
-7.026945824405938
-7.005905393749071
-6.954167918007673
-6.924901596697131
-6.9154965281298395
-6.908199343916906
-6.897897862508858
-6.890965145245544
-6.859684266828488
-6.8497859356193365
-6.802999332320807
-6.758075273161195
-6.742337628563946
-6.713768369910685
-6.684340071954046
-6.6506332738629705
-6.632130414184084
-6.59160482864671
-6.559144044483656
-6.527297831490719
-6.487251704556347
-6.428207741729747
-6.412278694973687
-6.359350692950728
-6.3285729430568285
-6.283325573716941
-6.2530128103361555
-6.203372501916224
-6.178237801051824
-6.140432587550115
-6.079796089537969
-6.057060078835065
-6.009399456532392
-5.93763115236083
-5.892777329019086
-5.848584264646048
-5.826000767267814
-5.775346437749549
-5.71966421272852
-5.600259632213134
-5.54395369179758
-5.519085804451851
-5.429276246609999
-5.358175617214314
-5.323593311313898
-5.235357994737361
-5.171191273014864
5.171191273280761
5.2353579938175425
5.323593311087506
5.358175615171061
5.4292762470190015
5.519085805021092
5.5439536923423764
5.6002596333628425
5.719664213031245
5.7753464376832895
5.826000767594847
5.848584265549717
5.892777328690237
5.937631152148514
6.009399456337473
6.057060079379133
6.079796088614441
6.140432587522454
6.178237801305418
6.203372501729726
6.253012811754615
6.283325572900881
6.328572943702668
6.359350692453066
6.412278695376276
6.4282077418397146
6.487251708059659
6.527297831343015
6.5591440437174935
6.591604829001125
6.632130413935703
6.650633273967709
6.684340071142785
6.713768371073238
6.7423376300242905
6.758075270079478
6.802999331152907
6.8497859345332115
6.8596842666430256
6.8909651445453814
6.897897862993953
6.9081993430006845
6.915496528038329
6.924901597836405
6.95416791907473
7.005905394130993
7.026945824578982
7.045489318410612
7.0532600666068515
7.066981799032176
7.078275999520703
7.1190663959520455
7.125332825986755
7.153203920197489
7.183365557834774
7.2410180079441595
7.25432317565041
7.267171642077176
7.300121667734829
7.304403738331665
7.310083007270793
7.325593848847898
7.336564637820817
7.352597532559488
7.3653439834006535
7.38168209535809
7.421603417175671
7.434451187536971
7.459121614959068
7.464054876764451
7.515818094111814
7.54110411072146
7.594092459045121
7.605488858134042
7.625981581992486
7.641222048772697
7.6828392959349445
7.7057402665777515
7.719639134307374
7.741589313937789
7.75171023128534
7.781784393473237
7.785090869773043
7.809111861440792
7.833653926354439
7.842490127718193
7.8750946741494605
7.898965672794188
7.924481890883985
7.95073107469871
7.9548391245186
7.972138726510264
8.009890570606332
8.036009199164388
8.051510512171495
8.059714056703301
8.080327585935567
8.102885414726092
8.139779736687982
8.15657316419271
8.169496804240664
8.195579758439777
8.206517767859603
8.239616781592186
8.247044038205843
8.273686027033735
8.305247241719751
8.325951936736427
8.336886559735298
8.344797752619618
8.363032141878113
8.386349925141278
8.406761258537134
8.429258179507524
8.443976462296096
8.465253056988812
8.484707021495131
8.509678537084897
8.516017141040752
8.535211353468304
8.559538119930087
8.565879620777615
8.599728327732917
8.617538242779453
8.623944729354594
8.662340533585704
8.67252627909111
8.695075183585065
8.706177322925967
8.72374308656266
8.757640937725904
8.789548946052122
8.796170452938405
8.837021275059465
8.837927429082349
8.890094478275534
8.891831933655132
8.92265921629414
8.950252963721946
8.972131796778005
9.024557396996322
9.030235123176102
9.046958086699375
9.072821388073228
9.110708256103624
9.146742294760283
9.185276410380727
9.222508996403244
9.232841546189748
9.301517105797709
9.348620716059822
9.400431736633267
9.435849364067465
9.460391020947236
9.47961019983527
9.494565580821243
9.540215539918119
9.650092719339467
9.764299011732456
9.797098800159342
9.90510145346259
9.9566694312272
