-10.160868462294545
-9.946003965743694
-9.844970371681207
-9.808209298191652
-9.77295838177409
-9.696399640237685
-9.663082774188197
-9.604193308034407
-9.539638665868836
-9.506285728905809
-9.469217060909441
-9.46502484323402
-9.413485852605554
-9.315233477957413
-9.305562761957226
-9.281098983591471
-9.202030438530567
-9.138177794119883
-9.106478350424945
-9.08111743745902
-9.031151211409766
-8.98209319673848
-8.942302141062294
-8.925322257728759
-8.894898590683471
-8.864673777912186
-8.838825983849194
-8.805713747256997
-8.74945162849019
-8.725399592834425
-8.709103898600201
-8.693024712255845
-8.690409434316441
-8.667622793074088
-8.638870910238797
-8.574754821551991
-8.567138018076434
-8.510523993633251
-8.484061626108424
-8.448706760975893
-8.430352712971679
-8.387209362512992
-8.356474822406273
-8.349374127285467
-8.32144294912207
-8.291354216839924
-8.260800225960862
-8.245292139838186
-8.236697856723005
-8.226208909341919
-8.191049607915811
-8.167874221213095
-8.126499198103248
-8.096564660214886
-8.077165929069047
-8.053976852781938
-8.039190089200265
-8.015344399267066
-8.00897021414
-7.950303693987841
-7.916487203792425
-7.898555939888348
-7.872258395322136
-7.8514277896370865
-7.840048457167491
-7.825306305795246
-7.795283662080605
-7.747426194914629
-7.734981065967078
-7.70878104000983
-7.674294455736692
-7.6394279676660135
-7.611192593871637
-7.587905631102898
-7.5609058376737
-7.508860121767245
-7.493388571620334
-7.471095123976019
-7.447338083831431
-7.407737976241033
-7.368837999344588
-7.362205922034992
-7.361360306635844
-7.30961416734219
-7.284292250411154
-7.274162416969641
-7.229722821036337
-7.214006943900523
-7.1541998836951
-7.14223346289475
-7.129647289465364
-7.112119440029852
-7.041829502915041
-7.033559084767454
-7.0233045299508765
-7.0005186735936045
-6.987396825053251
-6.954696951038376
-6.918131724546462
-6.889113456896219
-6.872623869663603
-6.82670944790016
-6.8058064277423975
-6.792773393998362
-6.782057973946221
-6.751837427372606
-6.734513503256099
-6.704050278833098
-6.691049780501239
-6.658018859334331
-6.647736530317023
-6.595946331604704
-6.589119108196558
-6.535695501844669
-6.500466484647683
-6.4667810917819475
-6.439558530859668
-6.3973031988579905
-6.375980543590428
-6.3139946848038075
-6.288676792237173
-6.257641091483249
-6.232722741315804
-6.1788744818083385
-6.140578620004289
-6.110797660647311
-6.078209317192423
-6.062865031332791
-6.043317247495421
-5.989072274445313
-5.916145917849521
-5.8830245781039565
-5.866224424918759
-5.7867957517929085
-5.719090954296024
-5.656372781814919
-5.619064996153995
-5.560967150119929
-5.507547262322959
-5.4934327830447405
-5.44970324119635
-5.382881995493001
-5.316227330702175
-5.2942278991775105
-5.280148790020374
-5.244240451573657
-5.139575538055364
-5.108632439257997
-5.053691053769773
-4.9534295595146
-4.9269525317135345
-4.751828891901252
-4.663968957535338
-4.64333231139754
-4.506590064968024
-4.411801604135591
-4.161793600177539
-3.856969782886901
-3.5576767720855282
-3.3164792658139355
-2.0640301213921466e-05
-6.778575481316922e-07
6.775027967478508e-07
2.0640654727459764e-05
3.316479265806458
3.5576767720851015
3.8569697828767957
4.161793600174094
4.4118016234547985
4.506590045683
4.643332311360765
4.6639689766249175
4.7518288919179845
4.926952512975715
4.9534295788949665
5.053691053758622
5.10863243927748
5.139575534200868
5.2442404369541515
5.2801487897278605
5.294227898852664
5.316227330283885
5.382881992723807
5.4497032568367425
5.493432785990912
5.507547262513645
5.560967145720264
5.619064991466841
5.656372771806082
5.719090955362137
5.786795751791157
5.866224428759816
5.883024585139242
5.916145923447599
5.989072273209596
6.043317256588143
6.062865026378334
6.07820931451115
6.110797659068861
6.140578620122058
6.178874481785534
6.23272274239734
6.257641081240512
6.288676787566211
6.3139946803560925
6.37598054166723
6.397303198247931
6.439558532062822
6.466781088642807
6.500466485146365
6.535695503513116
6.589119108532783
6.595946339363014
6.647736532799785
6.658018861110781
6.691049781549397
6.704050281369844
6.734513504390842
6.751837425850616
6.782057972041488
6.792773392198428
6.805806432351741
6.826709449411146
6.8726238695358
6.889113457324076
6.918131726801444
6.954696951317167
6.987396824718827
7.0005186736977265
7.023304528677117
7.033559083707035
7.041829499300816
7.112119442890483
7.129647288636947
7.1422334636728335
7.154199882930675
7.214006943110195
7.229722818581021
7.274162409193421
7.284292250019049
7.309614170473716
7.3613603035743465
7.362205922125247
7.368838000745866
7.407737975970057
7.4473380825452224
7.471095124324259
7.493388573905428
7.508860122562268
7.560905838008139
7.587905630778887
7.611192594286968
7.639427970025642
7.674294455037827
7.708781040661855
7.7349810656939315
7.747426191044153
7.795283663529696
7.825306306889658
7.840048456014084
7.851427788856991
7.872258398289864
7.89855594058085
7.916487205848767
7.950303694335402
8.008970212399637
8.01534440127451
8.039190087591892
8.053976852839606
8.077165927615004
8.096564662358674
8.126499198802355
8.16787422002969
8.191049608960615
8.226208909548005
8.23669785732907
8.24529213933378
8.260800225812181
8.291354217528617
8.321442947505378
8.349374125176006
8.35647482165383
8.387209361957092
8.430352713571569
8.448706759483295
8.484061628801472
8.51052399588105
8.567138019768162
8.574754821707673
8.63887091070695
8.66762279107479
8.69040943492879
8.693024709802154
8.709103895410196
8.72539959160617
8.749451629315315
8.80571374580453
8.838825983439563
8.8646737775418
8.8948985890856
8.925322261195701
8.942302142302609
8.982093196603897
9.031151212891153
9.081117436996513
9.10647835040399
9.138177791242743
9.20203043953414
9.281098986332537
9.305562760422681
9.31523347752687
9.413485853414866
9.465024841102775
9.469217060013495
9.506285726867205
9.539638664789384
9.604193308698676
9.663082775621545
9.69639963886986
9.77295838241109
9.808209297932036
9.844970372017153
9.946003968312805
10.160868461480652
