-1.0879494768277629
-1.0873978212471023
-1.0858730637450948
-1.084931483069099
-1.0837638447326652
-1.0832732832016796
-1.0803658440371018
-1.0796185897580244
-1.0640174526889332
-1.0635449339568999
-1.0577195738553644
-1.0568151743819272
-1.0426998986043094
-1.041965531732414
-1.0376284847680894
-1.0367160119542298
-1.0139288306250855
-1.0129399121544256
-1.00541014573728
-1.0041409311937088
-0.9849975637611329
-0.9837858764019142
-0.9718511313468948
-0.9711867669127825
-0.9635997357980798
-0.9628002168338551
-0.9624120694834767
-0.9619758158993869
-0.9451082335276306
-0.9446699280536595
-0.9412831717374895
-0.9408070602324999
-0.9398509963435381
-0.9394427364055088
-0.9329973436923596
-0.9321078791854219
-0.9300661661276355
-0.9296386689719919
-0.9209284221067356
-0.9206232192211845
-0.9101072972898516
-0.9095316667302378
-0.9071749205178059
-0.9064468123939303
-0.8960814106810564
-0.8954989274187096
-0.8931342980070531
-0.8921441461574245
-0.8625433825989851
-0.8619026796918631
-0.8531119182517021
-0.8518426436762078
-0.8325896408850151
-0.8319214396286206
-0.8314481015684657
-0.8310543313745303
-0.8203489728027064
-0.8198112154567305
-0.8165945890551506
-0.8160199612976355
-0.8122163924915414
-0.8115552497132695
-0.8096245860234399
-0.8091262269157273
-0.8024284226299443
-0.8016434604545538
-0.8009272520908838
-0.8004965583629846
-0.7846957849689455
-0.7844406577405175
-0.783097430264477
-0.7824391532720303
-0.7720223571277651
-0.7716817515359318
-0.7655350812839307
-0.7651654670700624
-0.7553023499035939
-0.7548845208186196
-0.7520528695884181
-0.751412661034766
-0.7404699820437042
-0.7397762249024731
-0.7122420638057109
-0.7120075921974324
-0.706790961449418
-0.7061858404149998
-0.6978625146458881
-0.69773933159995
-0.6578552198149166
-0.6576534453616633
-0.6372241175107668
-0.6370348713119925
-0.5983021027036831
-0.5976590068531363
-0.5898941728509965
-0.5876980742580726
-0.5793214935322722
-0.5791042056490172
-0.5465259122356225
-0.5445855439239988
-0.5193356449667713
-0.5190198436612132
-0.5075024344648015
-0.5070960178860512
-0.4712143668805695
-0.4708595809178011
-0.4665418031880523
-0.46641177102714326
-0.17869696224401332
-0.1784936090789181
-0.1772359820942536
-0.17719602589712002
-0.16917722600997895
-0.16901721611810389
-0.16591967711440472
-0.16562208910766793
-0.15799592304115928
-0.15760091792915343
-0.14405693342394052
-0.14374943679892038
-0.13910118371848623
-0.13872032347039112
-0.1366508051585207
-0.1364331549874192
-0.034386842891542195
-0.034270481238329625
-0.010162803665289127
-0.01010687018887974
0.010106870188880079
0.010162803665289289
0.03427048123832986
0.03438684289154234
0.13643315498741937
0.13665080515852077
0.13872032347039126
0.1391011837184862
0.14374943679892052
0.1440569334239408
0.15760091792915376
0.1579959230411596
0.16562208910766782
0.16591967711440506
0.169017216118104
0.16917722600997934
0.17719602589712058
0.17723598209425342
0.178493609078918
0.17869696224401335
0.46641177102714315
0.4665418031880521
0.4708595809178012
0.4712143668805695
0.5070960178860507
0.5075024344648011
0.5190198436612133
0.5193356449667706
0.5445855439239987
0.5465259122356224
0.5791042056490172
0.5793214935322721
0.5876980742580726
0.5898941728509964
0.5976590068531362
0.598302102703683
0.6370348713119925
0.637224117510767
0.6576534453616634
0.6578552198149167
0.6977393315999499
0.697862514645888
0.7061858404149998
0.706790961449418
0.7120075921974324
0.7122420638057108
0.7397762249024729
0.7404699820437038
0.7514126610347655
0.7520528695884179
0.7548845208186195
0.7553023499035935
0.7651654670700627
0.7655350812839307
0.7716817515359317
0.7720223571277651
0.7824391532720304
0.7830974302644769
0.7844406577405171
0.7846957849689458
0.8004965583629847
0.8009272520908836
0.801643460454554
0.8024284226299443
0.8091262269157273
0.8096245860234399
0.8115552497132701
0.8122163924915415
0.8160199612976355
0.8165945890551514
0.8198112154567305
0.8203489728027064
0.8310543313745304
0.8314481015684658
0.8319214396286199
0.832589640885015
0.8518426436762077
0.8531119182517021
0.8619026796918627
0.862543382598985
0.8921441461574243
0.893134298007053
0.8954989274187096
0.8960814106810563
0.9064468123939301
0.9071749205178055
0.9095316667302378
0.9101072972898518
0.9206232192211843
0.9209284221067356
0.9296386689719919
0.9300661661276353
0.932107879185422
0.9329973436923599
0.9394427364055088
0.9398509963435381
0.9408070602324997
0.9412831717374893
0.9446699280536599
0.9451082335276304
0.9619758158993867
0.9624120694834757
0.9628002168338544
0.9635997357980793
0.9711867669127825
0.9718511313468947
0.9837858764019142
0.9849975637611321
1.0041409311937088
1.00541014573728
1.0129399121544256
1.013928830625086
1.0367160119542298
1.0376284847680897
1.0419655317324141
1.0426998986043097
1.0568151743819272
1.057719573855364
1.0635449339568999
1.064017452688933
1.0796185897580244
1.0803658440371016
1.0832732832016794
1.0837638447326656
1.0849314830690988
1.085873063745095
1.0873978212471023
1.0879494768277624
