-1.108424959455722
-1.1079737878173508
-1.1045654232023485
-1.104030685905961
-1.1038144909760865
-1.1033680125129455
-1.0982191147951958
-1.0975846859209808
-1.078842565198661
-1.0785351778813654
-1.0707610719947174
-1.070114821309896
-1.0684367877404015
-1.067720885252336
-1.0612490363563276
-1.060357805136591
-1.0437790026308174
-1.0431367306395813
-1.0365587943785761
-1.036210186285477
-1.034707584955969
-1.0341686019569725
-1.0236835647870994
-1.0231026176376408
-1.014881332712991
-1.0141784598848864
-1.0126940552195398
-1.0121275194220143
-0.9993612928777273
-0.9987471750089785
-0.9981001257273435
-0.9977143175107374
-0.9917122470385094
-0.9909829536027761
-0.9897922719149649
-0.9896702764869165
-0.9771419092955872
-0.9762899405629395
-0.9760541024944224
-0.9752344132588503
-0.9738844615907235
-0.9737066151127065
-0.9707106626266944
-0.9705264042790188
-0.958129596105704
-0.95759599707664
-0.955026027868624
-0.9545542539699021
-0.94694112913777
-0.9459671723600288
-0.9413060221768129
-0.9407234150131487
-0.9384552454969266
-0.9379457528404151
-0.9339031077694644
-0.9336393507079581
-0.921672550383804
-0.9211950266606765
-0.9169074927036414
-0.9164149981323136
-0.9082228557142076
-0.907991255081737
-0.902887623215946
-0.9023123105103863
-0.901600479415046
-0.9013999999168985
-0.8957170439722839
-0.8953580223681038
-0.8874529288702228
-0.8867900654403555
-0.8830413822355152
-0.8827436310621274
-0.8739804991815642
-0.8735165452428538
-0.8618574984666258
-0.8613009693971564
-0.8573430159973765
-0.8569557541315487
-0.8550789686577023
-0.8544504010478676
-0.8423734901923926
-0.8413029562744665
-0.8394629401882127
-0.839018563542691
-0.8257848618522672
-0.8249486775895547
-0.8211439057225195
-0.8205460258533912
-0.8185850914377159
-0.8184831915933368
-0.8168807155733946
-0.8162926370466358
-0.805117586122683
-0.8041294154259852
-0.7996163457069787
-0.7989809264849068
-0.7846563261181208
-0.7844305585921997
-0.7728648773625467
-0.7722788862298189
-0.7676730639508718
-0.7667891371025913
-0.7649456789769983
-0.7647577856402945
-0.7506883259165081
-0.7499736769594341
-0.7408535958299204
-0.7404956882168047
-0.7324045860127664
-0.7320570590019922
-0.7289336262224
-0.7279269605161632
-0.7119040876795074
-0.7112795447523511
-0.702195094201529
-0.701285367229579
-0.6969637193003004
-0.6963157491766401
-0.6839164680601143
-0.6832549834767806
-0.6631706073814366
-0.6624459116372866
-0.6513974829752124
-0.6508719237375451
-0.6500853434669962
-0.6494538018282214
-0.64277828061235
-0.6420108789470362
0.6420108789470362
0.6427782806123497
0.6494538018282218
0.6500853434669966
0.6508719237375451
0.6513974829752119
0.6624459116372865
0.6631706073814368
0.6832549834767806
0.6839164680601144
0.6963157491766403
0.6969637193003007
0.7012853672295788
0.7021950942015289
0.7112795447523512
0.7119040876795077
0.7279269605161638
0.7289336262224002
0.7320570590019925
0.7324045860127667
0.7404956882168049
0.7408535958299204
0.7499736769594341
0.7506883259165082
0.7647577856402945
0.7649456789769987
0.7667891371025911
0.7676730639508718
0.7722788862298188
0.7728648773625463
0.7844305585921996
0.7846563261181209
0.7989809264849068
0.799616345706979
0.804129415425985
0.805117586122683
0.8162926370466359
0.8168807155733944
0.8184831915933367
0.8185850914377146
0.8205460258533911
0.8211439057225192
0.8249486775895547
0.8257848618522672
0.839018563542691
0.8394629401882127
0.8413029562744665
0.8423734901923925
0.8544504010478676
0.8550789686577022
0.8569557541315485
0.8573430159973758
0.8613009693971562
0.8618574984666257
0.8735165452428538
0.8739804991815642
0.8827436310621276
0.8830413822355162
0.8867900654403553
0.8874529288702229
0.895358022368104
0.8957170439722842
0.9013999999168985
0.901600479415046
0.9023123105103864
0.9028876232159465
0.9079912550817363
0.9082228557142076
0.9164149981323134
0.9169074927036415
0.9211950266606765
0.9216725503838038
0.9336393507079584
0.9339031077694643
0.9379457528404153
0.9384552454969265
0.9407234150131488
0.9413060221768134
0.945967172360029
0.9469411291377702
0.9545542539699023
0.9550260278686242
0.9575959970766401
0.9581295961057043
0.9705264042790188
0.9707106626266946
0.9737066151127067
0.9738844615907235
0.9752344132588505
0.976054102494424
0.9762899405629399
0.9771419092955874
0.9896702764869163
0.9897922719149647
0.9909829536027761
0.9917122470385091
0.9977143175107371
0.9981001257273435
0.9987471750089785
0.9993612928777269
1.012127519422014
1.0126940552195403
1.0141784598848864
1.0148813327129915
1.0231026176376405
1.0236835647870994
1.0341686019569722
1.0347075849559688
1.0362101862854767
1.0365587943785757
1.043136730639581
1.0437790026308171
1.0603578051365912
1.0612490363563278
1.0677208852523363
1.0684367877404017
1.0701148213098965
1.0707610719947176
1.0785351778813654
1.078842565198661
1.097584685920981
1.098219114795196
1.1033680125129457
1.1038144909760865
1.1040306859059612
1.104565423202348
1.1079737878173508
1.1084249594557216
