-1.093696604587831
-1.0933574561403303
-1.091610194163807
-1.091236949423907
-1.08986520635869
-1.0891408806502212
-1.0858835625260015
-1.0855805717160574
-1.070162910806358
-1.0694966344793335
-1.063691230778496
-1.063645676793526
-1.0477823382033216
-1.0475726632810234
-1.0426486148791891
-1.0424349193323599
-1.0180339668635523
-1.0176661651829908
-1.0096003610629063
-1.0091712054457542
-0.9893418836788547
-0.9886989222812844
-0.9766112260500249
-0.9760402683661873
-0.9692157704749235
-0.9690636037337602
-0.9676362756583499
-0.9675752593902961
-0.9502271448860123
-0.9494067403510771
-0.9462223451678548
-0.9455873322552032
-0.9448480870956493
-0.9440060338508829
-0.9374058918384578
-0.9369195989223027
-0.9358412468737752
-0.934832805067344
-0.9260143367233729
-0.9257167863106677
-0.9148044351386013
-0.9145614367965221
-0.9124441732441539
-0.9118921714935724
-0.9010239251069087
-0.9004892771329406
-0.8973975074210512
-0.8969581849481097
-0.8669030233883944
-0.8661674499939028
-0.8569772845936834
-0.8564014775424064
-0.836824558668524
-0.8363703035839445
-0.8358224717458574
-0.8354354079348842
-0.8241833912287148
-0.8238973407833731
-0.8207551369577744
-0.8206461275082015
-0.8159714146748538
-0.8156885881744579
-0.8135756093217013
-0.8132594633794007
-0.8066750592208021
-0.8061679917050358
-0.8059690117107604
-0.805254025911407
-0.7893272964860221
-0.7889412318439007
-0.7873511020844326
-0.7872305966636338
-0.7761024250322944
-0.7756245069374464
-0.7696807385485916
-0.7695892869270081
-0.7592862828445186
-0.7590828424936557
-0.7558198665665037
-0.7556483076295278
-0.744292309974594
-0.7439956102401691
-0.7162089850397809
-0.7158207864353279
-0.710627128913247
-0.709733084551612
-0.7016863462404356
-0.7015448006171866
-0.6609577803639366
-0.6605503876655596
-0.6405318034710593
-0.6397027675436203
-0.6013164146902976
-0.6006822118633269
-0.5920564366232749
-0.5915295072051661
-0.582667196687668
-0.5816937351992659
-0.5483577464780124
-0.5479801678680932
-0.5213281086463424
-0.5211526347213281
-0.5094617278594814
-0.5089971783148886
-0.47452756561306103
-0.47342994136283795
-0.46952910504399664
-0.46856553453802074
-0.1799121448468742
-0.17958825585557625
-0.17837528769464364
-0.17804196239594433
-0.1701671991023096
-0.16996884888628408
-0.16665622667149715
-0.1665291712586829
-0.15894661304068014
-0.15839707222406232
-0.1448862420008174
-0.14466635081238946
-0.13989121844183725
-0.13959348343763045
-0.13754420215964197
-0.13720324483636737
-0.034560162974486795
-0.03450897936017016
-0.01018659279105384
-0.010176775815362976
0.01017677581536277
0.010186592791053618
0.03450897936017034
0.03456016297448695
0.13720324483636695
0.13754420215964192
0.13959348343763037
0.13989121844183727
0.1446663508123895
0.1448862420008174
0.15839707222406213
0.15894661304068053
0.16652917125868313
0.16665622667149743
0.16996884888628427
0.17016719910230954
0.17804196239594478
0.17837528769464384
0.17958825585557658
0.17991214484687407
0.46856553453802086
0.4695291050439968
0.47342994136283795
0.4745275656130608
0.5089971783148884
0.5094617278594816
0.521152634721328
0.521328108646342
0.5479801678680929
0.548357746478012
0.5816937351992658
0.5826671966876675
0.5915295072051662
0.5920564366232753
0.6006822118633273
0.6013164146902976
0.6397027675436202
0.6405318034710595
0.6605503876655598
0.6609577803639369
0.7015448006171864
0.7016863462404355
0.709733084551612
0.7106271289132473
0.7158207864353278
0.716208985039781
0.7439956102401692
0.7442923099745934
0.7556483076295277
0.7558198665665035
0.7590828424936559
0.7592862828445184
0.7695892869270085
0.7696807385485916
0.7756245069374463
0.7761024250322943
0.7872305966636338
0.7873511020844324
0.7889412318439005
0.7893272964860218
0.8052540259114073
0.8059690117107604
0.8061679917050362
0.806675059220802
0.8132594633794004
0.8135756093217013
0.815688588174458
0.8159714146748539
0.8206461275082015
0.8207551369577742
0.823897340783373
0.8241833912287146
0.8354354079348842
0.8358224717458573
0.8363703035839446
0.8368245586685238
0.856401477542406
0.8569772845936832
0.8661674499939025
0.8669030233883943
0.8969581849481095
0.897397507421051
0.9004892771329406
0.9010239251069087
0.9118921714935724
0.9124441732441539
0.9145614367965219
0.9148044351386013
0.9257167863106683
0.9260143367233726
0.9348328050673438
0.9358412468737751
0.9369195989223027
0.9374058918384576
0.9440060338508829
0.944848087095649
0.9455873322552034
0.9462223451678548
0.9494067403510769
0.9502271448860121
0.9675752593902965
0.9676362756583501
0.9690636037337609
0.9692157704749235
0.9760402683661873
0.9766112260500249
0.9886989222812844
0.9893418836788547
1.009171205445754
1.0096003610629067
1.0176661651829906
1.0180339668635519
1.0424349193323599
1.0426486148791891
1.0475726632810234
1.0477823382033211
1.063645676793526
1.0636912307784956
1.0694966344793335
1.0701629108063575
1.0855805717160574
1.0858835625260017
1.0891408806502212
1.0898652063586904
1.0912369494239067
1.0916101941638072
1.0933574561403305
1.0936966045878311
