-8.150588767983649
-8.142945076722956
-8.132809173735666
-8.123600561639684
-8.118822253877202
-8.116985478695801
-8.09402011379282
-8.088006623766052
-8.004594763845716
-7.99459888596151
-7.9647447137516805
-7.956597021993821
-7.953981447160523
-7.951772659163253
-7.920827822922157
-7.914066714081272
-7.838204731206158
-7.8314406180380765
-7.8038134196169535
-7.800957964296287
-7.795389675206122
-7.794108399340136
-7.748571240369451
-7.742407080192983
-7.707532887102867
-7.69618920878876
-7.68395289428258
-7.6743375007747225
-7.6424632048323815
-7.638688697050666
-7.633232508109423
-7.631097753356074
-7.587005897422015
-7.586353029288752
-7.58398133978791
-7.5739275482731045
-7.518893159160332
-7.514109586971825
-7.511477030730326
-7.507618856088144
-7.50521039716412
-7.501325206536363
-7.499356729191581
-7.48906294066881
-7.424350648952955
-7.421615153071165
-7.417197254166058
-7.410043727050635
-7.366131825153768
-7.359324105005988
-7.350148361630401
-7.347072612504073
-7.33978860138046
-7.333973517765208
-7.318679733815463
-7.312195031209229
-7.251202600516406
-7.249369393145159
-7.244476224739578
-7.236464101842551
-7.185903008684258
-7.180122005559276
-7.175162537506567
-7.171782256929087
-7.165425473239053
-7.160146487849219
-7.154381338552555
-7.149072531366904
-7.100922086427815
-7.093866507967967
-7.0888113108992785
-7.085891493676156
-7.034266645639551
-7.026859785520757
-6.985552042851211
-6.978466684093483
-6.976161930484653
-6.975893904067879
-6.964425190385285
-6.960330770500263
-6.907194652417915
-6.902597516369845
-6.899328697853434
-6.892465857994545
-6.8210515493978745
-6.814894060563608
-6.807869504751931
-6.805256918340323
-6.8013175369950245
-6.797284658509517
-6.7971202086122355
-6.784831628079721
-6.727793692749371
-6.726163817708098
-6.718762639128797
-6.7096455697791475
-6.645793243073998
-6.633039312222757
-6.61060933752662
-6.609711928419626
-6.589679235729234
-6.583277035277659
-6.5806814835501655
-6.565053548342175
-6.506112650764736
-6.500434670930182
-6.462587578286972
-6.454353405937652
-6.444714637060585
-6.439630345475155
-6.418325898911335
-6.416108576131432
-6.347522949943665
-6.340312422891389
-6.302297377284496
-6.294459624585605
-6.29215253931953
-6.284621399284464
-6.237068720034506
-6.231787681233112
-6.139666269546764
-6.134684961726881
-6.097457252561834
-6.09314007610347
-6.08897471429159
-6.082181476934174
-6.061509679321777
-6.0568147021142735
6.056814702114277
6.0615096793217775
6.082181476934174
6.088974714291591
6.093140076103467
6.097457252561833
6.134684961726881
6.1396662695467645
6.2317876812331106
6.237068720034506
6.284621399284466
6.292152539319532
6.29445962458561
6.302297377284496
6.340312422891391
6.347522949943664
6.416108576131433
6.418325898911339
6.439630345475157
6.444714637060585
6.454353405937652
6.462587578286972
6.500434670930182
6.506112650764737
6.565053548342175
6.580681483550163
6.58327703527766
6.5896792357292355
6.609711928419626
6.610609337526621
6.633039312222759
6.6457932430739985
6.709645569779148
6.718762639128798
6.7261638177080965
6.727793692749369
6.784831628079722
6.797120208612233
6.797284658509514
6.801317536995024
6.805256918340323
6.80786950475193
6.814894060563608
6.821051549397873
6.892465857994545
6.899328697853437
6.902597516369845
6.907194652417914
6.9603307705002635
6.9644251903852865
6.975893904067879
6.976161930484656
6.978466684093487
6.985552042851208
7.026859785520757
7.034266645639552
7.085891493676157
7.0888113108992785
7.093866507967968
7.100922086427814
7.149072531366905
7.154381338552554
7.160146487849218
7.165425473239057
7.171782256929091
7.175162537506571
7.180122005559275
7.185903008684255
7.236464101842552
7.244476224739576
7.24936939314516
7.2512026005164065
7.31219503120923
7.318679733815463
7.333973517765208
7.339788601380459
7.347072612504073
7.350148361630402
7.35932410500599
7.366131825153768
7.4100437270506365
7.41719725416606
7.421615153071165
7.424350648952956
7.48906294066881
7.499356729191581
7.501325206536353
7.50521039716412
7.507618856088144
7.5114770307303305
7.514109586971827
7.518893159160332
7.573927548273103
7.583981339787909
7.586353029288752
7.587005897422016
7.631097753356076
7.63323250810943
7.638688697050668
7.642463204832383
7.674337500774721
7.68395289428258
7.69618920878876
7.707532887102865
7.742407080192983
7.748571240369449
7.794108399340136
7.795389675206126
7.800957964296287
7.8038134196169535
7.831440618038078
7.838204731206156
7.914066714081274
7.920827822922156
7.951772659163251
7.953981447160519
7.956597021993819
7.96474471375168
7.994598885961507
8.004594763845715
8.08800662376605
8.09402011379282
8.116985478695804
8.1188222538772
8.123600561639684
8.132809173735662
8.142945076722954
8.150588767983649
