-2.6061992404529803
-2.6061992271584242
-2.5957604611466856
-2.595760461019297
-2.592971598268297
-2.5929715976400236
-2.5772729887450563
-2.577272975757214
-2.5188272995102863
-2.5188272897965316
-2.495248822937779
-2.495248820633022
-2.4665269628208977
-2.4665269602168562
-2.4472395825650866
-2.447239575101793
-2.3823442697394253
-2.382344263916637
-2.352558942229766
-2.3525589386818706
-2.306251741809447
-2.306251734069489
-2.2891335847168186
-2.2891335779043342
-2.285938752610914
-2.285938747128877
-2.242828570576384
-2.2428285664363194
-2.2266069481881083
-2.2266069444998564
-2.1995059651775777
-2.199505965035161
-2.172750853631864
-2.17275085224716
-2.154071427844777
-2.154071422030729
-2.144612774357801
-2.1446127647650366
-2.120375520273718
-2.1203755155610304
-2.115443912556548
-2.1154439042837665
-2.1152462280554816
-2.1152462269622725
-2.0932533210483153
-2.0932533200195818
-2.0629166363523246
-2.062916633379431
-2.0360488499404314
-2.0360488436972495
-2.0312887078739106
-2.031288705340005
-2.015832565381272
-2.0158325636900867
-1.979976343571392
-1.9799763417494223
-1.9633301677949295
-1.963330166280502
-1.940124983114496
-1.940124979683785
-1.9177788193318583
-1.9177788172705583
-1.891880814766466
-1.891880813265571
-1.8533987838506427
-1.8533987818043836
-1.8237355405444484
-1.8237355381720384
-1.8060496818656857
-1.8060496717317127
-1.7882936123678488
-1.7882936120414041
-1.7745214897332016
-1.7745214879788513
-1.7160815589543883
-1.7160815563702838
-1.6587539344926912
-1.6587539306464856
-1.6503786523792954
-1.650378651937411
-1.6259073021957893
-1.62590729780965
-1.5792176094716959
-1.5792176060198184
-1.5712634657101252
-1.5712634603405065
-1.5525022163675124
-1.5525022162523447
-1.530887437448313
-1.5308874352558661
-1.5179290353021815
-1.5179290304306563
-1.479111852283399
-1.4791118453610939
-1.4128470231744565
-1.4128470208885417
-1.3869241824095913
-1.3869241793948324
-1.2966085201628939
-1.2966085166282582
-1.2791901518147681
-1.2791901434572985
-1.2350985231050002
-1.2350985223819082
-1.1755872063299966
-1.1755872019234517
-1.1554720744833322
-1.1554720739908764
-0.9945547183860503
-0.9945547127070988
-0.9847123495705057
-0.9847123460747328
-0.9392578535125299
-0.9392578505982573
-0.8995316474654733
-0.8995316473914823
-0.855901257217881
-0.8559012556426636
-0.7959112929886446
-0.7959112849143509
-0.7280213227587463
-0.7280213125637527
-0.6660136899214515
-0.6660136896093609
-0.6148958390209148
-0.6148958366601486
-0.5634693325543745
-0.5634693220329878
0.5634693220329876
0.5634693325543735
0.6148958366601494
0.6148958390209146
0.6660136896093607
0.6660136899214506
0.7280213125637517
0.7280213227587471
0.7959112849143515
0.7959112929886444
0.855901255642664
0.8559012572178814
0.8995316473914822
0.8995316474654735
0.9392578505982571
0.9392578535125304
0.9847123460747333
0.9847123495705058
0.9945547127070992
0.9945547183860501
1.1554720739908766
1.1554720744833311
1.175587201923452
1.1755872063299964
1.2350985223819078
1.2350985231050002
1.2791901434572976
1.2791901518147673
1.2966085166282573
1.296608520162893
1.3869241793948326
1.3869241824095917
1.4128470208885413
1.4128470231744563
1.4791118453610934
1.4791118522833995
1.5179290304306559
1.5179290353021802
1.530887435255866
1.5308874374483137
1.5525022162523439
1.5525022163675113
1.5712634603405065
1.5712634657101254
1.5792176060198178
1.5792176094716959
1.6259072978096494
1.6259073021957888
1.650378651937411
1.6503786523792945
1.6587539306464851
1.6587539344926916
1.7160815563702834
1.7160815589543883
1.7745214879788511
1.7745214897332013
1.7882936120414041
1.7882936123678483
1.8060496717317132
1.8060496818656855
1.8237355381720384
1.8237355405444478
1.8533987818043838
1.853398783850642
1.8918808132655711
1.891880814766465
1.9177788172705579
1.9177788193318583
1.9401249796837847
1.940124983114496
1.9633301662805016
1.9633301677949293
1.9799763417494216
1.9799763435713917
2.0158325636900862
2.0158325653812725
2.031288705340007
2.0312887078739097
2.0360488436972495
2.0360488499404306
2.062916633379431
2.062916636352325
2.0932533200195818
2.093253321048316
2.1152462269622716
2.1152462280554825
2.115443904283767
2.115443912556549
2.12037551556103
2.1203755202737167
2.144612764765038
2.1446127743578014
2.1540714220307287
2.154071427844777
2.1727508522471606
2.1727508536318645
2.1995059650351614
2.1995059651775772
2.2266069444998577
2.2266069481881083
2.2428285664363194
2.242828570576384
2.2859387471288786
2.2859387526109147
2.289133577904334
2.2891335847168177
2.306251734069489
2.306251741809447
2.35255893868187
2.3525589422297655
2.382344263916638
2.382344269739425
2.447239575101792
2.447239582565087
2.4665269602168562
2.4665269628208972
2.495248820633023
2.4952488229377794
2.5188272897965316
2.5188272995102867
2.577272975757213
2.5772729887450563
2.592971597640023
2.592971598268297
2.5957604610192955
2.5957604611466856
2.6061992271584247
2.6061992404529826
