-8.044214627511723
-8.042671013590192
-8.03633374783416
-8.035162153468411
-8.024415643132414
-8.022556148186894
-8.010398844413425
-8.007495520754503
-7.937424461743414
-7.934622887224939
-7.90895030993703
-7.907930408715154
-7.820074999703706
-7.817951056041669
-7.795523280455983
-7.791977495942865
-7.676192761954495
-7.671092790538666
-7.637356125942841
-7.635273251328081
-7.533788179753383
-7.530977836369099
-7.480468550405916
-7.475051874467264
-7.427542389893479
-7.424352533345361
-7.415962536477915
-7.411527142446357
-7.350106897210669
-7.346754133608076
-7.3015308901474905
-7.298750810970657
-7.292319175278141
-7.289347200815991
-7.285336816261382
-7.283923338102002
-7.283266258740918
-7.27935925557692
-7.222070021980288
-7.219271854957956
-7.169599017825705
-7.16649549811315
-7.156113636195911
-7.150688890478461
-7.093133868074696
-7.08780975613802
-7.052714119921331
-7.050193831523854
-6.933164415080233
-6.932620868780469
-6.897686755514611
-6.894083100649375
-6.739018342312611
-6.7361656726145664
-6.716408716289119
-6.712441624036877
-6.580423274159303
-6.578872359481054
-6.571487490696608
-6.567644113431711
-6.532189250647296
-6.531077404671663
-6.515991119595318
-6.513434784501161
-6.481791080305802
-6.480197979641944
-6.4760204477522025
-6.470068076303293
-6.017616495219441
-6.015032951375954
-6.009317092631265
-6.005434355036899
-5.894657962481604
-5.89170402934774
-5.865960889175195
-5.864588065215022
-5.706940962083608
-5.703553788152182
-5.677045447928734
-5.674339140989213
-5.665888300968255
-5.661577097127234
-5.538062766286058
-5.533829530476815
-5.395506924201264
-5.391629440971516
-5.344100249594872
-5.340914082400172
-5.076670636040211
-5.072211662976339
-5.015672425904182
-5.012197395677797
-4.763252654158508
-4.75994076555322
-4.744906313514748
-4.739414698846764
-4.712745823771703
-4.709992718125227
-4.610948031672994
-4.607396414879119
-4.424625479453985
-4.421684827826373
-4.39490756983827
-4.392783519041149
-4.209947535755361
-4.207732993350619
-4.200066386074904
-4.195919999454969
-0.7511537187500226
-0.7504287905421198
-0.748003436667496
-0.7468867654223534
-0.7291477282534787
-0.728894580580517
-0.7224494259690113
-0.7212917047895123
-0.7066209461316011
-0.7059571314252158
-0.6757292648026135
-0.6756039325114631
-0.6747264631467951
-0.673308429936836
-0.669111730940905
-0.6680826085612471
-0.0542487597063485
-0.05407661367360785
-0.0034791777738960635
-0.0034628888678417775
0.003462895137669503
0.0034791715087136295
0.05407661365831285
0.05424875980257284
0.6680826084873214
0.669111730996542
0.6733084287180098
0.6747264633392221
0.6756039326291696
0.6757292656886028
0.7059571313673796
0.7066209461840077
0.721291705553833
0.722449425289564
0.7288945804441269
0.7291477283606117
0.7468867655246505
0.7480034366044455
0.7504287909055737
0.7511537182826851
4.195919984075745
4.200066397541474
4.2077329925920335
4.20994754043318
4.392783517326499
4.3949075711602354
4.421684826941217
4.424625480760643
4.607396407634325
4.610948038458462
4.709992707839914
4.7127458330296115
4.739414692533793
4.744906320283198
4.759940758367407
4.763252662393566
5.012197393945527
5.015672427668788
5.07221166357844
5.076670635378188
5.340914082262751
5.344100249442967
5.391629438969027
5.395506926529635
5.533829527031129
5.5380627695155225
5.661577086873352
5.665888309788687
5.674339135524853
5.6770454535959285
5.703553784616559
5.706940967009456
5.864588075470325
5.865960879636335
5.891704031420977
5.894657959664075
6.005434339968972
6.009317100766745
6.0150329527826605
6.017616500726907
6.470068070667806
6.4760204518057165
6.480197977999101
6.4817910835531665
6.513434781397026
6.5159911229546434
6.531077410658118
6.532189244657603
6.567644108806888
6.571487495264641
6.578872355831344
6.58042327794897
6.712441622030314
6.7164087176327465
6.7361656701015935
6.739018345157167
6.894083100866961
6.897686755262939
6.932620870742893
6.933164412873007
7.0501938314890875
7.052714120207236
7.087809757603178
7.09313386681877
7.150688894072051
7.156113634158652
7.166495504043329
7.169599010308903
7.21927185437886
7.222070021874164
7.2793592509658795
7.283266258139373
7.283923338114174
7.285336819879121
7.289347196420441
7.292319181007589
7.298750801748672
7.3015308992359955
7.346754134844196
7.350106896123268
7.411527149919139
7.4159625319269145
7.424352535381027
7.4275423859628065
7.475051875801012
7.480468548972631
7.530977836552832
7.5337881791024
7.635273252454424
7.637356125015757
7.671092790882752
7.676192761836952
7.791977492080841
7.795523283773851
7.81795105544464
7.820075000671449
7.907930408313503
7.908950309564015
7.93462288217201
7.937424467591631
8.007495513385154
8.010398851405876
8.022556145386233
8.024415648113164
8.035162155634989
8.036333743623805
8.04267101101443
8.04421463034656
