-1.2648947927322853
-1.2596763324362215
-1.2317127375677677
-1.2263496695977503
-1.212416874658524
-1.2106855017081015
-1.2011815897986797
-1.1883174779270285
-1.1698818020567265
-1.1671402055022364
-1.1658121110305422
-1.1437628597529583
-1.1383243940731071
-1.1274020018609694
-1.1270573858069555
-1.1227004591162806
-1.117103719411287
-1.1118416363839732
-1.1032972194012036
-1.0964420530088999
-1.0923354195318282
-1.0880520176255035
-1.08282731954177
-1.0725809209632484
-1.0689740465487056
-1.0593591002474387
-1.0578878599574073
-1.0555529604844647
-1.0527026377095643
-1.0460919405517144
-1.0389550194598962
-1.036371713177564
-1.0263662348596583
-1.015325722904554
-1.0103223635016176
-1.0031579317606116
-1.0002339821577217
-0.996511763957366
-0.9812911858581016
-0.975915418846383
-0.9639912058240651
-0.9631381125171987
-0.9605861045375532
-0.9557402101536612
-0.9518850892118194
-0.9467714400386482
-0.9365269148472878
-0.9326140772582805
-0.9245527021768348
-0.9195745581474962
-0.9163922977439101
-0.913901196677095
-0.910822768486831
-0.9081604312484921
-0.9075651055402146
-0.9026410526726865
-0.8997034883948899
-0.8978584177206441
-0.8926860696574419
-0.8858898259339775
-0.8824629054918226
-0.873575850101107
-0.8715720950878099
-0.8674141481627231
-0.8627772517677775
-0.8609196091342669
-0.8558007580061648
-0.8412107438418349
-0.8389650841487849
-0.8315888562309536
-0.8275234544125152
-0.8231619620656714
-0.8092182299994166
-0.8065393868824309
-0.7994141678165109
-0.7858106939834082
-0.7815795350363541
-0.7786522586743896
-0.7689371267944285
-0.761768490675234
-0.7513663697535923
-0.7456191703095251
-0.7381660287165199
-0.7307304459585939
-0.7238766220482713
-0.7217767526018469
-0.7158350093759789
-0.7139485384301187
-0.7093893916521968
-0.698746154466133
-0.6965855073954359
-0.6706477300188574
-0.6593427506133047
-0.654165727403754
-0.6494615386244985
-0.6468188396639151
-0.6338117712668073
-0.6327109183252391
-0.6247512944465579
-0.5952794197256503
-0.5691819843064923
-0.5549460489417611
-0.5360570162156144
-0.5186775563911151
-0.4879347257426841
-0.48499585852083166
-0.41361366740530336
-0.35636988348006393
-0.2308309330007951
-0.2299703255443893
-0.22588801727214128
-0.21025679153429103
-0.20332866141029476
-0.19450306483190352
-0.1867248953649387
-0.18581099440966115
-0.16764154420039135
-0.16373059861681888
-0.1581266676877025
-0.14757233051016017
-0.1402191139268552
-0.12000958568204287
-0.1193559475754882
-0.11139905279242952
-0.054569704331190926
-0.03477048643695478
-0.028805506461958397
-0.0014624035920924043
0.0014624035920924405
0.02880550646195839
0.034770486436954906
0.054569704331190697
0.11139905279242956
0.11935594757548831
0.12000958568204287
0.14021911392685574
0.14757233051016025
0.1581266676877033
0.16373059861681874
0.1676415442003913
0.18581099440966126
0.18672489536493878
0.19450306483190377
0.2033286614102949
0.21025679153429103
0.22588801727214128
0.22997032554438934
0.23083093300079505
0.3563698834800643
0.4136136674053032
0.48499585852083116
0.48793472574268354
0.5186775563911147
0.5360570162156142
0.5549460489417608
0.5691819843064921
0.5952794197256499
0.6247512944465577
0.6327109183252388
0.6338117712668072
0.646818839663915
0.6494615386244985
0.6541657274037539
0.6593427506133044
0.670647730018857
0.696585507395436
0.6987461544661332
0.7093893916521968
0.7139485384301191
0.7158350093759789
0.7217767526018473
0.7238766220482709
0.7307304459585936
0.7381660287165199
0.745619170309525
0.7513663697535922
0.761768490675234
0.7689371267944284
0.7786522586743897
0.7815795350363541
0.7858106939834076
0.7994141678165106
0.8065393868824309
0.8092182299994164
0.8231619620656714
0.8275234544125151
0.8315888562309535
0.8389650841487847
0.8412107438418348
0.8558007580061642
0.8609196091342666
0.8627772517677774
0.8674141481627229
0.8715720950878099
0.8735758501011069
0.8824629054918225
0.8858898259339775
0.8926860696574419
0.8978584177206441
0.8997034883948903
0.9026410526726865
0.9075651055402151
0.9081604312484923
0.9108227684868312
0.9139011966770958
0.9163922977439098
0.9195745581474967
0.9245527021768346
0.9326140772582809
0.936526914847288
0.9467714400386484
0.9518850892118192
0.9557402101536614
0.9605861045375532
0.9631381125171988
0.9639912058240652
0.975915418846383
0.9812911858581018
0.9965117639573671
1.0002339821577217
1.0031579317606119
1.0103223635016179
1.0153257229045543
1.0263662348596585
1.0363717131775638
1.0389550194598962
1.0460919405517144
1.0527026377095643
1.055552960484464
1.0578878599574073
1.0593591002474385
1.0689740465487052
1.0725809209632482
1.0828273195417701
1.088052017625503
1.092335419531828
1.0964420530088999
1.1032972194012036
1.111841636383973
1.117103719411287
1.1227004591162801
1.1270573858069552
1.127402001860969
1.138324394073107
1.143762859752958
1.1658121110305426
1.167140205502236
1.1698818020567263
1.1883174779270282
1.2011815897986797
1.2106855017081017
1.212416874658523
1.2263496695977505
1.2317127375677674
1.259676332436221
1.2648947927322847
