-1.3012091679125304
-1.300709348747829
-1.2878043531375085
-1.2713122679393962
-1.2607537294187805
-1.2540182202548842
-1.2388578778451058
-1.2323847333297173
-1.2271286086606163
-1.2261860269527882
-1.2135568976886437
-1.1999254264204648
-1.1884410152738274
-1.1818278098883694
-1.1716731057408334
-1.170354442878726
-1.1611757021825067
-1.15516450812467
-1.1536962983641812
-1.149328971107932
-1.1390281404341132
-1.130559383524116
-1.12896696282241
-1.1206902452441712
-1.1171573431056772
-1.1123162998608995
-1.106703688944813
-1.1045912045665904
-1.100410240870072
-1.0921404829876935
-1.0899012072589622
-1.0852566726201895
-1.078310637402954
-1.0771662940493596
-1.0670795796920531
-1.0664791970008998
-1.0651365414851606
-1.0591773858420406
-1.0543103926638546
-1.0511137540048088
-1.0502075527073975
-1.041238242760512
-1.0360692991757072
-1.0348266163088873
-1.0305198243158848
-1.0284241862830903
-1.0258561850548018
-1.0223211061043422
-1.0217455283729615
-1.0171726210628587
-1.0102931785070373
-1.009225985048712
-1.0056070007467512
-0.9987000291136424
-0.9934803959110297
-0.9897995689410755
-0.9862487609279494
-0.9834963535467178
-0.9796874824605948
-0.9784646125715393
-0.9766148750180302
-0.9719668756577313
-0.9643671825717386
-0.9576229717286748
-0.9551985070171959
-0.9533264925783843
-0.951017993588378
-0.9414043877514147
-0.9397090787002687
-0.9374522807969814
-0.9309647925468854
-0.9275551431181961
-0.9264593402483775
-0.9252410947506942
-0.9199227239884809
-0.9155860395224229
-0.9103515126737941
-0.9040138381696642
-0.9004579572077401
-0.8949694746080242
-0.8909140428304515
-0.8874424095505712
-0.8830591673464845
-0.8806982142729107
-0.8755972015246196
-0.8708688919634375
-0.8643327130044361
-0.862737419786495
-0.8532482813279532
-0.8526040256444353
-0.8501613402096062
-0.8450873218102494
-0.8439864291640806
-0.8416913995212199
-0.8395684773524713
-0.8310593365000432
-0.8280557700458431
-0.8195166439654945
-0.810377828674856
-0.8078335013914143
-0.8043253616528471
-0.7942240654778543
-0.790826264883962
-0.7825895902984918
-0.7796587567659264
-0.7639880314208287
-0.7626615373289677
-0.755913906177707
-0.7547742283590188
-0.7441027550894362
-0.7406169595496759
-0.726409468637359
-0.722613309500545
-0.7094728996734461
-0.6914581183104654
-0.6783261598337292
-0.677550825348615
-0.6633765457501656
-0.6598203966246717
-0.645768725536077
-0.6437991932873609
-0.6367244276801743
-0.6204232218189664
-0.6090574776528178
-0.5900173243039473
-0.5780775761752299
-0.5690760284007078
-0.5544750723514059
0.5544750723514059
0.5690760284007076
0.5780775761752291
0.5900173243039467
0.6090574776528171
0.6204232218189659
0.6367244276801742
0.6437991932873609
0.6457687255360767
0.6598203966246718
0.6633765457501654
0.6775508253486151
0.6783261598337292
0.6914581183104657
0.7094728996734462
0.7226133095005453
0.7264094686373588
0.740616959549676
0.7441027550894364
0.7547742283590188
0.7559139061777069
0.7626615373289678
0.763988031420828
0.7796587567659264
0.7825895902984914
0.790826264883962
0.7942240654778546
0.804325361652847
0.8078335013914143
0.8103778286748561
0.8195166439654945
0.8280557700458429
0.831059336500043
0.8395684773524712
0.84169139952122
0.8439864291640806
0.8450873218102493
0.850161340209606
0.8526040256444352
0.853248281327953
0.8627374197864948
0.864332713004436
0.8708688919634375
0.8755972015246195
0.8806982142729107
0.8830591673464846
0.8874424095505713
0.8909140428304515
0.8949694746080241
0.9004579572077398
0.9040138381696642
0.9103515126737941
0.9155860395224229
0.9199227239884816
0.9252410947506942
0.9264593402483776
0.9275551431181964
0.9309647925468856
0.9374522807969813
0.9397090787002685
0.9414043877514156
0.951017993588378
0.9533264925783843
0.955198507017196
0.9576229717286749
0.9643671825717386
0.9719668756577313
0.9766148750180303
0.9784646125715392
0.9796874824605949
0.9834963535467178
0.9862487609279491
0.9897995689410755
0.9934803959110302
0.998700029113642
1.005607000746751
1.0092259850487122
1.0102931785070373
1.0171726210628584
1.0217455283729615
1.0223211061043425
1.0258561850548018
1.0284241862830905
1.030519824315884
1.0348266163088873
1.0360692991757072
1.0412382427605118
1.0502075527073973
1.051113754004809
1.0543103926638548
1.0591773858420408
1.0651365414851606
1.0664791970009
1.0670795796920531
1.0771662940493596
1.078310637402954
1.0852566726201898
1.0899012072589627
1.0921404829876937
1.1004102408700722
1.10459120456659
1.1067036889448134
1.1123162998608993
1.1171573431056772
1.1206902452441712
1.12896696282241
1.1305593835241161
1.139028140434113
1.1493289711079322
1.153696298364181
1.1551645081246702
1.1611757021825062
1.170354442878726
1.1716731057408327
1.1818278098883692
1.188441015273827
1.1999254264204648
1.2135568976886437
1.2261860269527878
1.2271286086606168
1.2323847333297169
1.2388578778451056
1.2540182202548844
1.2607537294187803
1.2713122679393958
1.2878043531375087
1.300709348747829
1.3012091679125288
