-1.256848284042138
-1.2282898220422565
-1.2271144145399644
-1.2099400732935184
-1.205569963487056
-1.2046916344595575
-1.1821353002323778
-1.1799833581006738
-1.168065083032502
-1.1579732882153912
-1.1573700548671404
-1.143199093432656
-1.1421040676545686
-1.1329895526544331
-1.1251854595895385
-1.1193953912550578
-1.1128605670335308
-1.1066408475685947
-1.1058589395168514
-1.102875018251024
-1.1013423260576658
-1.0822941221039566
-1.071420507379961
-1.066459649512986
-1.0571878001213932
-1.0530651594959994
-1.050555722411014
-1.0467703792784382
-1.0450465522850843
-1.040038409875478
-1.033343543458784
-1.0312147018731324
-1.0273010616032048
-1.0188719564392266
-1.0152319721013252
-1.0070619516413328
-1.0012195102022556
-0.9925786843774805
-0.990163133885809
-0.9899219965582963
-0.9733281036536224
-0.9647370089864005
-0.9606646843103269
-0.9587800885609631
-0.9513295883154792
-0.9489187917896906
-0.9406723418825473
-0.9371189517683022
-0.9307456165555603
-0.9273531339183156
-0.9264055050542405
-0.921954286764651
-0.9177679787947606
-0.9085821355385469
-0.9055641810660562
-0.90420926120482
-0.9016337149814563
-0.8953187768705821
-0.8902785258703017
-0.8845657840248666
-0.8784230471781844
-0.8738300692096225
-0.8679271794824431
-0.8639801891789136
-0.8611578279202319
-0.8577270534267771
-0.8562814154362066
-0.8376581004651372
-0.8362544377655203
-0.829824554392265
-0.8243426264885861
-0.8158028449094903
-0.8037030688950869
-0.7948749490240627
-0.7913760826036457
-0.7855535489279792
-0.7810164825956704
-0.7715848327206767
-0.7686174113956389
-0.7571707662045716
-0.7494281592285316
-0.7442704283505768
-0.7390122016661307
-0.7364387503385255
-0.7324495826892345
-0.7285232482590506
-0.7242682688938515
-0.7115526514475434
-0.7022469338261398
-0.6862079923645364
-0.677228023983658
-0.6682804590323498
-0.6499895610498827
-0.6400070382553713
-0.632459067522763
-0.6237631387499519
-0.6204145545359743
-0.6072803376665576
-0.5846060132390702
-0.5822847794809561
-0.5658343089606903
-0.5416838310727492
-0.5188181117263778
-0.511625835881759
-0.498167153305684
-0.47398086277180956
-0.4111675440035175
-0.3354149427734141
-0.22436672429495927
-0.21986414327264955
-0.21155257893849025
-0.2096540459667885
-0.1974542022117448
-0.19264668541019048
-0.19091360706427235
-0.18419150023517833
-0.17031472414106635
-0.15932293458614827
-0.15166596627088577
-0.1474257334694259
-0.1401084448543131
-0.11943440639403215
-0.11451410111061716
-0.11142438077663687
-0.05215502275851858
-0.033743604337628415
-0.0301742835157282
-0.001346585909958846
0.001346585909958789
0.030174283515728248
0.03374360433762859
0.05215502275851867
0.11142438077663684
0.11451410111061762
0.11943440639403247
0.140108444854313
0.14742573346942608
0.15166596627088585
0.1593229345861488
0.170314724141066
0.1841915002351788
0.19091360706427232
0.19264668541019062
0.19745420221174495
0.20965404596678847
0.21155257893849067
0.21986414327264986
0.2243667242949594
0.3354149427734141
0.4111675440035176
0.47398086277180945
0.4981671533056839
0.5116258358817592
0.5188181117263778
0.5416838310727492
0.5658343089606903
0.5822847794809562
0.5846060132390704
0.6072803376665579
0.620414554535974
0.6237631387499517
0.6324590675227627
0.6400070382553713
0.6499895610498827
0.6682804590323493
0.6772280239836578
0.6862079923645366
0.7022469338261397
0.7115526514475435
0.7242682688938514
0.7285232482590508
0.7324495826892343
0.7364387503385253
0.7390122016661308
0.7442704283505768
0.7494281592285313
0.7571707662045715
0.7686174113956389
0.7715848327206766
0.7810164825956701
0.7855535489279794
0.7913760826036451
0.7948749490240627
0.8037030688950869
0.8158028449094905
0.8243426264885861
0.829824554392265
0.8362544377655201
0.8376581004651371
0.8562814154362068
0.8577270534267769
0.8611578279202319
0.8639801891789138
0.8679271794824431
0.8738300692096224
0.8784230471781848
0.8845657840248669
0.8902785258703017
0.895318776870582
0.9016337149814561
0.9042092612048195
0.9055641810660562
0.9085821355385469
0.9177679787947606
0.9219542867646507
0.9264055050542405
0.9273531339183158
0.9307456165555601
0.937118951768302
0.9406723418825473
0.9489187917896906
0.9513295883154794
0.9587800885609631
0.9606646843103273
0.9647370089864002
0.9733281036536224
0.9899219965582958
0.9901631338858088
0.992578684377481
1.0012195102022556
1.0070619516413326
1.015231972101325
1.0188719564392263
1.027301061603205
1.0312147018731324
1.0333435434587839
1.040038409875478
1.0450465522850847
1.046770379278438
1.050555722411014
1.0530651594959999
1.0571878001213932
1.066459649512986
1.071420507379961
1.0822941221039564
1.1013423260576656
1.1028750182510234
1.1058589395168512
1.1066408475685945
1.1128605670335308
1.1193953912550578
1.1251854595895385
1.1329895526544331
1.1421040676545684
1.1431990934326561
1.1573700548671404
1.1579732882153908
1.1680650830325017
1.1799833581006745
1.182135300232378
1.2046916344595577
1.2055699634870563
1.209940073293518
1.2271144145399655
1.2282898220422567
1.2568482840421376
