-9.759900642130482
-9.593327376119234
-9.588252494741075
-9.51928277416491
-9.509396037946578
-9.376712070088056
-9.313334134185782
-9.286792546428144
-9.268761401518342
-9.259924589291494
-9.22529580251468
-9.202299104097593
-9.180541077798685
-9.131344987994925
-9.128735394146947
-9.081784329742858
-8.998903501541399
-8.981980096706538
-8.97070176640533
-8.89942710476227
-8.871843293628396
-8.843487673861834
-8.816458158689016
-8.793242883329594
-8.781541018287745
-8.750966857776522
-8.73591059127172
-8.699085796691138
-8.65150137020772
-8.595075188572213
-8.582312915476875
-8.571047433709165
-8.545889101223342
-8.542079948785895
-8.49869707834464
-8.494406558164863
-8.487715662836429
-8.432571762022459
-8.390574120390173
-8.355666956240137
-8.298257931219094
-8.271840918464315
-8.250552729407582
-8.240411406334239
-8.167956056948011
-8.149560003695372
-8.145357360614117
-8.124120096227006
-8.108734405660794
-8.08214905083175
-8.070070952425613
-8.02409350110599
-7.9908682020170785
-7.96688675667342
-7.9496656814497
-7.91639552023052
-7.911308778823496
-7.8975845728119
-7.85216764545768
-7.834451103559668
-7.814213637694481
-7.775717602154348
-7.7608602255934755
-7.720628797116515
-7.713171096989044
-7.680856542535758
-7.642372383178501
-7.618508041412843
-7.59999966629947
-7.5646797461181166
-7.533820175301348
-7.50056757841743
-7.483002118700701
-7.456561870887677
-7.438218983920025
-7.426398593289143
-7.388469014603809
-7.373385765060337
-7.31126954096347
-7.308108500809225
-7.278809321588056
-7.2599874962905
-7.244406152161704
-7.225092358859539
-7.201713273681154
-7.187896855826925
-7.165858968056229
-7.12784027223076
-7.115092291535442
-7.089367687744812
-7.0377655048611345
-7.0102464379894585
-6.981474109615137
-6.964632037999211
-6.929819602845534
-6.886070355876277
-6.821544147274278
-6.798000773399635
-6.763759385948545
-6.704743605621332
-6.693614700244936
-6.6382285074023795
-6.615886284970667
-6.6038921772247825
-6.537142067531597
-6.476652759843366
-6.44244474016206
-6.416713065399207
-6.379062328471858
-6.35553611157174
-6.348339268444163
-6.277485488068842
-6.237095426776729
-6.218247709565428
-6.160413946044353
-6.131902206887487
-6.082482361106332
-5.994547591493048
-5.965173320783644
-5.888355653572494
-5.84130053843355
-5.805649321403677
-5.71519111609728
-5.679687270271924
-5.528977432937032
-5.495546733016396
-5.446250474592886
-5.187221275938696
5.187221277909053
5.446250473752513
5.495546733296195
5.528977431954806
5.679687271353493
5.715191114458493
5.805649321355374
5.841300539695461
5.888355652248267
5.965173317969791
5.994547588490593
6.082482363251507
6.131902208849234
6.160413945881561
6.21824770979801
6.237095427701293
6.277485490914559
6.348339265973075
6.355536112033954
6.379062326442108
6.416713066922383
6.442444739360811
6.476652762006829
6.537142064255306
6.603892175606596
6.615886282826573
6.638228508332719
6.693614697031128
6.704743608443315
6.763759385698728
6.798000774937107
6.82154414676894
6.88607035644213
6.929819604257806
6.964632039134749
6.981474109581474
7.010246438567925
7.037765504365064
7.089367687412575
7.115092291749803
7.127840271623806
7.165858967760327
7.1878968577829125
7.201713275588255
7.225092358153442
7.244406153886724
7.259987494847971
7.278809321906089
7.308108499523127
7.311269544416146
7.373385766029493
7.388469018630758
7.426398594920609
7.43821898403921
7.456561871839139
7.483002120732504
7.500567577864925
7.533820175625306
7.5646797433098225
7.599999666693988
7.618508039596347
7.642372383934929
7.680856540233012
7.713171096403858
7.7206287973025045
7.760860228858647
7.775717602837631
7.814213637525493
7.834451102628701
7.852167644713639
7.897584573861767
7.911308779894707
7.916395522720785
7.949665682335824
7.96688675502535
7.990868202051011
8.024093500436127
8.070070952360986
8.082149048474193
8.10873440699001
8.124120095685074
8.145357359089644
8.149560002798504
8.167956054971228
8.240411403585307
8.250552726708928
8.27184091238684
8.298257934757007
8.355666961418988
8.39057412421785
8.43257176118929
8.487715663551539
8.494406558111574
8.498697079444304
8.54207994932276
8.545889104194766
8.571047434332918
8.582312914031132
8.595075187492036
8.651501371405853
8.699085798815037
8.735910594525707
8.750966856921536
8.781541019822312
8.793242882578886
8.81645815813794
8.843487673172001
8.871843294306453
8.899427105618765
8.970701764595631
8.981980093108492
8.998903502689329
9.081784329233399
9.128735395968663
9.131344989507557
9.180541080375006
9.202299100620744
9.225295799703783
9.259924587467468
9.268761399208197
9.28679254366268
9.313334138285251
9.376712066017467
9.509396037108582
9.519282772439366
9.588252496686643
9.593327376157001
9.759900638679623
