-9.713101230615111
-9.590581917836587
-9.445159309393047
-9.39791857642826
-9.261731538393407
-9.208770292348078
-9.193709966945423
-9.168407962513948
-9.161289008437578
-8.906749450581259
-8.889608255604887
-8.887607971746341
-8.881663697840262
-8.778728320435057
-8.766201569813507
-8.73358039920987
-8.691447850868466
-8.674263579812381
-8.632136521086638
-8.610181084676205
-8.603971432314246
-8.5544176641173
-8.513733325006832
-8.463997666921832
-8.389364523923135
-8.304333481646456
-8.207896171093415
-8.196741083924161
-8.15465585113107
-8.113509731908232
-8.03715846457848
-8.028185485334589
-8.01671663828134
-7.9902256917069705
-7.944963076918289
-7.920758152391551
-7.852588379424584
-7.847091891084555
-7.79864683821249
-7.7737905328523995
-7.610340544362567
-7.564939644268558
-7.535053425157484
-7.458580712666301
-7.422532432048837
-7.395361870377525
-7.350025833088326
-7.332077797215375
-7.283569678991039
-7.2585683318975915
-7.196227656573679
-7.176744995852835
-7.144254709781957
-7.122481935367385
-7.105953994326365
-7.097198395918117
-7.006141596718839
-6.98208125678279
-6.959263297936177
-6.950958301142845
-6.928659299079352
-6.922345604173734
-6.79953634930596
-6.777252869594985
-6.7552442971255635
-6.706145146882329
-6.6255311429429815
-6.592423511754241
-6.552955114897021
-6.539734931103884
-6.529565725098237
-6.508272568523858
-6.4961940305748165
-6.393318825052443
-6.361857474849424
-6.339530349044273
-6.246840101098265
-6.218790121859235
-6.205939385356002
-6.166474611000809
-6.07222745837212
-6.029894596070141
-5.948885110002571
-5.779050357072519
-5.712055137213024
-5.701984591968167
-5.637576314719012
-5.579259129027979
-5.481587161144016
-5.477810410781041
-5.446143865865786
-5.436284940028226
-5.365363730221664
-5.243473457088516
-5.139686848199935
-5.135379318298276
-5.071649766325056
-5.001377119675975
-4.968126053694006
-4.8850675981584075
-4.610905420201574
-4.57093059742646
-4.535785342411387
-4.497088121350062
-3.982289317601545
-3.7501543774791717
-3.6028407437692285
-3.482448476528019
-0.9987811683086484
-0.9678075126153812
-0.9518424520195198
-0.9004712945160549
-0.8891216067890136
-0.8850395979429385
-0.8802520563062445
-0.8428937178131578
-0.6752298461796242
-0.656990238131367
-0.648123729341707
-0.6110240568046417
-0.5936449546368059
-0.5758475229304424
-0.5504973431859975
-0.49107316969376585
-0.08215657094313208
-0.041709870676094406
-0.017291324853054832
-0.00041910012639663176
0.00041910022785027787
0.017291323711233857
0.04170987304286181
0.08215657097699279
0.4910731687676305
0.5504973427633777
0.5758475231214701
0.5936449538839194
0.6110240559662907
0.6481237316177623
0.6569902360300023
0.6752298470953578
0.8428937179887401
0.8802520568241764
0.8850395976421959
0.8891216071250582
0.900471293641885
0.9518424525859995
0.9678075116953245
0.9987811685477436
3.4824484765603367
3.602840743981955
3.7501543776016946
3.982289317748938
4.49708813974912
4.5357853436830124
4.570930578387889
4.6109054381693895
4.885067579175614
4.9681260539242755
5.001377118853993
5.071649767307192
5.135379303221628
5.139686846855043
5.243473455544473
5.365363748519701
5.436284941059585
5.446143847902368
5.477810410871514
5.481587160251281
5.579259145055496
5.6375763333593225
5.701984575426597
5.712055135891797
5.7790503571275
5.948885128502323
6.02989459514393
6.072227462293187
6.166474611679349
6.2059394038586255
6.218790113518942
6.246840101266311
6.339530347837629
6.361857471451119
6.393318826236484
6.496194024631481
6.5082725578466345
6.529565726507392
6.53973493111171
6.5529551126501095
6.592423515770056
6.625531143636419
6.706145143680337
6.7552442970900195
6.777252874228598
6.799536356937633
6.922345603417996
6.928659299898751
6.950958301890688
6.95926329824977
6.9820812495837545
7.006141585333933
7.097198393911358
7.105954003438619
7.122481936233887
7.144254711472929
7.176744999882983
7.196227659087369
7.258568333178522
7.2835696812635655
7.332077802540188
7.350025833156251
7.395361867405674
7.422532429018109
7.458580710100021
7.535053419741286
7.564939644558019
7.6103405493988046
7.773790533362761
7.7986468387273025
7.84709189181035
7.852588378890274
7.920758152582496
7.944963076560905
7.99022568927563
8.016716637788234
8.02818548503938
8.037158459859358
8.113509731989794
8.154655855212484
8.196741082488648
8.20789617415332
8.304333477012387
8.389364528230278
8.463997661031703
8.513733326990092
8.554417663734943
8.603971434036467
8.610181082835783
8.632136519883044
8.67426357749183
8.691447852475115
8.733580400757171
8.766201566899195
8.778728326260024
8.881663697116883
8.887607973206771
8.88960825284598
8.906749453373763
9.161289006863417
9.168407963201926
9.193709960772997
9.20877029145844
9.261731539751507
9.397918577710687
9.44515930149216
9.590581915665172
9.713101224693071
