-2.870774265632602
-2.8667561183638886
-2.839783078977287
-2.8234312480529034
-2.821069705997531
-2.802103072159838
-2.7903766830577803
-2.7769047408889564
-2.7576704026023298
-2.7405196464979906
-2.7182916160911574
-2.6981578997612683
-2.6872106124836783
-2.6749892440284673
-2.6474035968991556
-2.6318301412754463
-2.627107673838682
-2.6062221764166913
-2.5982232388346485
-2.576304646495036
-2.550760353977123
-2.5461128454284103
-2.51470283147666
-2.4965132670651364
-2.4896100993696586
-2.485197516706518
-2.4636804377663193
-2.4401205387367004
-2.4216450908126474
-2.4104809077601073
-2.4043442704620483
-2.3983146326901617
-2.3802594419809644
-2.3664256180443
-2.3434923917146806
-2.331032493027823
-2.3180608042914934
-2.313696299767847
-2.295847913734232
-2.2819142899847216
-2.2723557217232724
-2.251546098162813
-2.246521355620328
-2.2271083703180925
-2.21424303657993
-2.206570914408876
-2.198866265254397
-2.1800364680116306
-2.1756455493564775
-2.164101705192317
-2.1554527468238094
-2.142638638199138
-2.1322627961244853
-2.1148745445730337
-2.10540680223616
-2.102614870433062
-2.0759404055826343
-2.068917896717743
-2.0454595367978796
-2.0322521070112756
-2.0250254732211634
-2.0002820316589798
-1.9897375576058336
-1.9750454997992624
-1.9495080084417324
-1.9423290525204682
-1.936961676568547
-1.9247956185542723
-1.91353197621391
-1.904458169639636
-1.871441490335587
-1.8487703990128839
-1.8360018181769677
-1.8302959954462168
-1.8133346359740283
-1.801607500774777
-1.7787014374679544
-1.7725971314403257
-1.7553845974005207
-1.7413867224656019
-1.7314807774943475
-1.7278215444358738
-1.7121880751582497
-1.694161072056747
-1.670305267592575
-1.6410236697456784
-1.629439900336263
-1.6009677013798114
-1.5914876959593671
-1.5872212539712953
-1.5592922766528012
-1.5487540503084476
-1.532495453617891
-1.5210373084728988
-1.4985292967150308
-1.4865763172862905
-1.465313242504799
-1.4549234721319748
-1.4344138160878148
-1.4040863702044435
-1.397205314514598
-1.3641439619463809
-1.326532326702218
-1.2572321229972798
-1.2439937452546301
-1.2272644333270517
-1.183638271006259
-1.160573575450648
-1.0968058599310533
-1.0523389839016632
-1.0333883371076136
-0.9944941091260516
-0.9728650483324182
-0.9564799548646079
-0.943339209295109
-0.9305977444753063
-0.8742261638239235
-0.8558806114496549
-0.8451234147103349
-0.8022996966246875
-0.7731569011428032
-0.7492666568782739
-0.7428094098559185
-0.6697744365563273
-0.5804813922935389
-0.48227341975626187
-0.47204815729963384
-0.3931750356554102
0.39317503726595204
0.47204815767661007
0.48227342060878936
0.5804813936563039
0.6697744374765771
0.7428094094257555
0.7492666564673204
0.7731568993904891
0.8022996953418264
0.845123416948305
0.855880612280701
0.8742261624114216
0.9305977447428202
0.943339207727395
0.9564799550767227
0.9728650471658998
0.9944941097774183
1.0333883356723503
1.0523389857149112
1.0968058611246938
1.160573572930271
1.1836382725204546
1.2272644335929173
1.2439937458635144
1.2572321260852142
1.32653232813727
1.3641439551427066
1.3972053137670595
1.4040863723044643
1.4344138131986297
1.4549234710360013
1.4653132463970926
1.4865763177010716
1.4985292965699857
1.5210373085247695
1.5324954595655973
1.5487540520402723
1.5592922769026145
1.5872212506825578
1.5914876907287003
1.6009676988459502
1.6294399023858777
1.641023670406827
1.6703052685115396
1.6941610737617783
1.71218807500274
1.7278215435255218
1.7314807769056295
1.7413867252962245
1.7553845990560455
1.7725971318317022
1.7787014371445729
1.8016075011978285
1.8133346316930021
1.8302959970860742
1.8360018193259202
1.8487703968635092
1.87144149068579
1.9044581718131766
1.9135319737205063
1.9247956199995948
1.936961676721996
1.9423290550970467
1.9495080079624325
1.975045500228852
1.9897375594935722
2.0002820332326863
2.0250254723964756
2.03225210987056
2.0454595387454644
2.0689178967100754
2.075940401902299
2.102614868510013
2.1054068037806317
2.114874543423045
2.1322627965509806
2.1426386351832254
2.1554527456562855
2.164101704198957
2.1756455470923584
2.180036466275218
2.1988662639969863
2.20657091549187
2.214243033612297
2.2271083735770203
2.2465213582271115
2.251546097272808
2.2723557263353014
2.281914290863371
2.2958479167369883
2.313696303351789
2.3180608008758132
2.3310324929701034
2.3434923880214638
2.366425618994112
2.3802594473703214
2.3983146335873777
2.404344271144909
2.4104809107793828
2.421645093847692
2.440120534857871
2.463680434769045
2.48519751880609
2.489610096926836
2.4965132673930897
2.5147028257514763
2.5461128468757943
2.5507603564232575
2.5763046530498994
2.598223236239884
2.606222175648875
2.6271076724730547
2.631830141460014
2.647403594433941
2.674989245557196
2.6872106064754333
2.698157898030609
2.7182916137982085
2.7405196498196713
2.757670401823291
2.7769047494043613
2.790376676623991
2.8021030655863357
2.821069709036941
2.82343125236798
2.839783082881736
2.8667561116191274
2.870774258465031
