-1.4795938667021074
-1.4351819467972264
-1.4280418951160774
-1.411637264678478
-1.4040233786739322
-1.4014242036746223
-1.388132519213988
-1.3793185808268074
-1.3748316568258794
-1.3628830967231382
-1.3525155964931381
-1.347376453118752
-1.3388498369135493
-1.3345355389980775
-1.3282630779083526
-1.3231805416240783
-1.3186600525521195
-1.310083439618649
-1.3009721759937307
-1.296477479899791
-1.2913478048648654
-1.2867720419161313
-1.2852656091094647
-1.2727205692562902
-1.269148787026549
-1.2619695691293111
-1.255490906732272
-1.2497760660880397
-1.243093430621016
-1.2393002560221815
-1.2292212518307917
-1.226904924049947
-1.220219607852006
-1.2176614258477432
-1.2148447663397413
-1.2062847861165564
-1.1996430410337888
-1.1968886717528118
-1.179234351980114
-1.1781671496296442
-1.1766426981989702
-1.1725864061547462
-1.1620375858172916
-1.160154261651822
-1.1576217557594537
-1.1526050165042279
-1.1500879466407419
-1.1369169582096836
-1.1355605360268863
-1.1339297095359955
-1.1287393212837091
-1.1242071641561053
-1.1168728083426536
-1.1105724908968946
-1.1037852417157183
-1.1026202863227943
-1.097937734313123
-1.0958872802337527
-1.0850849292895577
-1.0809075332386344
-1.0769013015120614
-1.0729563698486004
-1.0638821562217917
-1.0627328938583578
-1.0486878851474914
-1.045860660703738
-1.040934851352039
-1.0352092542980686
-1.0316525901923776
-1.0244668014590264
-1.0218185486890434
-1.0157484743830334
-1.012883179910481
-1.0080225136887782
-1.0021620941536094
-0.996756624165016
-0.9935845717294801
-0.9891443950389192
-0.9872798318210746
-0.9817090850881794
-0.9781166664831166
-0.9763899954535145
-0.9727161928514098
-0.9690263452862973
-0.9646131392371632
-0.9607155110473786
-0.9559683375409296
-0.9542795053768881
-0.951288911753472
-0.9448629242015222
-0.9393717881014653
-0.9373539346723181
-0.9290241019786953
-0.9261625871619567
-0.9241049659451328
-0.9131818166751079
-0.9097643294872365
-0.9075295867951519
-0.9050275250119361
-0.8989134081739952
-0.8941102542668787
-0.8899168993170467
-0.8859157775010051
-0.8784349722572422
-0.8774058116705608
-0.8683678799513179
-0.8632843892577744
-0.8581633406060047
-0.8565879821402947
-0.8490298024793519
-0.8459283931963465
-0.8400559530548808
-0.8307415404122667
-0.8238788661443815
-0.82304288791472
-0.8214062270484358
-0.8149155621936051
-0.813201843568776
-0.8089671661921001
-0.8001782037719765
-0.7909639733614137
-0.7817606921152292
-0.778047518208674
-0.7753232333780795
-0.7615365122137553
-0.7572693411111195
-0.751593538001316
-0.7451749851179219
-0.7361556907346102
-0.7325072714185964
-0.725135587730488
-0.7201838380955149
-0.7150857716597044
-0.7080023576731305
-0.7027915183803964
-0.6993979267612079
-0.6811558205362613
-0.6554594082308797
-0.6506757711933217
-0.647442956353381
-0.6392779103151159
-0.6357336941079962
-0.6258465815314713
-0.6113630951234538
-0.598951699528279
-0.5889472376831423
-0.5727897248017881
-0.5642597153169664
-0.5484893384611441
-0.5360723673775508
-0.5234462727700865
-0.5022893588095245
-0.49513922707518443
-0.4788063263399309
-0.458069883931818
-0.43090929569386444
-0.42121688554309905
-0.4093872284535358
-0.31069645332077755
-0.20286486968331013
-0.0020448778452743584
-4.702164233842986e-06
4.702164234572648e-06
0.0020448778452741034
0.20286486968331036
0.31069645332077794
0.40938722845353553
0.42121688554309916
0.43090929569386416
0.458069883931818
0.478806326339931
0.49513922707518443
0.5022893588095247
0.5234462727700866
0.5360723673775512
0.5484893384611441
0.5642597153169664
0.5727897248017886
0.5889472376831422
0.5989516995282791
0.6113630951234541
0.6258465815314714
0.6357336941079963
0.639277910315116
0.647442956353381
0.6506757711933217
0.6554594082308801
0.6811558205362612
0.6993979267612083
0.7027915183803962
0.7080023576731308
0.715085771659705
0.720183838095515
0.7251355877304876
0.7325072714185962
0.7361556907346101
0.7451749851179219
0.7515935380013158
0.7572693411111192
0.7615365122137554
0.7753232333780797
0.7780475182086737
0.7817606921152291
0.7909639733614139
0.8001782037719766
0.8089671661920997
0.8132018435687758
0.814915562193605
0.8214062270484357
0.8230428879147198
0.8238788661443815
0.8307415404122668
0.8400559530548807
0.8459283931963459
0.8490298024793518
0.8565879821402949
0.8581633406060047
0.8632843892577746
0.8683678799513179
0.8774058116705603
0.8784349722572421
0.8859157775010051
0.8899168993170465
0.8941102542668787
0.8989134081739952
0.9050275250119362
0.9075295867951518
0.9097643294872367
0.9131818166751079
0.924104965945133
0.9261625871619568
0.9290241019786954
0.9373539346723179
0.9393717881014653
0.9448629242015221
0.951288911753472
0.9542795053768884
0.9559683375409296
0.9607155110473786
0.9646131392371633
0.9690263452862975
0.9727161928514101
0.9763899954535151
0.9781166664831167
0.9817090850881791
0.9872798318210745
0.9891443950389192
0.9935845717294796
0.996756624165016
1.002162094153609
1.0080225136887782
1.0128831799104807
1.0157484743830334
1.0218185486890436
1.0244668014590261
1.0316525901923774
1.0352092542980686
1.0409348513520391
1.0458606607037375
1.0486878851474917
1.0627328938583576
1.063882156221791
1.0729563698486004
1.0769013015120614
1.0809075332386344
1.0850849292895577
1.0958872802337527
1.0979377343131225
1.1026202863227932
1.1037852417157183
1.1105724908968944
1.1168728083426538
1.1242071641561053
1.1287393212837094
1.1339297095359955
1.1355605360268863
1.1369169582096834
1.1500879466407412
1.1526050165042276
1.1576217557594537
1.1601542616518221
1.1620375858172909
1.172586406154746
1.1766426981989702
1.178167149629644
1.1792343519801138
1.1968886717528118
1.1996430410337886
1.2062847861165567
1.2148447663397415
1.217661425847743
1.220219607852007
1.226904924049947
1.2292212518307917
1.2393002560221813
1.2430934306210162
1.2497760660880397
1.255490906732272
1.261969569129311
1.2691487870265488
1.2727205692562897
1.2852656091094645
1.286772041916131
1.2913478048648654
1.296477479899791
1.3009721759937303
1.310083439618649
1.3186600525521193
1.323180541624079
1.3282630779083522
1.3345355389980782
1.338849836913549
1.3473764531187522
1.3525155964931384
1.3628830967231365
1.3748316568258796
1.3793185808268071
1.3881325192139882
1.4014242036746225
1.4040233786739322
1.4116372646784787
1.4280418951160767
1.435181946797225
1.479593866702107
