-1.4794572882256605
-1.4726262293008001
-1.4676070704041893
-1.4407687689050441
-1.4299325620492345
-1.4242876960175777
-1.4067998604395602
-1.3994891029332486
-1.3896037982947986
-1.3828423535932144
-1.3776940710595347
-1.3634560458241956
-1.360781175533105
-1.356059261225868
-1.349694054667222
-1.3417835937689526
-1.3396010537624412
-1.3373161188116587
-1.3257517162496268
-1.3211728640120328
-1.3162479818350277
-1.3125131759915307
-1.3073473438981358
-1.301832882945911
-1.2958266215681529
-1.2909541150469788
-1.2832615895428177
-1.2779274535381837
-1.275647202490303
-1.262175522232219
-1.2605941010661472
-1.2554022663957178
-1.2538428599031077
-1.2484834798843365
-1.2454523256075616
-1.238301474822623
-1.2369559776787937
-1.2318812720300376
-1.227165619094552
-1.2213361600317898
-1.216571344807283
-1.215013000467906
-1.210386897949964
-1.2054371569452313
-1.1984358540722413
-1.1914036561319798
-1.1873440268117381
-1.1830563898391373
-1.178589005511039
-1.172331149438932
-1.1700000699565696
-1.1654304352655176
-1.1577188321851462
-1.1571992553839958
-1.1512533530458855
-1.1426384694753902
-1.1353996971254041
-1.1334159438544305
-1.1273406132270178
-1.1209525168677326
-1.1189616213176996
-1.115573066740574
-1.1107873775983395
-1.1072843119713682
-1.10311653224072
-1.1005705852722574
-1.0932254185322814
-1.0903334117190397
-1.0860597197192676
-1.0764537535678314
-1.073964412896551
-1.0731733139084405
-1.0655302367666417
-1.0620450297576174
-1.0546081776955085
-1.0481958184849336
-1.0439540563846905
-1.0408926227689486
-1.0380720214530919
-1.0338009621406632
-1.0311154575479384
-1.0229293660436831
-1.0187462277582928
-1.0162439344351557
-1.0139549976117028
-1.002407294268496
-0.9915455592971534
-0.9901865951451896
-0.9878234789908378
-0.9844073666149185
-0.9810783748712024
-0.9790117163714108
-0.9681906767535531
-0.9667870971210365
-0.9638269586872283
-0.9617741501361413
-0.9565757223536413
-0.9562920273253194
-0.9488232416423705
-0.9437654855189046
-0.9401251938266528
-0.9341545631199875
-0.9315529022436718
-0.9304258337794286
-0.9268448188612305
-0.9222542829137217
-0.9164671084617416
-0.9070001411398765
-0.9050376659894066
-0.8978613024214178
-0.8964115305462405
-0.891609377658759
-0.8904760073631728
-0.885103116914635
-0.8798339711668857
-0.8774164646079833
-0.8743371591815889
-0.870936955702044
-0.8661935551662887
-0.8612704522619399
-0.8534102119727233
-0.849176507341848
-0.8464701950954376
-0.8417305932862315
-0.8332185415586132
-0.829464567912115
-0.8271471598458495
-0.823404693777119
-0.8178548454052887
-0.8155846703609286
-0.7994909088003513
-0.7934047719429181
-0.787800196252326
-0.7835244826556049
-0.7794899281719593
-0.7764305047737988
-0.7688685211431697
-0.7557113257840562
-0.7470477057438744
-0.7383111960348889
-0.7319015438080066
-0.7263704269807619
-0.7135353213277928
-0.6953675293753759
-0.6893651626401616
-0.6781224319893185
-0.6752049788585284
-0.6676838608663511
-0.6503253173810075
-0.6365717102379511
-0.6298468313249905
-0.6073817301188698
-0.592608153546803
-0.5753074594873308
-0.5517966801017725
-0.5399136547740934
-0.5273976304828438
-0.5019094110079082
-0.4899398256826119
-0.46817370708807643
-0.4540193471306804
-0.42690587805207664
0.426905878052076
0.45401934713068026
0.46817370708807593
0.4899398256826117
0.5019094110079079
0.5273976304828437
0.5399136547740927
0.5517966801017722
0.5753074594873308
0.5926081535468027
0.6073817301188698
0.6298468313249912
0.6365717102379516
0.650325317381008
0.6676838608663517
0.6752049788585283
0.6781224319893188
0.6893651626401616
0.695367529375376
0.7135353213277933
0.726370426980762
0.7319015438080068
0.738311196034889
0.7470477057438747
0.7557113257840565
0.7688685211431698
0.7764305047737987
0.7794899281719592
0.7835244826556054
0.7878001962523262
0.7934047719429181
0.7994909088003515
0.8155846703609285
0.8178548454052883
0.8234046937771187
0.8271471598458495
0.8294645679121151
0.8332185415586127
0.8417305932862311
0.8464701950954374
0.8491765073418474
0.8534102119727232
0.86127045226194
0.8661935551662886
0.870936955702044
0.8743371591815886
0.8774164646079832
0.8798339711668856
0.8851031169146348
0.8904760073631728
0.8916093776587586
0.8964115305462405
0.8978613024214178
0.9050376659894067
0.9070001411398766
0.9164671084617417
0.9222542829137219
0.9268448188612302
0.9304258337794284
0.9315529022436709
0.9341545631199873
0.9401251938266528
0.9437654855189046
0.9488232416423706
0.9562920273253194
0.9565757223536413
0.9617741501361412
0.963826958687227
0.9667870971210364
0.968190676753553
0.9790117163714112
0.9810783748712029
0.9844073666149188
0.987823478990838
0.9901865951451896
0.9915455592971535
1.0024072942684958
1.0139549976117028
1.016243934435156
1.0187462277582928
1.0229293660436836
1.0311154575479384
1.033800962140664
1.0380720214530919
1.0408926227689486
1.0439540563846903
1.0481958184849338
1.0546081776955087
1.0620450297576176
1.0655302367666415
1.0731733139084412
1.073964412896551
1.0764537535678311
1.0860597197192676
1.0903334117190397
1.0932254185322814
1.1005705852722572
1.1031165322407201
1.1072843119713687
1.1107873775983392
1.115573066740574
1.1189616213177003
1.1209525168677328
1.1273406132270176
1.1334159438544307
1.1353996971254041
1.1426384694753904
1.151253353045885
1.1571992553839956
1.1577188321851457
1.165430435265517
1.1700000699565694
1.1723311494389324
1.1785890055110388
1.1830563898391377
1.187344026811738
1.19140365613198
1.1984358540722413
1.2054371569452311
1.2103868979499641
1.215013000467906
1.2165713448072835
1.2213361600317898
1.2271656190945521
1.2318812720300374
1.2369559776787937
1.2383014748226229
1.2454523256075614
1.2484834798843365
1.253842859903108
1.2554022663957176
1.2605941010661468
1.2621755222322188
1.275647202490303
1.2779274535381844
1.283261589542818
1.2909541150469788
1.2958266215681529
1.301832882945911
1.3073473438981367
1.3125131759915305
1.3162479818350272
1.3211728640120326
1.3257517162496268
1.3373161188116585
1.339601053762441
1.341783593768952
1.3496940546672223
1.356059261225868
1.3607811755331054
1.3634560458241953
1.377694071059535
1.3828423535932144
1.3896037982947986
1.3994891029332484
1.4067998604395597
1.4242876960175779
1.429932562049234
1.4407687689050448
1.46760707040419
1.4726262293008006
1.4794572882256598
