-1.4889574624783475
-1.4773208865615228
-1.4740464249526501
-1.4606727891543572
-1.4544023155230785
-1.4427959661875904
-1.438216454066427
-1.4338746544455114
-1.4264106985526541
-1.410830592606129
-1.404253876419045
-1.398983393207627
-1.3916663663624904
-1.3877968198428612
-1.3777369924078982
-1.3747107021549274
-1.35836989542493
-1.3466383837099072
-1.3318771918721524
-1.3246745662058794
-1.3173405975818318
-1.3091086887073302
-1.2970064059794442
-1.293492713209112
-1.2906597617488127
-1.2833792049255206
-1.2700587106298131
-1.2661076923465782
-1.2585368743486078
-1.2470692199473443
-1.2440556924522264
-1.2399192716181366
-1.2226615503738676
-1.2188626949932597
-1.2055255013323207
-1.2037759287516965
-1.1979888554672506
-1.190681544623621
-1.1850532519165755
-1.1802855328330586
-1.177283014722861
-1.1726659169533147
-1.1667774247273084
-1.1597874362522407
-1.1556912631580334
-1.1508281440870713
-1.1467339590164987
-1.14250408774879
-1.1390604291477762
-1.1324425541287495
-1.1300706984273963
-1.1260983521428392
-1.1203187858468164
-1.1158080700566548
-1.1074873800294818
-1.104314572064195
-1.0943514774110568
-1.089558253999124
-1.0857064727188581
-1.0820919053942357
-1.0755015377229593
-1.0710884886632013
-1.065408334669853
-1.0647403642705466
-1.0597907354055351
-1.0558433852996265
-1.0467413289617586
-1.0440257494646281
-1.0388027409999794
-1.0336047985244485
-1.0286515362052417
-1.0253718989961487
-1.024503670094099
-1.0132596471926762
-1.007399992274713
-1.000660449476245
-0.9971881719472107
-0.9869993013331247
-0.9856825660529335
-0.9833850276238347
-0.980817817037118
-0.9795455536045119
-0.9701984351685434
-0.9661451941297315
-0.9631964274175481
-0.9517197718392353
-0.9487373170569441
-0.9481693182685114
-0.9441593608687031
-0.9371948567874583
-0.9330548598308952
-0.929195560377675
-0.9245206934316867
-0.9221635040813994
-0.9167219477672707
-0.911126341159333
-0.9013235824358564
-0.8975309599549224
-0.8916679996017665
-0.8845521793060719
-0.8813894874927963
-0.8761327831107553
-0.8737379256902239
-0.8655517567921486
-0.8601937256454104
-0.848665739522967
-0.8461077709873313
-0.8439726657914259
-0.8355989259225192
-0.8335657572768717
-0.8283912414440286
-0.820757814221586
-0.8163101717816148
-0.8137603948235128
-0.8083442100094747
-0.7994030731074397
-0.7881803727504337
-0.7791674411717564
-0.7683054887542502
-0.7573831242023022
-0.7546287153803202
-0.7523735288256973
-0.748159453066459
-0.7398187946541311
-0.7373063881819555
-0.7256410057280133
-0.7236350236074415
-0.7178020070668478
-0.709605063268256
-0.7012395049453181
-0.6984496159129596
-0.6936685298645138
-0.6827119770488236
-0.6776561050977221
-0.667485496529828
-0.6630467245534702
-0.6607377880433809
-0.6400678371699495
-0.6389930008787033
-0.6325311209552695
-0.6302317389975042
-0.6107972674981226
-0.6070408280986973
-0.6003626367556985
-0.5741453837837197
-0.5643144972227379
-0.5506722314939525
-0.5402953018902512
-0.5308642219665405
-0.521093673061118
-0.5006622158888617
-0.4920459520151304
-0.4856459607193167
-0.46323755375968717
-0.44774428062108484
-0.4237235614340017
-0.4068888188185669
-0.38374068936824623
-0.29941128274309786
-0.2197688110259666
-0.002700341413735642
-4.362818372165411e-06
4.362818372054234e-06
0.0027003414137355465
0.2197688110259671
0.2994112827430981
0.3837406893682463
0.40688881881856687
0.4237235614340019
0.44774428062108473
0.4632375537596874
0.48564596071931654
0.49204595201513057
0.5006622158888617
0.521093673061118
0.5308642219665404
0.5402953018902508
0.5506722314939528
0.5643144972227384
0.5741453837837196
0.6003626367556983
0.6070408280986977
0.6107972674981226
0.6302317389975043
0.63253112095527
0.6389930008787033
0.6400678371699496
0.6607377880433802
0.6630467245534704
0.6674854965298281
0.6776561050977219
0.6827119770488235
0.6936685298645138
0.6984496159129595
0.7012395049453181
0.7096050632682562
0.717802007066848
0.7236350236074409
0.7256410057280133
0.7373063881819555
0.7398187946541314
0.748159453066459
0.7523735288256976
0.7546287153803202
0.7573831242023025
0.7683054887542499
0.7791674411717566
0.7881803727504338
0.7994030731074395
0.8083442100094747
0.8137603948235128
0.8163101717816147
0.8207578142215861
0.8283912414440285
0.8335657572768718
0.8355989259225185
0.8439726657914259
0.8461077709873314
0.848665739522967
0.8601937256454103
0.8655517567921486
0.8737379256902236
0.8761327831107548
0.8813894874927963
0.8845521793060717
0.8916679996017667
0.897530959954922
0.9013235824358562
0.9111263411593331
0.9167219477672703
0.9221635040813995
0.9245206934316876
0.9291955603776751
0.9330548598308953
0.9371948567874581
0.9441593608687032
0.9481693182685119
0.9487373170569446
0.9517197718392354
0.9631964274175477
0.9661451941297312
0.9701984351685434
0.9795455536045122
0.9808178170371185
0.9833850276238347
0.9856825660529335
0.9869993013331249
0.9971881719472107
1.000660449476245
1.0073999922747126
1.0132596471926765
1.024503670094099
1.0253718989961491
1.028651536205242
1.0336047985244485
1.0388027409999796
1.044025749464628
1.0467413289617589
1.0558433852996256
1.0597907354055354
1.0647403642705466
1.065408334669853
1.071088488663201
1.0755015377229595
1.0820919053942353
1.0857064727188586
1.089558253999124
1.094351477411057
1.1043145720641945
1.1074873800294818
1.115808070056655
1.1203187858468167
1.1260983521428392
1.1300706984273963
1.132442554128749
1.1390604291477762
1.1425040877487898
1.1467339590164987
1.1508281440870711
1.1556912631580334
1.1597874362522407
1.1667774247273086
1.172665916953315
1.1772830147228608
1.1802855328330586
1.1850532519165755
1.190681544623621
1.1979888554672504
1.2037759287516963
1.2055255013323207
1.2188626949932597
1.2226615503738683
1.2399192716181369
1.2440556924522266
1.247069219947344
1.2585368743486076
1.2661076923465782
1.270058710629813
1.2833792049255217
1.2906597617488127
1.293492713209112
1.2970064059794437
1.30910868870733
1.317340597581831
1.3246745662058794
1.331877191872153
1.3466383837099067
1.3583698954249297
1.3747107021549272
1.377736992407897
1.3877968198428603
1.3916663663624897
1.3989833932076268
1.404253876419045
1.4108305926061302
1.426410698552654
1.4338746544455112
1.438216454066427
1.4427959661875895
1.4544023155230785
1.4606727891543565
1.47404642495265
1.4773208865615224
1.4889574624783473
