-11.189928955013315
-11.185578689851951
-11.076470510021748
-10.985898075852106
-10.918246028111453
-10.83946844009654
-10.787819854325468
-10.7858515426516
-10.764815093257178
-10.732105319084212
-10.722111757591849
-10.68522329280715
-10.566051611803449
-10.46808833642286
-10.458161600126886
-10.44499238808684
-10.348712309996213
-10.338863763941585
-10.319541859383163
-10.303550435175715
-10.258613853530374
-10.240931188463245
-10.190958537642024
-10.143075063212974
-10.121915074164956
-10.10243826033469
-10.062161434426848
-10.033304620798258
-10.014590178377965
-9.92594593784807
-9.88012251357585
-9.862684035094945
-9.839254770500174
-9.783562624449395
-9.755721715798668
-9.753914109466741
-9.689076508481964
-9.650813490122827
-9.602159899922759
-9.590494624696474
-9.56715667904
-9.537347508716305
-9.52101328144205
-9.444221880030844
-9.422531124570249
-9.398072017115902
-9.36878044881192
-9.339966654896225
-9.232784632953022
-9.185292787511688
-9.150655779196251
-9.09263031448992
-9.074937376277383
-9.038544575816505
-9.017012185927856
-8.963999105078605
-8.962985230414132
-8.921481525131055
-8.860443259411635
-8.838685794536197
-8.827197775510003
-8.78215215581707
-8.76640861874769
-8.75120247235833
-8.745268352891705
-8.728628244099554
-8.702946241891151
-8.681896164626917
-8.652993833229095
-8.628924116961048
-8.583532785661921
-8.55823129084456
-8.542797482458065
-8.4897253541
-8.479122420658303
-8.414255834767367
-8.392823012066145
-8.37859674132419
-8.299363204700095
-8.282897845325136
-8.26276626767889
-8.258532270137792
-8.205256246038218
-8.160502160300926
-8.158452008389636
-8.127978240330313
-8.118692272432234
-8.096424352185046
-8.053239451341613
-8.016996471130135
-7.974111920413329
-7.897884041482411
-7.873292777525772
-7.86559321554926
-7.836974397483975
-7.814142606822468
-7.779790151194471
-7.719230661754035
-7.665244685426553
-7.657849048840182
-7.613533479173844
-7.599274094914403
-7.578202569671409
-7.541645019414994
-7.4959589360707675
-7.436534827819388
-7.40888069613411
-7.382383644347641
-7.314999625567468
-7.302242758001209
-7.288804346021471
-7.269694048598267
-7.209954763083542
-7.197480905209673
-7.177655420463632
-7.118381255545312
-7.080325884977199
-7.0568300912628406
-7.0262543470618635
-6.969188291575098
-6.942181726159563
-6.926395753660267
-6.895058448199942
-6.854094217318678
-6.824123860936649
-6.742076575956166
-6.7240061405176945
-6.697198836143871
-6.638048141872677
-6.612834493696172
-6.5860017240214646
-6.54185554632427
-6.487643392297321
-6.408549770058136
-6.386761484325984
-6.363807890169744
-6.3174487245937305
-6.218531018880273
-6.144360264857475
-6.1289565902166725
-6.102064295332796
-6.075772778636726
-6.029663214475011
-5.986790574793776
-5.941848564923569
-5.797295307496214
-5.766077468923502
-5.717269708038032
-5.647773568988809
-5.617831400923967
-5.522345748308941
-5.516982867299913
-5.448002150855269
-5.421147950087341
-5.380505199480098
-5.279486063862851
-5.25440381492173
-5.134629848499139
-4.95112008779514
-4.860016301155976
-4.769989738133561
-4.614394570366275
4.614394569101195
4.769989738664949
4.860016300434826
4.951120089908245
5.134629847301012
5.254403816098456
5.279486064513663
5.380505199984791
5.421147952575026
5.448002150541604
5.516982870233179
5.522345751965717
5.617831400643311
5.647773571376712
5.717269708713706
5.7660774696689865
5.797295306783591
5.941848565087474
5.986790574712695
6.029663216878892
6.075772781185298
6.102064298379
6.1289565913405
6.144360267708581
6.218531021132265
6.317448725525624
6.363807891757969
6.386761484726257
6.408549770596407
6.487643388951043
6.541855546728182
6.586001725436249
6.612834495360699
6.638048143697843
6.697198835877336
6.724006139242799
6.742076574631841
6.8241238631404215
6.854094219221563
6.895058449992103
6.926395754985245
6.942181724589485
6.969188292567527
7.026254351010345
7.056830092883999
7.0803258875019806
7.118381257251762
7.177655421720906
7.197480906072594
7.209954766434446
7.2696940502099014
7.288804347792589
7.302242760642566
7.314999625863676
7.382383644238736
7.4088807001642225
7.436534829508078
7.49595893503427
7.541645017256025
7.578202574166072
7.599274096549798
7.613533481120679
7.657849047539863
7.665244684776633
7.719230665545096
7.779790154023191
7.814142605823106
7.836974400016185
7.865593220083919
7.873292779831572
7.897884039420805
7.974111920834152
8.016996468908667
8.053239451172203
8.096424352263998
8.118692272925855
8.127978243283321
8.158452008474203
8.160502160899144
8.205256243374935
8.25853227042364
8.262766268930879
8.282897843106031
8.299363205181937
8.37859674146468
8.392823009893295
8.414255834668785
8.479122415446577
8.489725355022427
8.542797482654247
8.558231285691472
8.583532784149757
8.628924118038462
8.652993831011255
8.68189616363542
8.702946242827567
8.728628243427918
8.745268349788212
8.751202470665799
8.766408616999358
8.782152156823566
8.827197775512682
8.838685792239847
8.86044325545928
8.921481526090071
8.96298523042213
8.963999104145843
9.017012186163853
9.038544573738
9.074937373707522
9.092630311329835
9.15065578166599
9.185292789025148
9.232784635420352
9.339966658392214
9.368780446628342
9.398072015770364
9.422531127440566
9.444221878749977
9.521013279232681
9.537347506045156
9.56715667784458
9.590494622647073
9.60215989732814
9.650813485294572
9.689076507819895
9.75391410660906
9.755721716914179
9.783562625125127
9.839254771996591
9.862684037451503
9.880122514159044
9.925945934601163
10.014590179112929
10.033304618292892
10.062161434673106
10.102438261692186
10.121915070897868
10.143075061969277
10.190958532588642
10.24093119057215
10.25861384799799
10.303550432253001
10.319541860650277
10.338863764762612
10.348712308153573
10.44499238621863
10.458161601267902
10.468088336061012
10.566051612555501
10.685223288694925
10.722111756955897
10.732105318581295
10.764815090826275
10.785851539946735
10.787819850009956
10.839468433977366
10.91824602550783
10.985898072677386
11.076470513911596
11.185578689892768
11.189928956687893
