-3.351643053027128
-3.3413957114113746
-3.303072581427413
-3.2915504351923612
-3.2688627393062926
-3.233876053979363
-3.2302289861901095
-3.2199228139993017
-3.2058646995215874
-3.195562993145161
-3.166620873987809
-3.152951655628669
-3.1249399023827515
-3.110567077136515
-3.0995652065731027
-3.0785853681437048
-3.063452483519026
-3.0423451053584936
-3.0376773855585113
-3.0148557317830007
-3.009340163326284
-2.998904148804656
-2.9828982548087826
-2.959165604068076
-2.938581981568922
-2.91961949422166
-2.9082372794929165
-2.8964643320841845
-2.888014351296644
-2.886645280099562
-2.8804651090677345
-2.8724661096125312
-2.8525378229054055
-2.83825103661632
-2.833617087319786
-2.801125655692773
-2.7917387031083054
-2.7831322478246503
-2.759638051257401
-2.746000703385574
-2.7245841367801833
-2.7112867132834793
-2.7000018769879275
-2.687216554937916
-2.668297769336873
-2.6556090026455896
-2.644157410036434
-2.6277625645442257
-2.612798912973139
-2.607727124502255
-2.5878589932474614
-2.5744639816453914
-2.560489886255026
-2.5484272431131005
-2.5290934149110718
-2.5035701659760026
-2.4927933567539178
-2.4847002076147953
-2.472510010986294
-2.457065123691122
-2.4530502328278696
-2.429918469783882
-2.4148052541543166
-2.4021034728914987
-2.392077221065659
-2.378871047371015
-2.3428594007433916
-2.3330133750386164
-2.3227674960013625
-2.317271023856208
-2.2877829944650503
-2.2737300915407985
-2.2517678558076706
-2.2464773402273632
-2.2366358816533043
-2.2162543685644716
-2.2121128652350364
-2.2063277953069584
-2.1964803463786278
-2.1923117448004223
-2.171531027982456
-2.1506482036643666
-2.142766364294903
-2.1369921515299493
-2.1315302147378716
-2.1159889675236547
-2.105949877844533
-2.1019093365564023
-2.0773157627273595
-2.068608832776852
-2.0586749056194975
-2.0391521389956915
-2.022098519029508
-2.008991187998737
-1.994977593453479
-1.9859420886770776
-1.9737433727471694
-1.9661302232356848
-1.9485881527876234
-1.9435265823322248
-1.930395231593842
-1.9205816421410058
-1.9087784010185547
-1.8967554929090622
-1.8801999067241046
-1.8763364492860315
-1.8684604282548938
-1.8555992992407602
-1.8375003561008814
-1.8096171547386086
-1.8001051932317562
-1.791941056918576
-1.7849566791242972
-1.7702119795696265
-1.747969588078524
-1.745321606576146
-1.7356612539997593
-1.720120917792904
-1.6937532759713276
-1.6715823201929485
-1.6494205251081995
-1.6461874609198381
-1.627486326330868
-1.6098578795946596
-1.5940033948514178
-1.577836633923379
-1.5702255996156838
-1.54040097274067
-1.5147946736983269
-1.4957489445696632
-1.479477072717045
-1.4724104138840048
-1.4331339662444702
-1.4075195945433743
-1.3813731230207422
-1.3664028880234405
-1.3436241407461278
-1.3380741058325043
-1.3125785731206019
-1.2515938199215828
-1.2334255199289754
-1.2193967122518274
-1.2000492062552204
-1.186205599831997
-1.1332962429436433
-1.1100643873032021
-1.0989387309645275
-1.044291478991137
-1.011963412418102
-0.9616766594423589
-0.9414961865426956
-0.9145278365488791
-0.8808874063328275
-0.779630118853754
-0.7255651026299946
-0.7136872405876166
-0.7039146104559039
-0.5533933286726133
-0.47724360813627886
-0.44543806239782835
-0.214545806359862
-0.0232349854749541
0.023234985784189092
0.21454580528856068
0.4454380619371207
0.47724360842908264
0.5533933279996318
0.7039146101698555
0.7136872404012061
0.7255651038318514
0.7796301181744482
0.8808874052131969
0.9145278394577314
0.9414961860101754
0.9616766591998698
1.011963412810803
1.0442914799413425
1.0989387318326445
1.1100643875739893
1.1332962448851023
1.1862056010359565
1.2000492072854925
1.219396711976175
1.2334255195291728
1.2515938192922438
1.312578572693012
1.3380741050121645
1.3436241405422442
1.3664028870191063
1.3813731233630677
1.4075195922261898
1.433133964122703
1.4724104151385946
1.4794770736871123
1.4957489438913345
1.5147946744255016
1.5404009707821715
1.5702255995124028
1.5778366353400044
1.5940033944267882
1.6098578791109903
1.6274863261677723
1.6461874615835068
1.6494205237607618
1.6715823193534607
1.6937532755847482
1.7201209200651315
1.7356612544745658
1.7453216045536843
1.7479695879186936
1.7702119790093616
1.7849566783137059
1.79194105455696
1.8001051945333497
1.809617153943216
1.8375003571090587
1.8555992997597655
1.8684604286770765
1.8763364496748218
1.8801999061042374
1.8967554912880666
1.9087784019751077
1.9205816412201593
1.9303952331978136
1.9435265835348172
1.9485881519297097
1.9661302217408585
1.973743372968783
1.985942090005487
1.9949775933370006
2.0089911875637783
2.0220985179636886
2.0391521400458337
2.0586749039541625
2.0686088332547397
2.0773157637882416
2.10190933819565
2.1059498758353463
2.1159889673432892
2.1315302117596464
2.136992151036633
2.1427663658519904
2.150648203535731
2.171531025473245
2.192311742219389
2.196480346911351
2.206327792591693
2.2121128657132627
2.2162543690190213
2.236635884213571
2.2464773405805216
2.251767853205038
2.273730089797466
2.2877829970107735
2.317271021685559
2.3227674965068457
2.333013378462044
2.3428594031554404
2.378871045480507
2.3920772225949607
2.402103473651686
2.414805257158941
2.429918470114647
2.453050230934143
2.457065122166045
2.4725100114556993
2.484700208194181
2.492793357176034
2.5035701655004257
2.5290934133191345
2.548427241919489
2.56048988480437
2.574463981175414
2.587858993636972
2.607727124588784
2.612798910418538
2.6277625625780296
2.644157413349765
2.6556090023064134
2.6682977701382957
2.6872165539549946
2.700001878689012
2.711286710387842
2.7245841357979863
2.7460007021801642
2.7596380488247236
2.783132246779247
2.791738704272164
2.801125654708752
2.83361708735798
2.838251036460452
2.8525378243986403
2.872466109115191
2.8804651095465026
2.8866452782459104
2.8880143512720635
2.896464329143861
2.9082372801129726
2.9196194962961735
2.938581982458199
2.959165600879003
2.9828982556581876
2.998904152726966
3.0093401652698075
3.0148557298666723
3.037677384020066
3.0423451062661226
3.063452488148673
3.078585370131475
3.099565207576722
3.110567073991888
3.1249399019824273
3.1529516604316385
3.166620876005492
3.1955629925005624
3.2058646968622817
3.2199228161509517
3.2302289913607276
3.233876053485585
3.2688627422646963
3.2915504353169256
3.3030725776467347
3.3413957124928872
3.3516430564083395
