-11.325531977449282
-10.989410451910043
-10.900325309183799
-10.883232644822055
-10.764782137538095
-10.7532836053731
-10.679989267050168
-10.646056911561274
-10.642026995861302
-10.634371608788088
-10.565399858062138
-10.500081524694577
-10.391503771688134
-10.338921459678435
-10.298735248769116
-10.24862887239155
-10.229844614923662
-10.129940638952842
-10.085670525596287
-10.077472237619281
-10.071059794676671
-10.016660894702813
-9.966429580843203
-9.87900153450114
-9.831548527166342
-9.806290970902728
-9.767707225993338
-9.72150118484184
-9.673229623668721
-9.601123138660633
-9.5435735636225
-9.526104527855308
-9.473103009425495
-9.462577318529494
-9.341936311113132
-9.284924057768043
-9.266356387898808
-9.187183993542966
-9.124157537536448
-9.087253476199024
-9.079818940708963
-9.05510008443561
-9.023321220377344
-8.983198259504453
-8.965484617882069
-8.931786565775983
-8.918047985182506
-8.903737735617332
-8.83706156320242
-8.812083253166646
-8.809053901676382
-8.773413192880993
-8.712696334392533
-8.660461882546391
-8.627939191382332
-8.610358260764771
-8.504714093064326
-8.497855034605468
-8.486698880857967
-8.48270631512023
-8.468974668376031
-8.377081275979627
-8.322347391333393
-8.295356719162308
-8.293594042928786
-8.284343920685409
-8.245374305298663
-8.238080275815971
-8.178538618040823
-8.149838544099767
-8.119781435892694
-8.096954630497969
-8.04321314409471
-8.033980329044006
-8.025484039279078
-8.012117418065678
-7.936148732281481
-7.8771277408048475
-7.871523573365987
-7.818491518836334
-7.774652500037834
-7.698754823940658
-7.691835997380524
-7.6526992901708395
-7.632668563040194
-7.598664418996178
-7.575166214865635
-7.508029034705978
-7.486395876134042
-7.475021592456419
-7.444929935240937
-7.411684678411601
-7.398335273467236
-7.3662129707446615
-7.316171002123799
-7.275897040665042
-7.260118039879917
-7.244508120123601
-7.198768466387225
-7.190964825882062
-7.171413200274293
-7.14245315103174
-7.096290050930196
-7.060137191750657
-7.008441085454351
-6.97509831973863
-6.941337631690116
-6.921253299792217
-6.87604005295797
-6.864654044882778
-6.828683747879319
-6.7616150474241365
-6.712850088954347
-6.70917310675085
-6.675270894578946
-6.626602986303856
-6.6228010303387235
-6.6074199556522535
-6.5471679595810555
-6.488181017339072
-6.433405264034879
-6.401885387914665
-6.395361600670258
-6.352749807518983
-6.313344470106219
-6.284187173632392
-6.25372377552156
-6.206337675898042
-6.156521324278187
-6.0753376474085
-5.979333377487118
-5.946317229806996
-5.933482674434556
-5.872914934597865
-5.793867652467555
-5.784101554151769
-5.743520025854385
-5.671373773531769
-5.639345703488298
-5.599255336409346
-5.558512998810455
-5.508413543145103
-5.4447354592008965
-5.401742412850628
-5.373932390180122
-5.35450463980583
-5.225046322235641
-5.197519560305526
-5.117912128253308
-5.010980941290692
-4.966796260976043
-4.869909313655355
-4.699846023543511
-4.661857076995471
-4.633046718117267
-4.053653167938581
-3.815396980745513
-3.1450624551791853
-2.72622144458997
-2.3550210577566566
-0.00018372277720999893
-5.839019461563512e-08
5.839119358638897e-08
0.00018372277303341683
2.3550210577570803
2.72622144463812
3.1450624551845516
3.81539698074512
4.053653167946875
4.6330467289237784
4.661857079389482
4.699846027504581
4.869909331606751
4.966796257659817
5.010980934896589
5.117912128109687
5.19751955907838
5.2250463186583085
5.354504639771702
5.373932386640485
5.401742412582728
5.444735474544923
5.508413534298534
5.558512994313873
5.599255338939238
5.639345698804855
5.671373772967173
5.743520026661589
5.784101554102503
5.793867651654142
5.87291493451215
5.933482673403224
5.946317229622212
5.979333378180641
6.075337645506239
6.156521318801421
6.206337671666127
6.253723775431166
6.28418717438302
6.313344467420481
6.352749810086647
6.395361608341473
6.401885389562482
6.433405264174738
6.488181016847398
6.547167960920922
6.607419955414158
6.622801029536494
6.626602991454268
6.675270895962489
6.70917310792778
6.712850088901849
6.76161505174925
6.828683749707952
6.8646540455105285
6.876040053905891
6.9212532996671055
6.941337631345532
6.975098317341655
7.008441085463911
7.060137189693414
7.096290053596404
7.142453149804514
7.171413198765965
7.190964823686531
7.198768465937315
7.244508117015741
7.260118039539209
7.275897038335661
7.3161709982578635
7.366212969109723
7.398335273923854
7.41168467889887
7.444929934558392
7.475021589445002
7.486395875888005
7.508029039010246
7.575166216746269
7.598664418543794
7.632668558011245
7.6526992897077495
7.691835996263032
7.698754822142741
7.774652498241796
7.818491515718817
7.871523571392137
7.8771277400380635
7.936148732432223
8.012117413319169
8.025484038901647
8.033980335939606
8.04321314701083
8.09695462951948
8.119781436044176
8.149838544328952
8.178538618824257
8.238080276566905
8.245374300945883
8.284343916830846
8.29359404100535
8.295356717179452
8.322347391205117
8.377081275654618
8.468974667137884
8.482706318671383
8.486698882712673
8.49785503871203
8.504714094790248
8.61035826589791
8.627939186472423
8.660461883586718
8.71269633623048
8.773413192890708
8.80905390144187
8.812083252105301
8.837061564380594
8.903737730974873
8.91804798149279
8.931786559861647
8.965484615183156
8.983198258690212
9.023321219639108
9.055100084734775
9.079818942998449
9.087253478305067
9.12415753983003
9.187184003010442
9.266356387846825
9.28492405291053
9.341936311312189
9.462577313774544
9.473103013573201
9.526104528465348
9.543573561483205
9.601123138488543
9.67322961428566
9.721501185397303
9.767707227120534
9.806290971010128
9.83154852444654
9.879001533244823
9.966429579595264
10.016660895193786
10.07105979960275
10.07747224155481
10.085670530379247
10.129940630351964
10.229844616506261
10.248628869440909
10.29873525028098
10.338921460444247
10.391503774809944
10.500081529761145
10.565399857034711
10.634371609430845
10.642027000274124
10.646056911170739
10.679989261739289
10.753283602046144
10.76478213751293
10.883232642686798
10.900325316476955
10.989410453241888
11.32553198038552
