-1.5932678723221916
-1.593267872322191
-1.5919022228385915
-1.5919022228385904
-1.570900057470919
-1.5709000574709178
-1.5517355393385825
-1.5517355393385817
-1.5473970056472068
-1.5473970056472055
-1.5421872140341195
-1.542187214034119
-1.4964722141022961
-1.496472214102296
-1.487515341773626
-1.4875153417736253
-1.4860074273460395
-1.4860074273460395
-1.4678483400041695
-1.4678483400041689
-1.4644740028362324
-1.4644740028362315
-1.4632497411129488
-1.4632497411129484
-1.4535119562626482
-1.453511956262648
-1.430898753081234
-1.430898753081234
-1.4157792390211668
-1.4157792390211663
-1.3788072691202935
-1.3788072691202935
-1.3767133106248732
-1.3767133106248728
-1.3501450401984278
-1.3501450401984272
-1.344526956620611
-1.3445269566206108
-1.3395892051452438
-1.339589205145243
-1.3334704324726887
-1.3334704324726885
-1.3269628982460862
-1.3269628982460853
-1.3228977875227383
-1.3228977875227381
-1.2227221898670244
-1.2227221898670242
-1.2204213226398055
-1.220421322639805
-1.210453714817971
-1.210453714817971
-1.203868959418173
-1.2038689594181726
-1.1575190306729946
-1.1575190306729937
-1.1520434049995232
-1.1520434049995227
-1.1363312849994227
-1.1363312849994225
-1.1303331080253363
-1.1303331080253356
-1.0933308913110515
-1.093330891311051
-1.0820132825964401
-1.0820132825964397
-1.06726572547209
-1.0672657254720896
-1.0336388459217152
-1.0336388459217147
-0.9767789135861215
-0.9767789135861213
-0.97493754291271
-0.9749375429127094
-0.9403793985838992
-0.9403793985838985
-0.9036070516453002
-0.9036070516453001
-0.9014596913553187
-0.9014596913553184
-0.8995536563696199
-0.8995536563696197
-0.8340033428326039
-0.8340033428326037
-0.8291537305957012
-0.8291537305957004
-0.8266421703104658
-0.8266421703104652
-0.8249106564940822
-0.8249106564940821
-0.7713221290484049
-0.7713221290484044
-0.7651766860151287
-0.7651766860151282
-0.7645389777673743
-0.7645389777673738
-0.7602061378520019
-0.7602061378520011
-0.7290916259939514
-0.729091625993951
-0.7260800731631969
-0.7260800731631967
-0.6118489794091249
-0.6118489794091243
-0.6103304149736983
-0.6103304149736981
-0.5809406512055072
-0.5809406512055065
-0.2546047575041089
-0.25460475750410877
-0.25158009459197694
-0.2515800945919769
-0.2067488122049942
-0.20674881220499414
-0.19984641127412275
-0.19984641127412253
-0.19450220147016076
-0.19450220147016067
-0.1906763692308042
-0.19067636923080386
-0.13159030890415566
-0.1315903089041556
-0.11668941133609806
-0.11668941133609782
-0.0389728617794837
-0.038972861779483434
-0.015485200157786348
-0.015485200157786297
0.015485200157786453
0.015485200157786635
0.03897286177948348
0.03897286177948374
0.11668941133609764
0.11668941133609796
0.13159030890415588
0.13159030890415604
0.19067636923080364
0.19067636923080378
0.19450220147016062
0.19450220147016148
0.19984641127412223
0.1998464112741224
0.20674881220499436
0.2067488122049945
0.25158009459197717
0.2515800945919772
0.25460475750410894
0.2546047575041091
0.5809406512055063
0.5809406512055066
0.610330414973698
0.6103304149736981
0.6118489794091245
0.6118489794091249
0.7260800731631966
0.7260800731631968
0.7290916259939507
0.7290916259939508
0.7602061378520014
0.7602061378520018
0.7645389777673728
0.7645389777673738
0.7651766860151282
0.7651766860151283
0.7713221290484046
0.7713221290484047
0.8249106564940817
0.8249106564940822
0.8266421703104645
0.8266421703104645
0.8291537305957001
0.8291537305957009
0.8340033428326036
0.8340033428326039
0.8995536563696199
0.8995536563696203
0.9014596913553181
0.9014596913553181
0.9036070516453002
0.9036070516453005
0.9403793985838986
0.9403793985838992
0.9749375429127096
0.9749375429127096
0.9767789135861211
0.9767789135861217
1.0336388459217143
1.033638845921715
1.0672657254720899
1.06726572547209
1.0820132825964397
1.0820132825964401
1.0933308913110504
1.0933308913110507
1.130333108025336
1.1303331080253367
1.1363312849994225
1.136331284999423
1.152043404999523
1.1520434049995236
1.1575190306729939
1.1575190306729948
1.203868959418173
1.203868959418173
1.210453714817971
1.2104537148179715
1.2204213226398055
1.2204213226398057
1.222722189867024
1.222722189867025
1.3228977875227381
1.3228977875227383
1.326962898246085
1.3269628982460853
1.3334704324726887
1.3334704324726891
1.339589205145243
1.3395892051452432
1.3445269566206106
1.344526956620611
1.3501450401984272
1.3501450401984276
1.3767133106248732
1.3767133106248732
1.3788072691202935
1.3788072691202942
1.4157792390211665
1.4157792390211668
1.4308987530812327
1.4308987530812334
1.453511956262648
1.4535119562626484
1.463249741112948
1.4632497411129484
1.4644740028362317
1.4644740028362317
1.4678483400041695
1.4678483400041695
1.4860074273460395
1.4860074273460395
1.4875153417736253
1.4875153417736255
1.4964722141022964
1.4964722141022975
1.5421872140341197
1.5421872140341202
1.5473970056472055
1.5473970056472068
1.5517355393385825
1.5517355393385825
1.570900057470917
1.570900057470918
1.5919022228385902
1.5919022228385904
1.5932678723221905
1.593267872322191
