-1.528796871755702
-1.5287968717557006
-1.5277733647273148
-1.5277733647273148
-1.5232229116145688
-1.5232229116145681
-1.5129400658430703
-1.5129400658430698
-1.4798137038454877
-1.4798137038454875
-1.4790532077363978
-1.4790532077363976
-1.473512465919492
-1.4735124659194916
-1.458568241770543
-1.4585682417705423
-1.4170885629951713
-1.4170885629951713
-1.4128026772981026
-1.4128026772981017
-1.4022554485922123
-1.402255448592212
-1.3988855943916045
-1.3988855943916043
-1.3856448566866253
-1.3856448566866253
-1.3737418331285964
-1.3737418331285964
-1.369338530587031
-1.3693385305870307
-1.3687285232168633
-1.3687285232168633
-1.287150774727455
-1.2871507747274544
-1.2850364166947457
-1.2850364166947454
-1.2717953703776532
-1.271795370377652
-1.268491137482497
-1.2684911374824968
-1.259500819689002
-1.2595008196890016
-1.2543888844918947
-1.2543888844918942
-1.239454823332787
-1.2394548233327864
-1.2341638360532174
-1.2341638360532172
-1.1304265064000392
-1.1304265064000392
-1.1291267641929335
-1.1291267641929332
-1.1254915351906265
-1.125491535190626
-1.1045027435582744
-1.104502743558273
-1.0394452929552025
-1.0394452929552023
-1.0355497760392802
-1.03554977603928
-1.0244328946223078
-1.0244328946223076
-1.0195628987820389
-1.0195628987820389
-0.9746018482704968
-0.9746018482704965
-0.9628482797723092
-0.9628482797723092
-0.9540784281695104
-0.9540784281695102
-0.9464276262502169
-0.9464276262502164
-0.8240772221195876
-0.8240772221195874
-0.8223312865041067
-0.8223312865041061
-0.8136405609736279
-0.8136405609736278
-0.7840399310082727
-0.7840399310082721
-0.7099165679287818
-0.7099165679287817
-0.7094486082946876
-0.7094486082946874
-0.6815051022567262
-0.6815051022567259
-0.6601061581909575
-0.6601061581909574
-0.6564425279579413
-0.6564425279579411
-0.6522172556526421
-0.652217255652642
-0.6461467269050071
-0.6461467269050067
-0.6423600957154721
-0.6423600957154721
-0.6072149032062385
-0.6072149032062383
-0.6050885673507526
-0.6050885673507526
-0.6021768290915264
-0.6021768290915263
-0.6017979004157701
-0.60179790041577
-0.42784062134342693
-0.4278406213434266
-0.4129461093039261
-0.4129461093039258
-0.35662951769327694
-0.3566295176932767
-0.3530564754945016
-0.35305647549450137
-0.3364603485705516
-0.3364603485705514
-0.3297327452931726
-0.3297327452931726
-0.30711185813593567
-0.3071118581359352
-0.28310361289316927
-0.283103612893169
-0.27759446930760473
-0.27759446930760445
-0.2743525801027292
-0.27435258010272906
-0.20736962897218236
-0.20736962897218159
-0.1905704752476617
-0.1905704752476606
0.19057047524766008
0.19057047524766033
0.20736962897218117
0.2073696289721814
0.2743525801027287
0.27435258010272917
0.27759446930760423
0.2775944693076047
0.28310361289316854
0.2831036128931691
0.3071118581359353
0.30711185813593544
0.32973274529317226
0.3297327452931725
0.3364603485705509
0.33646034857055135
0.35305647549450125
0.3530564754945013
0.35662951769327605
0.35662951769327644
0.4129461093039257
0.4129461093039262
0.4278406213434265
0.4278406213434268
0.60179790041577
0.6017979004157705
0.6021768290915263
0.6021768290915265
0.6050885673507524
0.6050885673507526
0.6072149032062383
0.6072149032062386
0.6423600957154721
0.6423600957154725
0.6461467269050067
0.6461467269050071
0.6522172556526419
0.6522172556526421
0.6564425279579412
0.6564425279579414
0.6601061581909575
0.6601061581909576
0.6815051022567262
0.6815051022567262
0.709448608294687
0.7094486082946874
0.7099165679287812
0.7099165679287812
0.7840399310082724
0.7840399310082733
0.8136405609736281
0.8136405609736282
0.822331286504107
0.8223312865041071
0.8240772221195869
0.8240772221195869
0.9464276262502163
0.9464276262502166
0.9540784281695098
0.95407842816951
0.9628482797723089
0.9628482797723091
0.9746018482704956
0.9746018482704959
1.019562898782039
1.019562898782039
1.024432894622307
1.0244328946223078
1.03554977603928
1.0355497760392802
1.0394452929552018
1.0394452929552023
1.1045027435582744
1.1045027435582746
1.1254915351906254
1.1254915351906258
1.1291267641929332
1.1291267641929335
1.1304265064000392
1.1304265064000398
1.2341638360532172
1.234163836053218
1.2394548233327867
1.2394548233327867
1.2543888844918945
1.2543888844918947
1.2595008196890016
1.259500819689002
1.2684911374824972
1.2684911374824972
1.2717953703776526
1.2717953703776528
1.2850364166947457
1.2850364166947457
1.2871507747274546
1.2871507747274549
1.3687285232168631
1.3687285232168633
1.3693385305870307
1.3693385305870318
1.3737418331285967
1.3737418331285967
1.385644856686625
1.385644856686625
1.3988855943916032
1.3988855943916039
1.402255448592212
1.4022554485922123
1.4128026772981024
1.412802677298103
1.4170885629951702
1.4170885629951704
1.4585682417705423
1.4585682417705428
1.4735124659194918
1.4735124659194923
1.4790532077363974
1.4790532077363978
1.4798137038454873
1.4798137038454877
1.5129400658430696
1.5129400658430698
1.5232229116145681
1.5232229116145684
1.5277733647273144
1.5277733647273144
1.528796871755701
1.5287968717557017
