-1.5932678723221916
-1.5932678723221902
-1.5919022228385908
-1.5919022228385904
-1.5709000574709173
-1.570900057470917
-1.5517355393385825
-1.5517355393385823
-1.547397005647207
-1.5473970056472064
-1.542187214034119
-1.5421872140341188
-1.4964722141022966
-1.4964722141022964
-1.4875153417736258
-1.487515341773625
-1.4860074273460393
-1.4860074273460386
-1.4678483400041702
-1.46784834000417
-1.4644740028362317
-1.4644740028362315
-1.4632497411129488
-1.4632497411129486
-1.4535119562626486
-1.453511956262648
-1.4308987530812338
-1.4308987530812334
-1.4157792390211668
-1.4157792390211668
-1.3788072691202944
-1.378807269120294
-1.376713310624873
-1.376713310624873
-1.3501450401984278
-1.3501450401984276
-1.3445269566206104
-1.34452695662061
-1.339589205145243
-1.3395892051452427
-1.333470432472689
-1.3334704324726885
-1.326962898246085
-1.326962898246085
-1.3228977875227386
-1.3228977875227381
-1.222722189867025
-1.222722189867025
-1.2204213226398053
-1.2204213226398046
-1.210453714817972
-1.2104537148179715
-1.2038689594181737
-1.2038689594181726
-1.157519030672994
-1.1575190306729939
-1.1520434049995234
-1.1520434049995225
-1.1363312849994227
-1.1363312849994223
-1.1303331080253378
-1.1303331080253358
-1.0933308913110507
-1.0933308913110504
-1.08201328259644
-1.08201328259644
-1.06726572547209
-1.0672657254720899
-1.033638845921715
-1.0336388459217143
-0.976778913586122
-0.9767789135861213
-0.9749375429127097
-0.9749375429127093
-0.9403793985838989
-0.9403793985838986
-0.9036070516453002
-0.9036070516452995
-0.9014596913553184
-0.9014596913553173
-0.8995536563696199
-0.8995536563696196
-0.8340033428326041
-0.8340033428326039
-0.8291537305957011
-0.8291537305957005
-0.8266421703104648
-0.8266421703104647
-0.8249106564940822
-0.8249106564940821
-0.771322129048405
-0.7713221290484049
-0.7651766860151286
-0.7651766860151286
-0.7645389777673738
-0.7645389777673731
-0.760206137852002
-0.7602061378520018
-0.729091625993951
-0.7290916259939506
-0.7260800731631967
-0.7260800731631966
-0.6118489794091243
-0.6118489794091243
-0.6103304149736983
-0.6103304149736977
-0.5809406512055068
-0.5809406512055068
-0.25460475750410894
-0.2546047575041089
-0.251580094591977
-0.2515800945919768
-0.20674881220499441
-0.20674881220499436
-0.1998464112741227
-0.19984641127412237
-0.1945022014701611
-0.19450220147016062
-0.19067636923080378
-0.19067636923080372
-0.1315903089041561
-0.13159030890415574
-0.11668941133609834
-0.11668941133609793
-0.03897286177948374
-0.038972861779483704
-0.015485200157786766
-0.01548520015778635
0.015485200157786294
0.015485200157786478
0.038972861779483316
0.038972861779483545
0.11668941133609753
0.11668941133609793
0.13159030890415582
0.13159030890415602
0.19067636923080392
0.19067636923080394
0.19450220147016045
0.19450220147016078
0.1998464112741225
0.19984641127412267
0.20674881220499441
0.20674881220499444
0.25158009459197656
0.25158009459197733
0.2546047575041088
0.2546047575041091
0.5809406512055068
0.5809406512055068
0.610330414973698
0.6103304149736988
0.6118489794091246
0.6118489794091251
0.7260800731631971
0.7260800731631973
0.7290916259939508
0.7290916259939509
0.7602061378520016
0.7602061378520021
0.7645389777673735
0.7645389777673738
0.7651766860151282
0.7651766860151286
0.7713221290484047
0.771322129048405
0.8249106564940819
0.8249106564940839
0.8266421703104648
0.826642170310466
0.8291537305957007
0.8291537305957014
0.8340033428326037
0.8340033428326046
0.899553656369619
0.8995536563696196
0.9014596913553177
0.901459691355319
0.9036070516452994
0.9036070516453004
0.9403793985838979
0.9403793985838986
0.9749375429127093
0.9749375429127101
0.9767789135861213
0.9767789135861217
1.0336388459217145
1.0336388459217145
1.06726572547209
1.06726572547209
1.08201328259644
1.0820132825964401
1.093330891311051
1.093330891311051
1.1303331080253356
1.1303331080253358
1.1363312849994223
1.1363312849994232
1.1520434049995227
1.1520434049995232
1.1575190306729934
1.1575190306729939
1.203868959418173
1.203868959418173
1.210453714817971
1.2104537148179715
1.2204213226398049
1.2204213226398049
1.2227221898670244
1.2227221898670246
1.3228977875227383
1.3228977875227386
1.3269628982460853
1.3269628982460853
1.3334704324726887
1.3334704324726891
1.3395892051452434
1.3395892051452438
1.3445269566206106
1.3445269566206106
1.3501450401984274
1.3501450401984274
1.3767133106248732
1.3767133106248735
1.378807269120294
1.3788072691202944
1.4157792390211668
1.4157792390211668
1.4308987530812334
1.4308987530812334
1.453511956262648
1.4535119562626484
1.4632497411129477
1.4632497411129477
1.4644740028362306
1.464474002836231
1.4678483400041695
1.4678483400041697
1.4860074273460395
1.4860074273460397
1.4875153417736249
1.487515341773625
1.4964722141022966
1.4964722141022966
1.5421872140341188
1.5421872140341195
1.5473970056472064
1.5473970056472068
1.5517355393385817
1.5517355393385823
1.5709000574709178
1.570900057470918
1.5919022228385908
1.5919022228385915
1.5932678723221911
1.5932678723221916
