-1.4093933803040164
-1.3906726771319566
-1.3781665545963229
-1.3740806445174014
-1.358469515935938
-1.348205983373221
-1.3431045095945855
-1.333694394668815
-1.3268955820835835
-1.3172304928045784
-1.3086080565959055
-1.3021692599059271
-1.2938157864564477
-1.2914990656631926
-1.2810544928955967
-1.2682037362160528
-1.2630578763921736
-1.259270105488752
-1.2486359048268612
-1.2443406698146466
-1.2375035896643152
-1.2283382733151702
-1.2249940532035999
-1.214611654428836
-1.2119679979589637
-1.2055046462123375
-1.1981388964464958
-1.1911102752655873
-1.1889791777123364
-1.184967136761044
-1.1814598517764439
-1.1776540199287577
-1.1723350052210613
-1.1629841830445669
-1.1602702727244543
-1.1585395976554733
-1.1509938141099842
-1.147846212987786
-1.1424290596299216
-1.1363424176594779
-1.1342330502737896
-1.1327489972754479
-1.1262865030142923
-1.1196422698000639
-1.117621981762635
-1.1094315063583113
-1.1061479778117156
-1.1034108448998508
-1.0952280429329735
-1.0917626789654706
-1.0913859120758707
-1.0837222778542752
-1.0810524786353188
-1.0792166766807094
-1.0737213273545272
-1.0703707933659297
-1.0633071430452132
-1.059909707681024
-1.057847640116204
-1.0470490332839866
-1.0443603512350468
-1.0413999949233796
-1.03726486344017
-1.033698524032166
-1.0296935233477338
-1.025082531172894
-1.0234903296952496
-1.0189640518310745
-1.014460413040874
-1.011293466413629
-1.0043434811374177
-0.9954330520717836
-0.992286671004675
-0.9892876902951975
-0.9848216604377353
-0.9821374538562877
-0.9765848144786339
-0.9693931849343439
-0.9678404652987909
-0.9608390667403777
-0.9561133442186379
-0.9543936543584111
-0.9498648041475487
-0.9468256447711647
-0.9423730831065326
-0.9386352319657048
-0.9319844118383286
-0.9252646860115727
-0.9220419813668718
-0.9216783743269309
-0.9105357692388205
-0.9037353130609236
-0.9013950579188845
-0.8992585531960315
-0.8959352724444929
-0.8929028246605004
-0.8855982276187597
-0.8848783530092053
-0.8796898343494828
-0.8754381709724987
-0.871807193223188
-0.8699175436940622
-0.8673022861105565
-0.8596929887931791
-0.8586998697591638
-0.8543125224297958
-0.8501477121488619
-0.8442382142809562
-0.8406304122424044
-0.8397352535023046
-0.8369697573156865
-0.8283068804097623
-0.8263667961333905
-0.8223759874448221
-0.8120436018234274
-0.8077366957365981
-0.8062582309314911
-0.8036549773362309
-0.7993015979359654
-0.7895647361603721
-0.7814063839653151
-0.7785614249005902
-0.7731798583670653
-0.7676357399045556
-0.7606593733978841
-0.7545982846004351
-0.748009739432619
-0.742883816276393
-0.7268516417223442
-0.7256407139332278
-0.7224718031762827
-0.7092358370688706
-0.7060569704838899
-0.6967328900716162
-0.6928504860569696
-0.6800674880410197
-0.6676360633171636
-0.657361458392022
-0.6438316260870183
-0.6381091285048236
-0.626649205334176
-0.6199302181603468
-0.6071471142853204
-0.6008669271112931
-0.5963860757660328
-0.5790946223058254
-0.572271959765947
-0.5679114072944511
-0.5520999382033357
-0.5373582473469276
-0.5323804179731767
-0.523478826749869
-0.5036186979361261
-0.49239049756390246
-0.4883747323143739
-0.4502456031348161
-0.4271369131280028
-0.41186826306212737
-0.3102139202812836
-0.23396435669088964
-0.004453697888819225
-1.6174245723407647e-06
1.6174245727332122e-06
0.004453697888818001
0.23396435669088964
0.3102139202812824
0.4118682630621276
0.4271369131280023
0.4502456031348158
0.48837473231437367
0.49239049756390146
0.5036186979361261
0.5234788267498687
0.5323804179731765
0.5373582473469274
0.5520999382033355
0.567911407294451
0.5722719597659474
0.5790946223058252
0.5963860757660325
0.6008669271112931
0.6071471142853208
0.6199302181603473
0.6266492053341761
0.6381091285048239
0.6438316260870185
0.6573614583920213
0.6676360633171632
0.6800674880410192
0.6928504860569694
0.6967328900716162
0.7060569704838899
0.7092358370688703
0.7224718031762826
0.7256407139332279
0.7268516417223442
0.7428838162763931
0.748009739432619
0.7545982846004351
0.7606593733978841
0.7676357399045556
0.7731798583670654
0.7785614249005902
0.7814063839653154
0.7895647361603724
0.7993015979359654
0.8036549773362313
0.8062582309314908
0.8077366957365983
0.8120436018234274
0.822375987444822
0.8263667961333903
0.8283068804097622
0.8369697573156865
0.839735253502304
0.8406304122424044
0.844238214280956
0.8501477121488619
0.8543125224297958
0.8586998697591633
0.8596929887931791
0.8673022861105563
0.8699175436940623
0.8718071932231879
0.8754381709724985
0.8796898343494828
0.8848783530092047
0.8855982276187594
0.8929028246605005
0.8959352724444929
0.8992585531960313
0.9013950579188842
0.9037353130609236
0.9105357692388206
0.9216783743269312
0.9220419813668727
0.9252646860115727
0.9319844118383288
0.938635231965705
0.9423730831065327
0.9468256447711646
0.9498648041475486
0.9543936543584112
0.956113344218638
0.9608390667403779
0.9678404652987906
0.9693931849343438
0.9765848144786335
0.9821374538562875
0.9848216604377354
0.9892876902951975
0.9922866710046753
0.9954330520717835
1.0043434811374177
1.0112934664136286
1.0144604130408734
1.0189640518310743
1.0234903296952493
1.025082531172894
1.0296935233477338
1.033698524032166
1.03726486344017
1.0413999949233799
1.044360351235047
1.0470490332839868
1.0578476401162038
1.059909707681024
1.0633071430452128
1.0703707933659299
1.0737213273545272
1.079216676680709
1.0810524786353186
1.083722277854275
1.0913859120758702
1.091762678965469
1.0952280429329735
1.1034108448998508
1.1061479778117156
1.1094315063583111
1.1176219817626354
1.119642269800064
1.1262865030142923
1.1327489972754483
1.1342330502737894
1.136342417659478
1.1424290596299216
1.1478462129877856
1.1509938141099845
1.1585395976554733
1.1602702727244543
1.162984183044567
1.1723350052210613
1.177654019928758
1.1814598517764439
1.1849671367610437
1.1889791777123364
1.191110275265587
1.1981388964464958
1.2055046462123375
1.2119679979589637
1.214611654428836
1.2249940532035999
1.2283382733151702
1.2375035896643154
1.2443406698146466
1.2486359048268612
1.2592701054887514
1.2630578763921732
1.2682037362160519
1.281054492895597
1.2914990656631926
1.2938157864564477
1.3021692599059278
1.308608056595905
1.3172304928045784
1.3268955820835835
1.3336943946688147
1.3431045095945855
1.348205983373221
1.3584695159359383
1.3740806445174012
1.3781665545963229
1.3906726771319562
1.4093933803040175
