-1.4025979554157704
-1.390800055499513
-1.3862498336728333
-1.3826050507273988
-1.3646718206209019
-1.3629485676745579
-1.3400194744276444
-1.3367567456413931
-1.3316174179970521
-1.3253149721985338
-1.3063939725712028
-1.3010625697338154
-1.2926588963981298
-1.2838602220452457
-1.2813260592682463
-1.276105920912437
-1.2688220690722514
-1.2669083518736797
-1.2600749002878053
-1.2554974539720956
-1.251112603468275
-1.2403652806172818
-1.2355959811437942
-1.2344327343925015
-1.2283788232783996
-1.2259691303611508
-1.223971914713185
-1.217583479915657
-1.2147248997498685
-1.2121180031240335
-1.20704095957021
-1.2050899899310354
-1.1992613729903836
-1.1983495872163918
-1.1931471596388172
-1.1880150320550704
-1.1851722752275853
-1.1757360020983507
-1.173343855764723
-1.17230537948175
-1.1692497679674791
-1.1663513999445172
-1.159626048938648
-1.1573290044611748
-1.1490366052798038
-1.1455266494650111
-1.1407915528061885
-1.1368541857956052
-1.1350800383421034
-1.12851419458048
-1.121444944585154
-1.1194712961313502
-1.1158743481851312
-1.1141457154210266
-1.1128346293749622
-1.1066970984746904
-1.1053733902597198
-1.0960958436726906
-1.0924877425354045
-1.0905184791899973
-1.0856847873399196
-1.0829115307691877
-1.078886639944259
-1.0765198954176751
-1.0722932961356975
-1.0669790744691814
-1.0655336726482811
-1.0598183321327534
-1.0572670790071579
-1.052512442337103
-1.0489446791768215
-1.0424151074329273
-1.0395095471032807
-1.034251224205966
-1.0338941329014089
-1.0291941219873642
-1.0245618944292332
-1.0207669018746324
-1.0184160125356914
-1.0154379927189108
-1.0102858789473115
-1.0086005518082728
-1.0061625128115876
-1.0009425314105045
-0.999811789393782
-0.9949148005204612
-0.9912209297272241
-0.9840946138647317
-0.9786972156489209
-0.9770710827953966
-0.9736023192649367
-0.9673474307999332
-0.9642689720885145
-0.9608159328687202
-0.9589240376549425
-0.9571998790984305
-0.9558867843870039
-0.9465926225837488
-0.9442879243672093
-0.9360723159502876
-0.933355972144942
-0.9266669280416757
-0.9245258961638808
-0.9220046919505556
-0.9207645034104622
-0.9172756358133585
-0.9141198214883552
-0.9101325232431006
-0.907070364038558
-0.8976225023418817
-0.8942709005779155
-0.8925100404902948
-0.8898067375651035
-0.884633860553138
-0.8823669530929035
-0.877340522817896
-0.8731424256837349
-0.8691481117836185
-0.8620131185131475
-0.8609320401148792
-0.856474006512311
-0.8528261313760807
-0.8490412126068362
-0.843570787206853
-0.8340832212256074
-0.8309127631146961
-0.8279364061637733
-0.8231724202711076
-0.8209905866256402
-0.81700578531973
-0.8104941787525225
-0.8064167468716921
-0.8017046485686249
-0.7961483444609495
-0.7927699365290289
-0.779496559641708
-0.7742974058497842
-0.7685349882039015
-0.764499598015858
-0.7611784383793095
-0.7569677570914854
-0.754061390781196
-0.7343880014817162
-0.7306500295896352
-0.7189454277021352
-0.7065283362134814
-0.6920476649221373
-0.6847415731115499
-0.6646306436680421
-0.6590369887826291
-0.6492329765864917
-0.6370179161614099
-0.6306105380288962
-0.615342505163509
-0.5960895368246317
-0.5572934829290799
-0.5449000854012803
-0.5308266575965258
-0.5201710237619702
-0.5023485104721503
-0.48380070234199285
-0.4617867612978137
0.4617867612978139
0.483800702341993
0.5023485104721506
0.5201710237619707
0.530826657596526
0.5449000854012801
0.5572934829290799
0.5960895368246318
0.6153425051635087
0.6306105380288963
0.6370179161614099
0.6492329765864916
0.6590369887826291
0.6646306436680421
0.6847415731115499
0.6920476649221379
0.7065283362134813
0.7189454277021351
0.7306500295896354
0.7343880014817165
0.7540613907811962
0.7569677570914856
0.7611784383793097
0.7644995980158577
0.7685349882039018
0.7742974058497848
0.7794965596417085
0.7927699365290289
0.7961483444609494
0.8017046485686247
0.8064167468716922
0.8104941787525226
0.8170057853197299
0.820990586625639
0.8231724202711076
0.8279364061637734
0.8309127631146963
0.8340832212256077
0.8435707872068531
0.849041212606836
0.8528261313760808
0.8564740065123109
0.8609320401148799
0.8620131185131479
0.8691481117836184
0.8731424256837341
0.8773405228178963
0.8823669530929037
0.8846338605531378
0.8898067375651031
0.8925100404902948
0.8942709005779155
0.8976225023418817
0.9070703640385583
0.9101325232431005
0.9141198214883554
0.9172756358133587
0.9207645034104621
0.9220046919505557
0.9245258961638809
0.9266669280416759
0.9333559721449421
0.9360723159502875
0.9442879243672094
0.946592622583749
0.9558867843870037
0.9571998790984307
0.9589240376549423
0.9608159328687199
0.9642689720885145
0.9673474307999331
0.9736023192649368
0.9770710827953966
0.978697215648921
0.9840946138647314
0.9912209297272242
0.9949148005204612
0.999811789393782
1.0009425314105043
1.0061625128115876
1.008600551808273
1.0102858789473113
1.0154379927189106
1.0184160125356918
1.0207669018746324
1.0245618944292332
1.0291941219873635
1.0338941329014089
1.0342512242059663
1.0395095471032807
1.042415107432927
1.0489446791768213
1.0525124423371028
1.0572670790071583
1.0598183321327534
1.0655336726482811
1.0669790744691814
1.072293296135697
1.0765198954176751
1.078886639944259
1.0829115307691874
1.0856847873399194
1.0905184791899976
1.0924877425354047
1.0960958436726904
1.1053733902597194
1.1066970984746898
1.1128346293749622
1.1141457154210268
1.1158743481851314
1.11947129613135
1.1214449445851535
1.12851419458048
1.1350800383421036
1.136854185795605
1.140791552806188
1.1455266494650111
1.1490366052798036
1.1573290044611748
1.1596260489386483
1.1663513999445174
1.169249767967479
1.1723053794817495
1.1733438557647229
1.175736002098351
1.1851722752275855
1.1880150320550702
1.1931471596388177
1.1983495872163918
1.1992613729903836
1.2050899899310352
1.2070409595702103
1.2121180031240335
1.2147248997498685
1.217583479915657
1.2239719147131853
1.2259691303611513
1.2283788232783996
1.2344327343925012
1.235595981143794
1.2403652806172818
1.251112603468275
1.2554974539720956
1.2600749002878049
1.266908351873679
1.2688220690722514
1.2761059209124375
1.2813260592682463
1.283860222045245
1.2926588963981298
1.3010625697338154
1.3063939725712024
1.3253149721985336
1.331617417997052
1.3367567456413925
1.3400194744276444
1.3629485676745579
1.3646718206209023
1.382605050727399
1.3862498336728335
1.3908000554995128
1.4025979554157701
