-1.4096437331128782
-1.3814104260250322
-1.380596118813893
-1.3626136913876972
-1.35336868203276
-1.3487920677291154
-1.3394004596544695
-1.334657507905547
-1.3296240228336909
-1.3137273763885549
-1.3012329911229252
-1.2972563358019453
-1.2875000395944929
-1.281325231345617
-1.2757780109515535
-1.268854443734132
-1.2669653997580796
-1.25340594640879
-1.2492091821490139
-1.243925589170808
-1.237910214594422
-1.23425024597576
-1.2323360007643003
-1.2200964445472324
-1.2176685837885945
-1.2073586476919975
-1.2001494654062717
-1.1929858190527163
-1.1901988964005263
-1.186843352225962
-1.1801769567073506
-1.1730242571992995
-1.1657002383759032
-1.1631608941244764
-1.1566575934897074
-1.151645933247157
-1.1482762970831923
-1.143517967883993
-1.1381771299629786
-1.1348505950585688
-1.130131802396901
-1.1275851640161894
-1.122241606338629
-1.1178971365091168
-1.109677171957307
-1.103727364004066
-1.1004185146547236
-1.092185694110309
-1.090744223087309
-1.0904566894563044
-1.0863185839140022
-1.0829507326116161
-1.07757412389384
-1.0723737768424184
-1.0667012620956922
-1.063045182708076
-1.056850881826634
-1.0497100119154767
-1.046055744555645
-1.0362297167699885
-1.032988601038154
-1.0316160033299628
-1.0289983714770372
-1.0263074253707307
-1.019765730170583
-1.014653962722343
-1.012182305832973
-1.0059902834741854
-1.0013801332133967
-0.999612084631099
-0.9940243777807366
-0.9890977289710609
-0.9841642703120744
-0.9791411271239213
-0.9773131663033247
-0.9739312687901066
-0.9713336286800578
-0.9664479308460002
-0.9577938178615419
-0.9511923133059588
-0.9500465728467354
-0.9430752800497317
-0.939607191401705
-0.938286931696038
-0.9319697220575727
-0.924797945913771
-0.9201723906565945
-0.9184237516249537
-0.9132916580972134
-0.9114436749762089
-0.909873664129552
-0.9043578616104362
-0.8974911555674585
-0.8955352494410508
-0.8925038439263363
-0.8914051850931671
-0.8839199012235156
-0.8764271908122212
-0.8759093051201762
-0.8718194471765639
-0.8706201876410938
-0.8593370172315993
-0.857471442222882
-0.8529310974046282
-0.8506226626922361
-0.8452981070227035
-0.8431203635663804
-0.8402543625570924
-0.8339102111517357
-0.8289159288669371
-0.8263923264774465
-0.8197355290674412
-0.8160248854025051
-0.8102306148933431
-0.8020252921371478
-0.7999411509258116
-0.7928520499676188
-0.7850515628683529
-0.7840837542508476
-0.7823531113401788
-0.7710750544732923
-0.763433068933164
-0.7584042472076317
-0.7548668491930413
-0.7542661461917203
-0.7470121638409593
-0.7394710086098544
-0.7363656048081035
-0.7275344898156518
-0.7259370834814459
-0.7160053635532434
-0.7102711305311689
-0.7031837113709364
-0.6848573382049501
-0.6824996822663779
-0.6785467649149648
-0.668824089588019
-0.6601056749317173
-0.64632192256764
-0.6371767146252564
-0.6350030445654934
-0.6331118960412389
-0.6171485920011772
-0.593874867802507
-0.592403224074688
-0.5871959135184022
-0.572335333081329
-0.5580954642217081
-0.5498469916613274
-0.5434234034446358
-0.534760321224121
-0.5193599285839652
-0.5047455888815894
-0.4967746426889134
-0.4884384772192428
-0.4549814825186429
-0.43875392470145674
-0.40229914423044627
-0.33475630790734356
-0.23478291009045052
-0.0021608958592110677
-2.6028028051173346e-06
2.6028028050335825e-06
0.002160895859210562
0.23478291009045058
0.3347563079073434
0.402299144230446
0.4387539247014567
0.4549814825186431
0.4884384772192427
0.4967746426889132
0.5047455888815896
0.5193599285839644
0.5347603212241213
0.543423403444636
0.5498469916613276
0.5580954642217081
0.5723353330813289
0.5871959135184022
0.5924032240746874
0.5938748678025066
0.6171485920011772
0.6331118960412386
0.6350030445654931
0.6371767146252562
0.6463219225676398
0.660105674931717
0.668824089588019
0.6785467649149645
0.6824996822663778
0.6848573382049502
0.7031837113709364
0.7102711305311694
0.7160053635532434
0.7259370834814458
0.727534489815652
0.7363656048081033
0.7394710086098542
0.7470121638409591
0.7542661461917204
0.7548668491930414
0.758404247207631
0.7634330689331641
0.7710750544732924
0.7823531113401794
0.7840837542508478
0.7850515628683529
0.7928520499676187
0.7999411509258114
0.8020252921371478
0.8102306148933431
0.8160248854025052
0.8197355290674412
0.8263923264774469
0.828915928866937
0.8339102111517356
0.8402543625570923
0.8431203635663806
0.8452981070227036
0.850622662692236
0.852931097404628
0.8574714422228821
0.8593370172315994
0.870620187641094
0.871819447176564
0.8759093051201767
0.8764271908122213
0.8839199012235158
0.8914051850931677
0.8925038439263365
0.8955352494410506
0.8974911555674585
0.9043578616104367
0.9098736641295521
0.9114436749762088
0.9132916580972132
0.918423751624954
0.9201723906565947
0.9247979459137711
0.9319697220575727
0.9382869316960382
0.9396071914017057
0.943075280049732
0.9500465728467357
0.9511923133059589
0.9577938178615422
0.9664479308460004
0.9713336286800578
0.9739312687901067
0.9773131663033248
0.9791411271239213
0.9841642703120742
0.9890977289710606
0.9940243777807368
0.9996120846310992
1.0013801332133956
1.0059902834741852
1.012182305832973
1.0146539627223434
1.0197657301705831
1.0263074253707307
1.0289983714770372
1.0316160033299626
1.0329886010381533
1.036229716769989
1.0460557445556447
1.0497100119154767
1.056850881826634
1.0630451827080762
1.066701262095692
1.0723737768424184
1.0775741238938403
1.0829507326116161
1.0863185839140022
1.0904566894563041
1.0907442230873092
1.0921856941103092
1.1004185146547238
1.1037273640040661
1.1096771719573066
1.1178971365091168
1.122241606338629
1.1275851640161905
1.1301318023969007
1.134850595058569
1.1381771299629788
1.1435179678839933
1.1482762970831923
1.151645933247157
1.1566575934897074
1.1631608941244762
1.165700238375903
1.1730242571993
1.1801769567073508
1.186843352225962
1.1901988964005266
1.1929858190527165
1.200149465406272
1.2073586476919977
1.2176685837885943
1.2200964445472329
1.2323360007643
1.2342502459757598
1.237910214594422
1.2439255891708074
1.2492091821490137
1.2534059464087903
1.2669653997580796
1.2688544437341316
1.2757780109515537
1.2813252313456165
1.287500039594493
1.2972563358019453
1.3012329911229252
1.3137273763885546
1.3296240228336906
1.3346575079055463
1.3394004596544693
1.3487920677291154
1.3533686820327597
1.3626136913876972
1.3805961188138922
1.3814104260250317
1.4096437331128788
