-3.227666827729459
-3.2064622407425003
-3.184796105052265
-3.131129613361246
-3.121393651636289
-3.1094773755822773
-3.0781988026176688
-3.0682670103910525
-3.036577128622681
-3.0211744455178193
-3.0095215122756693
-2.9900224803470032
-2.9641260385589634
-2.948693574927604
-2.939277464272535
-2.9299690685681345
-2.9204573429568743
-2.9066924684528033
-2.8765631415681474
-2.863261305429671
-2.8542833304746695
-2.8480588475664534
-2.84444518083071
-2.8374075840136626
-2.8268583502906806
-2.817783517322957
-2.7962016742692057
-2.7897571924717965
-2.7762160787656973
-2.7529693471768906
-2.7370721170682377
-2.732835614549424
-2.726431937055676
-2.7052770254616543
-2.677421716400578
-2.669635703679193
-2.6691597802016642
-2.642332158014605
-2.638554157800174
-2.6261464771173983
-2.6140759164561143
-2.6014884124942603
-2.597783479064564
-2.5815636966264153
-2.5714296747153584
-2.5581056413165246
-2.5408864996901093
-2.5295593237000773
-2.514712645899809
-2.4969829802589993
-2.4832160648498793
-2.470358470564745
-2.4663852971952345
-2.4470034544887302
-2.4264476062623674
-2.4119570793079745
-2.3993922707550244
-2.3927473800017975
-2.3808494214165865
-2.361671416181679
-2.3508661261253367
-2.33336816230632
-2.326640334996767
-2.3139721895349514
-2.295350453667606
-2.289193287878072
-2.2738377860720993
-2.2570336390682364
-2.2499057300879852
-2.232371693184196
-2.22601855532352
-2.221817201094407
-2.218620899239807
-2.1949380529085323
-2.187030316690352
-2.15978167418224
-2.1497028676079757
-2.143789116211381
-2.1314090199320304
-2.1216500500112296
-2.1187789562247015
-2.1083256383532123
-2.087407376808209
-2.0845832287210784
-2.0732026487917707
-2.063476902767788
-2.0475931945237336
-2.0377497053261795
-2.0305211639009584
-2.015190131014936
-2.0072971125377155
-1.992912607397719
-1.9851608724479595
-1.9748425728133112
-1.9683918644779466
-1.9477783529267245
-1.940576456187757
-1.9348480734239908
-1.9250012682247994
-1.9174827980864657
-1.915079094387515
-1.8841382093484822
-1.879736750893107
-1.8692638594446436
-1.8607358748613394
-1.854896405463051
-1.8436457598110267
-1.8331658634039936
-1.8230824364178153
-1.8034718313027103
-1.7900254579092811
-1.7812927430304244
-1.7630361287902563
-1.7339942448840515
-1.7247941488274345
-1.7196958625875152
-1.7123956145697414
-1.6983132602545206
-1.6677496142058705
-1.6632395557593456
-1.6598388884589894
-1.6472187302115233
-1.6190340303445272
-1.5908745774945237
-1.5871898100706805
-1.567759790957494
-1.5295471521576807
-1.5225845020052238
-1.5100417066159693
-1.4933185193431107
-1.4899984566708833
-1.4556452320942272
-1.4220647834580686
-1.40220254868624
-1.3868843687927126
-1.3756667859263367
-1.3658764013666993
-1.3412127580978186
-1.3018809433508736
-1.2614269184336886
-1.2560961966971398
-1.2380144543024338
-1.1919440224626383
-1.1575441339921875
-1.1475789365184148
-1.1193926138551225
-1.080527618913488
-1.034547276180545
-1.0061049939100577
-0.9618682887944178
-0.9377370370187456
-0.8996075730877872
-0.8784620027152609
-0.7736564325537786
-0.7649826803798092
-0.6947338390360841
-0.669754687688483
-0.605399534990512
-0.5057526631347428
-0.4130380497634341
-0.27940898748047455
-0.04518187965929802
0.04518188071039305
0.27940898753862403
0.41303804866195765
0.5057526621144602
0.6053995358731871
0.6697546886148651
0.6947338382429245
0.7649826837544378
0.7736564320190991
0.8784620000243387
0.8996075750715303
0.9377370374250866
0.961868287994383
1.006104994487502
1.0345472736845853
1.080527617938962
1.1193926138982262
1.147578935434963
1.1575441322093971
1.1919440227068254
1.2380144556347699
1.2560961996732505
1.2614269181252722
1.3018809415542834
1.341212759256398
1.3658764027942547
1.3756667854177054
1.3868843680600607
1.4022025467357209
1.4220647851236394
1.4556452316203028
1.4899984547425411
1.493318521081173
1.5100417079520405
1.522584504277589
1.529547150327874
1.5677597905682372
1.5871898104128386
1.5908745773044783
1.6190340295068968
1.6472187293310114
1.6598388886006321
1.6632395570932519
1.6677496159946836
1.6983132599985302
1.7123956139286685
1.719695861062252
1.724794148805941
1.7339942433213593
1.763036127873615
1.7812927427745402
1.790025457890426
1.8034718334726412
1.8230824375985621
1.833165865244908
1.843645759518034
1.8548964056916137
1.8607358752033003
1.869263859342034
1.8797367511194616
1.884138210000049
1.9150790938657951
1.917482799106483
1.9250012670607268
1.9348480715033662
1.9405764538314443
1.9477783526705519
1.968391865244556
1.974842572783429
1.9851608729286734
1.992912609287382
2.0072971135582254
2.0151901320994163
2.030521164549511
2.0377497052185705
2.0475931926181774
2.063476901087452
2.073202649567688
2.084583232133358
2.0874073753063187
2.1083256413422227
2.1187789558173353
2.1216500489252663
2.131409019843201
2.1437891155141147
2.149702869212515
2.159781671660795
2.187030315523391
2.1949380529549973
2.218620900817523
2.2218172027274457
2.2260185517819635
2.2323716926701183
2.2499057288461586
2.25703363555426
2.2738377853506164
2.289193287843384
2.2953504553425708
2.313972186553202
2.326640335184527
2.333368163054367
2.3508661248856044
2.361671413068312
2.3808494199774874
2.3927473834911064
2.39939227372608
2.4119570777003703
2.4264476070618355
2.4470034557413447
2.466385297334924
2.4703584694213316
2.4832160648019457
2.496982980022597
2.514712649649203
2.5295593191040457
2.540886502890004
2.5581056404780824
2.5714296727081405
2.5815636956404937
2.5977834775963946
2.601488413491301
2.6140759118494348
2.6261464782732227
2.638554159166678
2.642332155435641
2.6691597801229823
2.66963570413547
2.677421714434616
2.7052770240067265
2.72643194042647
2.7328356107496763
2.7370721199402475
2.752969344009265
2.7762160813384735
2.7897571954568536
2.7962016764979674
2.817783516282471
2.8268583509560026
2.837407584357867
2.8444451847319576
2.848058851434995
2.854283331100517
2.8632613045128674
2.8765631429311695
2.9066924685308004
2.9204573395796354
2.92996906520388
2.9392774674518716
2.948693575669199
2.964126034419305
2.9900224815817196
3.0095215156068953
3.0211744483749765
3.036577126628035
3.0682670084537187
3.078198801641028
3.109477373886214
3.1213936573395884
3.1311296122091683
3.1847960990685094
3.2064622417149566
3.2276668336091126
