-10.887272407810546
-10.74326522277299
-10.683550249306144
-10.59171290721779
-10.492679128784593
-10.360135931386516
-10.311264273691057
-10.277141514355447
-10.240540951121842
-10.174445765779456
-10.106172856097352
-10.074314362827078
-10.03351902714152
-9.934137203046822
-9.834661541183785
-9.81396879793446
-9.777688036067874
-9.750472199290607
-9.726180677602624
-9.696563894632543
-9.644663035004974
-9.626701690856418
-9.55340464604815
-9.514664415678842
-9.50115114810083
-9.412944752919786
-9.403104330770617
-9.395280140992229
-9.362490701471723
-9.219181261778584
-9.192698337123932
-9.177920475535545
-9.144008311035849
-9.094135149131775
-9.083627550301241
-9.062445182220982
-9.017594234292078
-8.99243817502129
-8.919501226536411
-8.914011947306314
-8.891622321897728
-8.841367188849125
-8.812525431048032
-8.78411278416663
-8.752499874647555
-8.720747297672448
-8.640975883854624
-8.578858647616888
-8.567263609066286
-8.524204714686798
-8.512509342436946
-8.484970676423105
-8.43898111981461
-8.40048364258309
-8.385846620709358
-8.334194261966623
-8.320760223327781
-8.223725457766172
-8.179624855362745
-8.161583098354745
-8.149582130987953
-8.11271813797
-8.096965134389155
-8.057404018697682
-8.029338000390913
-7.98837147615502
-7.959785478856698
-7.953776085517634
-7.939437228893412
-7.933165351406273
-7.896368863509414
-7.850283201339457
-7.790238442146658
-7.752572508935402
-7.742138832981331
-7.690467591144299
-7.68692601530967
-7.645694902640962
-7.605423720310424
-7.549504328789171
-7.519068144135439
-7.494382861791609
-7.474928332861573
-7.440603022556863
-7.4174716378979415
-7.377178336734687
-7.338936950762075
-7.295535292870761
-7.282430040009176
-7.2675420524557754
-7.199048833862012
-7.166526409655627
-7.1507734973870924
-7.1101902182249805
-7.0660520572635095
-7.030982157020437
-7.007363336567694
-6.992984334681127
-6.972905443750694
-6.955987741170999
-6.94158367994629
-6.919944469973563
-6.909015069700686
-6.856492555271425
-6.84023365277743
-6.799390610544438
-6.734628048529408
-6.70994236850658
-6.67901329410821
-6.622483233994342
-6.59724607236542
-6.520874628290841
-6.50878287525758
-6.4843181744621115
-6.424969081962892
-6.397012084561077
-6.375727017248874
-6.357328657668811
-6.2783649281730645
-6.262648171641453
-6.241675963922912
-6.203833691876403
-6.184958347828411
-6.169393364362601
-6.147754418146624
-6.104321046391973
-6.041980734232145
-6.00908852117877
-5.934914416888134
-5.9266927330543675
-5.844136897779852
-5.794487780862003
-5.77654838873783
-5.681807964885172
-5.621462701001554
-5.560836323185783
-5.5293302768609465
-5.4948425067217785
-5.442205470025492
-5.419982193355929
-5.385124044495393
-5.315087349464801
-5.290435197191567
-5.275511920779628
-5.220460989341119
-5.213330697698542
-5.128572307525758
-4.957526317534856
-4.892712048740703
-4.871657498544764
-4.837089020648413
-4.7752689686994785
-4.758357347671902
-4.662709185874478
-4.60241072259844
-4.337894160794155
-3.959459843866204
-3.6044269256459125
-3.0909529486708345
-2.9353671016988754
-3.8793093244566636e-05
-3.333529424015809e-07
3.3327936305793313e-07
3.8793166630589934e-05
2.9353671016857783
3.0909529486848357
3.6044269256797272
3.9594598438459148
4.337894179496788
4.60241070468184
4.662709185855341
4.758357347623497
4.775268986590475
4.837089021553603
4.871657494850499
4.892712065982325
4.957526317631083
5.128572303749064
5.213330695534288
5.220460988596469
5.275511918360042
5.290435195242741
5.315087346111929
5.385124047770722
5.419982184357909
5.442205480434648
5.494842500378457
5.529330278183255
5.560836316808511
5.621462696952797
5.681807965182994
5.776548389205343
5.794487788692179
5.844136896413285
5.926692728832412
5.934914402373606
6.0090885192948456
6.041980736656667
6.104321045874186
6.147754421766982
6.1693933665161875
6.184958346341814
6.2038336881255285
6.241675962407603
6.2626481679413635
6.278364927394459
6.357328666397588
6.3757270155966586
6.397012082614986
6.424969082267968
6.484318173739534
6.508782874828893
6.520874632041606
6.597246071531953
6.622483232683889
6.67901329429476
6.709942362572491
6.734628047360341
6.799390604942652
6.840233652242904
6.856492552023742
6.9090150678337565
6.919944470528968
6.941583684834269
6.955987741259223
6.972905450256162
6.9929843278389425
7.007363330972792
7.0309821550087115
7.066052050262761
7.110190218313327
7.150773492962642
7.166526410700232
7.199048837058775
7.267542051585588
7.282430038294788
7.295535292127343
7.338936949892167
7.377178338406142
7.417471636505226
7.440603020122331
7.474928330427218
7.494382861733287
7.519068133911972
7.549504326592603
7.605423716884139
7.645694899958976
7.686926016511674
7.690467589728966
7.742138828577437
7.752572507535528
7.790238441676662
7.850283198721939
7.8963688652913095
7.933165352309178
7.939437229010863
7.953776085079798
7.959785478479425
7.9883714754089565
8.029338001269288
8.057404020718073
8.096965138710013
8.112718138056659
8.149582131557398
8.161583097847597
8.179624856567667
8.223725457752352
8.320760225137104
8.33419426186004
8.385846621796734
8.40048364405909
8.438981120772326
8.484970677719346
8.512509346607635
8.52420471324195
8.567263613094019
8.578858646675604
8.640975885493603
8.72074729975063
8.752499877628598
8.784112783268867
8.812525432969295
8.841367186888407
8.891622323115056
8.914011947720786
8.91950122804302
8.992438173269445
9.017594233494512
9.062445181197177
9.083627556793305
9.094135149107926
9.144008312204683
9.17792047577385
9.192698338217166
9.219181262903103
9.362490704145651
9.395280137565988
9.403104329574624
9.41294475044089
9.501151149493788
9.514664412242073
9.553404647732556
9.626701693741689
9.644663036863784
9.696563895395517
9.726180681117548
9.750472199472693
9.777688036426573
9.813968800950358
9.834661542394947
9.934137205872902
10.03351902854067
10.074314369300016
10.106172853500786
10.17444576717441
10.240540952686741
10.277141515604521
10.31126427629853
10.36013593244773
10.492679129883845
10.591712909547471
10.683550252502824
10.743265222326125
10.887272406297098
