-10.651935779635615
-10.464894737631925
-10.446207074216101
-10.380137830816626
-10.320197151079176
-10.26766491480608
-10.193505047403953
-10.13501309667891
-10.066003361776279
-10.028546717723081
-9.965890404663885
-9.923770430283735
-9.85863583623331
-9.854717666398281
-9.839399783729
-9.805802000728043
-9.725599148716855
-9.721408448025192
-9.689305985314464
-9.628826846360413
-9.604083216064474
-9.556061585105763
-9.525404342029983
-9.503237880725733
-9.481242114755112
-9.423560077665737
-9.386513309746999
-9.359793407630224
-9.320365390284048
-9.287385157089048
-9.282283563549226
-9.263240168563268
-9.208674111455075
-9.127891214913872
-9.10140789339124
-9.09847095102779
-9.077493145582377
-9.07272292556769
-9.05568198042821
-9.054162061913532
-9.045766825835765
-9.019426736281142
-9.000872592870401
-8.917883888186843
-8.899859962020846
-8.882229139026784
-8.865539469088425
-8.84138612399224
-8.813232676879128
-8.78739072707965
-8.744407842214654
-8.741872090329949
-8.654989427942109
-8.635849476567618
-8.599518948389008
-8.564359691694333
-8.540000464513652
-8.496270087050922
-8.493462902697283
-8.446737457645163
-8.406616733314175
-8.376203385236105
-8.35385974240221
-8.320782067574129
-8.30356715269497
-8.282988516317987
-8.271092981829028
-8.244742577777496
-8.197644630733278
-8.187444422291257
-8.173789107760971
-8.139697519949927
-8.094861217149832
-8.072713322581203
-8.060234584530527
-8.027277964845952
-8.025150496294359
-7.971674637289874
-7.961772334362767
-7.930705544718529
-7.915172831933636
-7.885258770439821
-7.862651094119686
-7.852836054241496
-7.826127654408859
-7.772585849563664
-7.765962946212758
-7.747327362554377
-7.723904085716028
-7.696167922834142
-7.684246084267792
-7.652826024437082
-7.623636230502885
-7.579657986470735
-7.578476820105366
-7.564088022969125
-7.554583859410938
-7.517979489582533
-7.490583438004246
-7.453851047423627
-7.441932120170865
-7.424576213087583
-7.379367497189644
-7.354950695719541
-7.334602014204125
-7.289499481241272
-7.2688971732261
-7.240285518727432
-7.2252869373171835
-7.206237140303339
-7.171976863107183
-7.120990228072321
-7.111939375499177
-7.104425317881885
-7.081413396294131
-7.0369021355276775
-6.996948577050444
-6.966257435115813
-6.914695224010547
-6.903850469424968
-6.871441547402855
-6.8591779424238135
-6.802235458552432
-6.7763103177550565
-6.727604876901761
-6.713658753330142
-6.70271770928961
-6.673688320988884
-6.631349809570707
-6.629863147966821
-6.5606746509844145
-6.546762094510715
-6.528665602799371
-6.477981977808308
-6.472317817285039
-6.44564588344571
-6.406968555694748
-6.337680423341811
-6.320615789256357
-6.30117595069687
-6.263009636356352
-6.200738533966895
-6.180400754929669
-6.106205736466108
-6.077548762259416
-5.981995825017209
-5.959997898685875
-5.89459688745322
-5.874197533388967
-5.804470076798249
-5.777553973598677
-5.719938528407998
-5.660738836123579
-5.586829238059958
-5.503287076381501
-5.422391397543775
-5.374703645996933
-5.289407188664988
-5.236372796562579
-5.145797265030038
-5.035566331630765
-4.915283625565042
4.915283623449578
5.03556632947849
5.145797264648043
5.236372793556924
5.289407187455086
5.374703644647928
5.422391395136782
5.503287073797164
5.586829239593203
5.660738833987493
5.719938527011204
5.777553973209199
5.804470076346024
5.874197532273514
5.89459688453356
5.959997896918818
5.981995824028446
6.077548761005565
6.106205735622955
6.180400753035555
6.2007385335099094
6.263009636397916
6.301175949457309
6.320615788569626
6.337680421982276
6.406968554974435
6.445645883402272
6.472317816208184
6.477981978739955
6.528665602670076
6.5467620944246026
6.560674650414439
6.629863147726197
6.631349808483178
6.673688321218316
6.702717709468156
6.713658752430017
6.727604874024326
6.776310319610184
6.802235458348489
6.859177942027219
6.8714415462694465
6.90385046998093
6.914695222740058
6.966257434038963
6.99694857662461
7.03690213576762
7.081413395240934
7.10442531710653
7.111939375706752
7.120990226651412
7.171976861122796
7.206237140354366
7.225286936291625
7.2402855183414685
7.268897173825973
7.289499481092486
7.334602013199331
7.354950694599894
7.379367497267244
7.424576211585817
7.441932117594268
7.4538510452635585
7.4905834356361165
7.517979487803705
7.554583860225006
7.564088020380452
7.57847682034506
7.579657986730531
7.623636229979351
7.6528260243544874
7.684246086474622
7.696167924523497
7.723904085051216
7.7473273637051205
7.765962947208651
7.772585851378028
7.826127652559557
7.852836053692418
7.8626510927911655
7.885258771947689
7.915172830685734
7.930705543741869
7.961772334856176
7.971674636830049
8.025150495711804
8.027277963970858
8.06023458477417
8.07271332308261
8.094861217339554
8.13969752066251
8.173789109812548
8.187444423370447
8.19764462886859
8.244742578265797
8.271092982811702
8.282988516037928
8.303567153161168
8.320782067750933
8.353859741185843
8.376203384771904
8.406616729941145
8.446737455236567
8.493462903556976
8.496270085059077
8.540000465408472
8.564359690990356
8.599518946448569
8.635849476589435
8.654989426476508
8.741872092370471
8.744407843996795
8.787390728617014
8.813232676858188
8.841386124732013
8.865539468736026
8.8822291370346
8.899859963198953
8.917883887153245
9.00087259157111
9.019426736835815
9.045766827271
9.054162066547121
9.055681980901106
9.072722926061779
9.077493146963597
9.098470953922382
9.101407894425318
9.127891214061865
9.20867411561415
9.26324016960292
9.282283565258242
9.28738515898052
9.320365394772981
9.359793407000142
9.386513309942078
9.423560078017717
9.481242119065167
9.503237884658018
9.525404345480037
9.556061583523668
9.604083212262585
9.628826849381547
9.689305988425607
9.721408446964995
9.725599148422752
9.805802003058316
9.839399785219573
9.854717666242275
9.858635835733915
9.923770430649142
9.965890405899922
10.028546720531091
10.06600336572989
10.135013100676202
10.193505049784022
10.267664918548244
10.320197154249149
10.380137833607224
10.44620707349042
10.46489473871271
10.651935779495725
