-1.0692818812481808
-1.0692818812481804
-0.940441304108721
-0.9404413041087208
-0.9404413041087208
-0.9404413041087193
-0.7908830200363235
-0.7908830200363232
-0.7565527818702339
-0.7565527818702338
-0.7565527818702337
-0.7565527818702321
-0.5598555319577121
-0.5598555319577121
-0.559855531957712
-0.559855531957712
-0.037154837444533344
-0.03715483744453331
0.03715483744453306
0.03715483744453331
0.5598555319577121
0.5598555319577121
0.5598555319577123
0.5598555319577124
0.7565527818702319
0.7565527818702329
0.756552781870233
0.7565527818702331
0.7908830200363235
0.7908830200363236
0.9404413041087202
0.940441304108721
0.9404413041087214
0.9404413041087214
1.069281881248181
1.0692818812481812
