-1.0822770391172876
-1.082277039117287
-1.0802054181954572
-1.0802054181954568
-1.0783859959427877
-1.0783859959427877
-1.0748610739343614
-1.0748610739343596
-1.0586007027293018
-1.0586007027293016
-1.0526393996643397
-1.052639399664339
-1.0370701532549798
-1.0370701532549798
-1.0318929868025126
-1.0318929868025126
-1.007731713606789
-1.007731713606789
-0.9994490119104782
-0.999449011910478
-0.9789489994733019
-0.9789489994733015
-0.9663027992848233
-0.966302799284823
-0.9589767900143594
-0.9589767900143591
-0.9580330790625197
-0.9580330790625193
-0.9399372089041654
-0.9399372089041649
-0.936492993436708
-0.936492993436708
-0.9352012109510129
-0.935201210951012
-0.9277031068352868
-0.9277031068352868
-0.9258945684384867
-0.9258945684384865
-0.9163462128334019
-0.9163462128334019
-0.9053653181000418
-0.9053653181000417
-0.9030785610438636
-0.9030785610438635
-0.8912730068415724
-0.8912730068415724
-0.8881288743437378
-0.8881288743437378
-0.8578651039721661
-0.8578651039721659
-0.8480215161859836
-0.8480215161859835
-0.8276213622697193
-0.8276213622697192
-0.8272015844122019
-0.8272015844122017
-0.8158040602773595
-0.8158040602773592
-0.8123286855812007
-0.8123286855812005
-0.8075590049950524
-0.8075590049950521
-0.8052705133286676
-0.8052705133286675
-0.7978815134142748
-0.7978815134142746
-0.7971655292283112
-0.7971655292283109
-0.7807159951096446
-0.7807159951096442
-0.7791040720592756
-0.7791040720592746
-0.7680961734076571
-0.768096173407657
-0.7620842862887567
-0.7620842862887565
-0.7513190634625563
-0.7513190634625562
-0.7483396909966212
-0.7483396909966209
-0.736534939924335
-0.7365349399243348
-0.7085934710846583
-0.7085934710846582
-0.7028279452441231
-0.702827945244123
-0.6943033423273842
-0.6943033423273842
-0.6542419195584643
-0.654241919558464
-0.633797872823613
-0.633797872823613
-0.5947471479521153
-0.5947471479521149
-0.5857198389546501
-0.5857198389546497
-0.5761607960968498
-0.5761607960968498
-0.5426440037869835
-0.5426440037869833
-0.5161492583739405
-0.5161492583739404
-0.5043244129849198
-0.5043244129849194
-0.4687495964505483
-0.46874959645054826
-0.4641556214570888
-0.46415562145708866
-0.1777608587476695
-0.1777608587476695
-0.1763284770388285
-0.1763284770388283
-0.16824530484946051
-0.16824530484946046
-0.1647358987860664
-0.16473589878606593
-0.15680111525375579
-0.1568011152537557
-0.14315582674957408
-0.14315582674957375
-0.13812624694713216
-0.1381262469471315
-0.13587802690348788
-0.13587802690348771
-0.03417796270979737
-0.034177962709797276
-0.010061585576384724
-0.010061585576384615
0.010061585576384409
0.010061585576384442
0.03417796270979682
0.03417796270979708
0.1358780269034875
0.1358780269034877
0.13812624694713163
0.13812624694713208
0.14315582674957397
0.1431558267495741
0.15680111525375554
0.15680111525375579
0.1647358987860663
0.16473589878606687
0.16824530484946057
0.1682453048494607
0.1763284770388284
0.17632847703882867
0.1777608587476697
0.1777608587476697
0.4641556214570886
0.4641556214570886
0.46874959645054803
0.4687495964505481
0.5043244129849196
0.5043244129849198
0.5161492583739403
0.5161492583739403
0.5426440037869834
0.5426440037869835
0.5761607960968497
0.5761607960968498
0.5857198389546495
0.5857198389546502
0.5947471479521148
0.5947471479521151
0.6337978728236127
0.6337978728236129
0.6542419195584643
0.6542419195584646
0.6943033423273846
0.6943033423273847
0.7028279452441231
0.7028279452441233
0.7085934710846583
0.7085934710846584
0.736534939924335
0.736534939924335
0.7483396909966208
0.7483396909966212
0.7513190634625562
0.7513190634625567
0.7620842862887566
0.7620842862887566
0.768096173407657
0.7680961734076576
0.7791040720592752
0.7791040720592755
0.7807159951096443
0.7807159951096445
0.7971655292283113
0.7971655292283116
0.7978815134142743
0.7978815134142746
0.8052705133286673
0.8052705133286674
0.8075590049950511
0.8075590049950516
0.8123286855812007
0.8123286855812009
0.8158040602773594
0.8158040602773596
0.8272015844122015
0.8272015844122018
0.827621362269719
0.8276213622697194
0.8480215161859834
0.8480215161859835
0.8578651039721656
0.8578651039721659
0.8881288743437374
0.8881288743437376
0.8912730068415718
0.891273006841572
0.9030785610438634
0.9030785610438636
0.9053653181000415
0.9053653181000416
0.916346212833402
0.9163462128334021
0.9258945684384867
0.9258945684384868
0.927703106835287
0.927703106835287
0.9352012109510124
0.9352012109510124
0.936492993436708
0.9364929934367082
0.9399372089041647
0.939937208904165
0.9580330790625198
0.9580330790625198
0.9589767900143593
0.9589767900143594
0.9663027992848232
0.9663027992848237
0.9789489994733014
0.9789489994733014
0.9994490119104786
0.9994490119104787
1.0077317136067885
1.0077317136067891
1.0318929868025124
1.0318929868025124
1.0370701532549798
1.0370701532549798
1.052639399664339
1.05263939966434
1.0586007027293003
1.0586007027293016
1.0748610739343614
1.0748610739343638
1.0783859959427875
1.0783859959427882
1.0802054181954572
1.0802054181954575
1.0822770391172873
1.0822770391172873
