-1.1025497141370184
-1.1025497141370182
-1.0984755120196803
-1.0984755120196803
-1.098260708923196
-1.0982607089231957
-1.092375424486192
-1.092375424486192
-1.073163345089404
-1.0731633450894034
-1.0650021770376605
-1.0650021770376603
-1.0629377758576315
-1.0629377758576313
-1.055635853683892
-1.0556358536838917
-1.0382432832494355
-1.038243283249435
-1.0312062157532453
-1.0312062157532451
-1.0294115653435822
-1.0294115653435822
-1.0183923294487787
-1.0183923294487782
-1.00942554647748
-1.00942554647748
-1.0074512893768244
-1.007451289376824
-0.9940724564950842
-0.9940724564950842
-0.9934374140977935
-0.9934374140977935
-0.9862446739434739
-0.9862446739434736
-0.9848248875668835
-0.984824887566883
-0.9718239704885441
-0.971823970488544
-0.9709373194977117
-0.9709373194977114
-0.9689412758310165
-0.9689412758310163
-0.965764384802678
-0.9657643848026778
-0.9531699430722802
-0.9531699430722799
-0.9501917834043142
-0.9501917834043141
-0.9417139536830141
-0.9417139536830139
-0.936205253995384
-0.936205253995384
-0.9338174266566787
-0.9338174266566787
-0.9291886092594701
-0.92918860925947
-0.9169791261757271
-0.916979126175727
-0.9120252786611734
-0.9120252786611733
-0.9035107088717524
-0.9035107088717516
-0.898000646267218
-0.8980006462672179
-0.8973427062811411
-0.8973427062811407
-0.891123169432498
-0.8911231694324979
-0.8829879133121649
-0.8829879133121646
-0.878593716390833
-0.8785937163908327
-0.8695931577768262
-0.8695931577768262
-0.8570780497931003
-0.8570780497930998
-0.8526209621729605
-0.8526209621729599
-0.8505466031233877
-0.8505466031233874
-0.8376119892988949
-0.8376119892988948
-0.8351527166073541
-0.8351527166073541
-0.8213474942550124
-0.8213474942550123
-0.8166853362190781
-0.8166853362190775
-0.8144586463705673
-0.8144586463705668
-0.8126532490989076
-0.8126532490989076
-0.8006656037672162
-0.800665603767216
-0.7952997191031438
-0.7952997191031438
-0.7807226449466133
-0.7807226449466127
-0.7687814685538542
-0.7687814685538538
-0.7635271814826792
-0.7635271814826792
-0.7611036835608724
-0.7611036835608724
-0.7466528809791034
-0.7466528809791029
-0.7369737954385107
-0.7369737954385105
-0.7286740730878754
-0.7286740730878752
-0.7250580833378015
-0.7250580833378015
-0.7080490996322091
-0.7080490996322086
-0.6982072450800363
-0.6982072450800362
-0.6932436860251288
-0.6932436860251283
-0.6803033735163799
-0.6803033735163795
-0.6595332007664846
-0.659533200766484
-0.6478102938352375
-0.6478102938352375
-0.6467923875884481
-0.6467923875884479
-0.6393146277342732
-0.6393146277342724
0.6393146277342727
0.639314627734273
0.6467923875884476
0.6467923875884477
0.6478102938352369
0.647810293835237
0.659533200766484
0.6595332007664843
0.6803033735163798
0.68030337351638
0.6932436860251286
0.6932436860251288
0.6982072450800363
0.6982072450800371
0.7080490996322089
0.708049099632209
0.7250580833378015
0.7250580833378016
0.728674073087875
0.7286740730878754
0.7369737954385106
0.7369737954385109
0.7466528809791033
0.7466528809791034
0.7611036835608723
0.7611036835608727
0.7635271814826793
0.7635271814826797
0.7687814685538538
0.7687814685538539
0.7807226449466131
0.7807226449466133
0.7952997191031438
0.7952997191031439
0.800665603767216
0.8006656037672161
0.8126532490989076
0.8126532490989077
0.8144586463705668
0.814458646370567
0.8166853362190774
0.8166853362190776
0.8213474942550124
0.8213474942550126
0.8351527166073539
0.8351527166073541
0.8376119892988948
0.8376119892988949
0.8505466031233875
0.8505466031233876
0.85262096217296
0.8526209621729602
0.8570780497930999
0.8570780497931002
0.8695931577768261
0.8695931577768261
0.8785937163908328
0.8785937163908333
0.8829879133121648
0.8829879133121653
0.8911231694324978
0.8911231694324978
0.8973427062811405
0.8973427062811414
0.898000646267218
0.8980006462672183
0.903510708871752
0.9035107088717524
0.9120252786611732
0.9120252786611733
0.9169791261757269
0.9169791261757269
0.9291886092594701
0.9291886092594702
0.9338174266566787
0.933817426656679
0.9362052539953839
0.936205253995384
0.9417139536830139
0.941713953683014
0.9501917834043141
0.9501917834043142
0.9531699430722796
0.9531699430722799
0.9657643848026778
0.965764384802678
0.9689412758310164
0.9689412758310164
0.970937319497711
0.9709373194977116
0.971823970488544
0.9718239704885443
0.9848248875668835
0.9848248875668837
0.9862446739434737
0.9862446739434739
0.9934374140977934
0.9934374140977937
0.994072456495084
0.9940724564950842
1.0074512893768233
1.0074512893768237
1.0094255464774802
1.0094255464774804
1.018392329448778
1.0183923294487782
1.0294115653435818
1.0294115653435818
1.0312062157532453
1.0312062157532453
1.0382432832494346
1.038243283249435
1.0556358536838912
1.055635853683892
1.062937775857631
1.0629377758576317
1.065002177037661
1.0650021770376614
1.0731633450894031
1.0731633450894038
1.0923754244861918
1.092375424486192
1.098260708923196
1.0982607089231962
1.09847551201968
1.0984755120196803
1.1025497141370184
1.1025497141370184
