-1.0822770391172873
-1.0822770391172873
-1.080205418195457
-1.0802054181954568
-1.0783859959427877
-1.0783859959427875
-1.0748610739343614
-1.074861073934361
-1.0586007027293016
-1.0586007027293016
-1.05263939966434
-1.0526393996643397
-1.03707015325498
-1.0370701532549798
-1.0318929868025128
-1.0318929868025128
-1.0077317136067898
-1.0077317136067891
-0.999449011910478
-0.999449011910478
-0.9789489994733025
-0.978948999473302
-0.9663027992848237
-0.966302799284823
-0.9589767900143594
-0.9589767900143592
-0.9580330790625192
-0.9580330790625192
-0.939937208904165
-0.9399372089041645
-0.9364929934367082
-0.9364929934367081
-0.9352012109510124
-0.9352012109510123
-0.927703106835287
-0.9277031068352869
-0.9258945684384867
-0.9258945684384864
-0.9163462128334021
-0.9163462128334019
-0.9053653181000416
-0.9053653181000414
-0.9030785610438637
-0.9030785610438634
-0.891273006841572
-0.891273006841572
-0.8881288743437377
-0.8881288743437377
-0.8578651039721662
-0.8578651039721658
-0.8480215161859836
-0.8480215161859834
-0.827621362269719
-0.827621362269719
-0.8272015844122017
-0.8272015844122015
-0.8158040602773593
-0.8158040602773592
-0.8123286855812011
-0.8123286855812007
-0.8075590049950525
-0.8075590049950514
-0.8052705133286674
-0.8052705133286673
-0.7978815134142746
-0.7978815134142746
-0.7971655292283113
-0.7971655292283111
-0.7807159951096448
-0.7807159951096444
-0.7791040720592756
-0.7791040720592751
-0.7680961734076571
-0.768096173407657
-0.7620842862887567
-0.7620842862887565
-0.7513190634625572
-0.7513190634625564
-0.7483396909966212
-0.748339690996621
-0.7365349399243347
-0.7365349399243345
-0.7085934710846588
-0.7085934710846582
-0.7028279452441233
-0.7028279452441232
-0.6943033423273848
-0.6943033423273842
-0.6542419195584641
-0.6542419195584639
-0.6337978728236129
-0.6337978728236129
-0.5947471479521148
-0.5947471479521148
-0.5857198389546495
-0.5857198389546493
-0.5761607960968497
-0.5761607960968494
-0.5426440037869836
-0.5426440037869835
-0.5161492583739405
-0.5161492583739402
-0.5043244129849197
-0.5043244129849197
-0.46874959645054826
-0.4687495964505482
-0.4641556214570887
-0.46415562145708855
-0.1777608587476696
-0.17776085874766925
-0.17632847703882865
-0.17632847703882837
-0.16824530484946051
-0.16824530484946032
-0.16473589878606637
-0.1647358987860663
-0.15680111525375556
-0.15680111525375542
-0.14315582674957406
-0.14315582674957375
-0.13812624694713216
-0.1381262469471318
-0.13587802690348788
-0.13587802690348744
-0.03417796270979714
-0.03417796270979697
-0.010061585576384528
-0.010061585576384452
0.01006158557638444
0.010061585576384554
0.03417796270979714
0.034177962709797303
0.13587802690348755
0.13587802690348796
0.13812624694713152
0.1381262469471318
0.14315582674957408
0.14315582674957417
0.15680111525375537
0.15680111525375554
0.1647358987860659
0.164735898786066
0.1682453048494605
0.16824530484946057
0.1763284770388282
0.17632847703882848
0.1777608587476695
0.17776085874766961
0.4641556214570885
0.46415562145708866
0.46874959645054787
0.46874959645054803
0.5043244129849198
0.5043244129849199
0.5161492583739402
0.5161492583739408
0.5426440037869833
0.5426440037869835
0.57616079609685
0.5761607960968501
0.5857198389546496
0.5857198389546504
0.5947471479521146
0.5947471479521147
0.6337978728236127
0.6337978728236129
0.6542419195584641
0.6542419195584642
0.6943033423273842
0.6943033423273844
0.702827945244123
0.7028279452441234
0.7085934710846583
0.7085934710846584
0.7365349399243349
0.7365349399243352
0.7483396909966209
0.7483396909966211
0.7513190634625561
0.7513190634625563
0.7620842862887562
0.7620842862887564
0.7680961734076568
0.7680961734076572
0.7791040720592752
0.7791040720592758
0.7807159951096444
0.7807159951096447
0.7971655292283106
0.7971655292283113
0.7978815134142745
0.7978815134142749
0.8052705133286675
0.8052705133286675
0.8075590049950516
0.8075590049950517
0.8123286855812007
0.812328685581201
0.8158040602773593
0.8158040602773593
0.8272015844122018
0.8272015844122018
0.8276213622697193
0.8276213622697193
0.8480215161859836
0.848021516185984
0.857865103972166
0.8578651039721664
0.8881288743437376
0.8881288743437377
0.8912730068415717
0.891273006841572
0.9030785610438632
0.9030785610438634
0.9053653181000416
0.9053653181000418
0.9163462128334018
0.916346212833402
0.9258945684384867
0.9258945684384868
0.9277031068352867
0.927703106835287
0.9352012109510122
0.9352012109510123
0.9364929934367079
0.9364929934367081
0.9399372089041649
0.9399372089041652
0.9580330790625189
0.9580330790625196
0.9589767900143598
0.9589767900143601
0.9663027992848232
0.9663027992848234
0.9789489994733018
0.9789489994733022
0.9994490119104779
0.9994490119104783
1.007731713606789
1.0077317136067891
1.0318929868025126
1.0318929868025128
1.03707015325498
1.0370701532549802
1.052639399664339
1.0526393996643402
1.0586007027293012
1.0586007027293018
1.0748610739343614
1.0748610739343614
1.078385995942788
1.0783859959427882
1.0802054181954568
1.0802054181954572
1.0822770391172876
1.0822770391172876
