-8.00171052394116
-8.000572922526324
-7.99270036379292
-7.992679434975739
-7.981205599067193
-7.9810945993662745
-7.96870189257315
-7.967591030047255
-7.893376681062957
-7.892605491132815
-7.867711050526197
-7.867457109700561
-7.780196373698691
-7.780057110300822
-7.755555465301455
-7.75513871561395
-7.630685811820775
-7.630137449702314
-7.594890587677439
-7.594610902588109
-7.492920033531567
-7.49282908831582
-7.438187405999731
-7.437980476907967
-7.386202296905128
-7.385841098072141
-7.374895070360514
-7.37434513845391
-7.308001650157777
-7.307869001175282
-7.2613099581719975
-7.261275681309301
-7.260446533279682
-7.260310215431949
-7.246381504702209
-7.24626506412668
-7.243436330065022
-7.243396964322023
-7.1814297947117645
-7.181409259323294
-7.130258504251109
-7.129542060831396
-7.116707078861391
-7.116463248181748
-7.052784672719217
-7.0526269380030016
-7.014550785921337
-7.01448572945034
-6.894546215647173
-6.894207334055049
-6.857106821825629
-6.856535760082423
-6.702812054794267
-6.702499505167712
-6.681029646232749
-6.680857768163435
-6.543654141972821
-6.5433850191262515
-6.534756859855986
-6.534214720267023
-6.496670251705646
-6.496084052986363
-6.480171945861295
-6.479761540007478
-6.44773640466235
-6.447373996310428
-6.442059476114062
-6.441548164628132
-5.98803582980499
-5.987063416880896
-5.980809315169173
-5.979841479792695
-5.8636290245117655
-5.8626760536510725
-5.837115070632878
-5.836170480839208
-5.677650390206286
-5.676723276280313
-5.650290982871357
-5.649406915234555
-5.6371527840972036
-5.636233546124347
-5.510954495428721
-5.510069238300437
-5.365955328603848
-5.365004688696351
-5.315560245741039
-5.314615366975406
-5.048148771172801
-5.047212137641144
-4.987745305373572
-4.9868106593728685
-4.739268767222644
-4.738349917776124
-4.720527321422879
-4.719621147656745
-4.689208689349192
-4.6882707342306835
-4.588268412928284
-4.587362813462269
-4.401254915783217
-4.4002987181234126
-4.372975803078274
-4.372023104695097
-4.190331054363701
-4.189375826943852
-4.1807765482355626
-4.179821710654479
-0.747516440668999
-0.7474184178737104
-0.7440169833989441
-0.7440154765818895
-0.7253191091825604
-0.7252932366378563
-0.7187093466921092
-0.7186252540019745
-0.702746814643138
-0.702735172578142
-0.6719037458422779
-0.6718672011980443
-0.6717304430759516
-0.6716445717640503
-0.665401508022185
-0.6653824934986937
-0.053876567229705796
-0.05380881587795434
-0.004104818489726174
-0.0029533529672462456
0.0029533529672458726
0.004104818489726052
0.053808815877956405
0.053876567229705366
0.6653824934986932
0.665401508022183
0.671644571764048
0.6717304430759496
0.6718672011980475
0.6719037458422762
0.7027351725781378
0.7027468146431374
0.7186252540019756
0.7187093466921085
0.7252932366378537
0.7253191091825565
0.7440154765818843
0.7440169833989392
0.74741841787371
0.7475164406689985
4.179821710654477
4.180776548235562
4.189375826943852
4.190331054363699
4.372023104695098
4.3729758030782735
4.4002987181234126
4.401254915783218
4.587362813462269
4.588268412928283
4.688270734230681
4.689208689349193
4.719621147656744
4.720527321422875
4.738349917776126
4.7392687672226455
4.9868106593728685
4.987745305373571
5.047212137641144
5.0481487711728015
5.314615366975404
5.3155602457410405
5.365004688696351
5.365955328603846
5.510069238300437
5.51095449542872
5.636233546124348
5.637152784097209
5.649406915234555
5.650290982871356
5.676723276280315
5.677650390206288
5.836170480839206
5.83711507063288
5.862676053651074
5.863629024511765
5.979841479792697
5.980809315169174
5.987063416880896
5.98803582980499
6.4415481646281325
6.442059476114062
6.447373996310428
6.447736404662351
6.479761540007477
6.4801719458612945
6.4960840529863635
6.496670251705648
6.534214720267024
6.534756859855984
6.543385019126253
6.543654141972821
6.680857768163436
6.681029646232746
6.702499505167712
6.702812054794267
6.856535760082423
6.85710682182563
6.894207334055048
6.894546215647172
7.014485729450337
7.014550785921333
7.052626938002999
7.052784672719216
7.116463248181747
7.116707078861393
7.129542060831398
7.130258504251107
7.181409259323291
7.181429794711766
7.243396964322019
7.243436330065019
7.246265064126678
7.246381504702213
7.260310215431949
7.260446533279682
7.261275681309307
7.261309958172003
7.307869001175276
7.308001650157775
7.374345138453902
7.374895070360516
7.385841098072141
7.386202296905124
7.437980476907965
7.438187405999731
7.4928290883158155
7.492920033531567
7.594610902588109
7.594890587677442
7.630137449702314
7.630685811820775
7.755138715613952
7.755555465301455
7.780057110300824
7.780196373698689
7.867457109700561
7.867711050526197
7.892605491132815
7.893376681062961
7.967591030047252
7.968701892573148
7.9810945993662745
7.9812055990671915
7.992679434975742
7.99270036379292
8.000572922526326
8.001710523941165
