-2.581061270844165
-2.5797320920527578
-2.57021270433254
-2.570204853568187
-2.567179427010151
-2.5671214581637263
-2.552403376309101
-2.551104842037923
-2.4943795979822347
-2.4934085253004405
-2.470665076651789
-2.4704351327060965
-2.442230167292562
-2.441970278063413
-2.4233792541743955
-2.4226332296375825
-2.3590506154186524
-2.35846844608848
-2.3294437427086025
-2.329089094436059
-2.2838106723765965
-2.2830368260843708
-2.2668063838903763
-2.2661251499619013
-2.263579346862624
-2.2630310886707807
-2.220830140274807
-2.2204161437378134
-2.2047462965040077
-2.2043775078595473
-2.1777406568538846
-2.1777263078240625
-2.1513028377346655
-2.151164406420864
-2.133039024147153
-2.1324584757914624
-2.1238552425087565
-2.1228967415578834
-2.0996394507268654
-2.0991692874365664
-2.0949080922623122
-2.0943379195217147
-2.0942295876742176
-2.0940807152908274
-2.072583503602316
-2.0724807402579586
-2.0426355944286323
-2.0423383662361334
-2.016222743122553
-2.0155997721016825
-2.011288158874705
-2.011033719959118
-1.995957291032967
-1.995788498739168
-1.96045992579705
-1.9602778178267273
-1.9439684876750056
-1.9438171254206231
-1.9210896723597972
-1.9207466541293108
-1.898890455388455
-1.8986842993158486
-1.8732256491150503
-1.8730755293625565
-1.8351486968603086
-1.8349440707206957
-1.805801760794313
-1.805564574868741
-1.7886752488652324
-1.7876619209849134
-1.7706031945916516
-1.7705705748115765
-1.7570342512451387
-1.7568588637570275
-1.6992228123154531
-1.6989644331864866
-1.6425263732447095
-1.6421418835019215
-1.634055211202443
-1.634010945691488
-1.6100296915093473
-1.60959117470683
-1.563762301530187
-1.5634167173776676
-1.5559681701037344
-1.555431626815123
-1.5371374869703094
-1.5371259371198986
-1.515839896736662
-1.5156206714612983
-1.5031403670031738
-1.5026532840069038
-1.4648147007521368
-1.4641224915410689
-1.3989718179479214
-1.3987432319303759
-1.373342824750805
-1.3730413639435806
-1.2839480532780907
-1.2835945933717379
-1.2669438246740155
-1.2661080909064502
-1.2229050441727847
-1.2228327307593418
-1.1641675987307258
-1.1637269537303772
-1.144056408694577
-1.144007163557932
-0.9849978366618019
-0.9844306511092182
-0.9751327129604818
-0.9747838872449374
-0.9301011983480664
-0.9298098319076452
-0.8906318802628842
-0.8906245236437768
-0.8475014458431145
-0.847343957017302
-0.7884353026291754
-0.7876279100180371
-0.7213221423892384
-0.7203026765674823
-0.6594415449427906
-0.6594102979223115
-0.6089210786438849
-0.6086850902914857
-0.5584151621048922
-0.5573630778058164
0.5573630778058174
0.5584151621048932
0.6086850902914859
0.6089210786438853
0.6594102979223117
0.6594415449427912
0.7203026765674828
0.7213221423892378
0.787627910018037
0.7884353026291754
0.8473439570173019
0.8475014458431136
0.8906245236437766
0.8906318802628843
0.9298098319076449
0.9301011983480655
0.9747838872449368
0.9751327129604809
0.9844306511092177
0.9849978366618014
1.1440071635579314
1.144056408694577
1.1637269537303767
1.164167598730726
1.2228327307593414
1.2229050441727845
1.266108090906449
1.2669438246740157
1.2835945933717379
1.2839480532780896
1.3730413639435795
1.3733428247508048
1.3987432319303756
1.3989718179479205
1.4641224915410687
1.464814700752137
1.502653284006903
1.5031403670031738
1.5156206714612979
1.5158398967366626
1.5371259371198984
1.5371374869703096
1.5554316268151227
1.555968170103734
1.563416717377668
1.563762301530187
1.6095911747068306
1.6100296915093473
1.6340109456914877
1.6340552112024427
1.642141883501921
1.6425263732447084
1.6989644331864857
1.6992228123154527
1.756858863757027
1.7570342512451378
1.7705705748115759
1.7706031945916514
1.7876619209849136
1.7886752488652318
1.805564574868741
1.8058017607943122
1.834944070720695
1.8351486968603077
1.8730755293625558
1.873225649115051
1.8986842993158486
1.8988904553884551
1.9207466541293106
1.921089672359796
1.943817125420622
1.9439684876750056
1.9602778178267275
1.9604599257970499
1.995788498739169
1.995957291032967
2.011033719959117
2.0112881588747036
2.0155997721016825
2.0162227431225523
2.0423383662361334
2.0426355944286323
2.072480740257958
2.072583503602316
2.0940807152908265
2.0942295876742167
2.094337919521715
2.094908092262312
2.0991692874365655
2.099639450726866
2.1228967415578834
2.123855242508757
2.132458475791463
2.133039024147154
2.1511644064208646
2.1513028377346664
2.177726307824062
2.1777406568538846
2.204377507859547
2.204746296504008
2.220416143737812
2.2208301402748085
2.2630310886707803
2.263579346862625
2.2661251499619004
2.266806383890376
2.28303682608437
2.283810672376596
2.3290890944360583
2.329443742708604
2.358468446088479
2.359050615418652
2.422633229637583
2.4233792541743955
2.4419702780634136
2.4422301672925624
2.4704351327060956
2.470665076651789
2.49340852530044
2.4943795979822347
2.551104842037924
2.5524033763091
2.567121458163727
2.567179427010151
2.5702048535681885
2.570212704332541
2.579732092052759
2.581061270844165
