-8.145481907714975
-8.144078543640942
-8.124125769728254
-8.124112620622592
-8.122686135454272
-8.122671108790112
-8.092973209796998
-8.0915683826769
-7.99885754364211
-7.9975220602300325
-7.957035375098007
-7.957010939371546
-7.954581318878614
-7.954506233856963
-7.91792242467347
-7.916599106066258
-7.83594363594626
-7.834679844140122
-7.803610583249523
-7.8036015468078626
-7.8022289489578425
-7.802121955157138
-7.752263759094681
-7.751023130514581
-7.70228735613227
-7.70099410672997
-7.6809141235555884
-7.6800435345328335
-7.643250874095285
-7.642717805600322
-7.639290859272012
-7.6392210302170644
-7.586795393049391
-7.586779652147246
-7.582343450824294
-7.582312014310442
-7.517084627901392
-7.5161918303245665
-7.5112553552196415
-7.509978914259526
-7.506851441653934
-7.505555006440694
-7.497948974853261
-7.497062063569887
-7.421675719006671
-7.421595712062558
-7.415251304034842
-7.41519426824076
-7.3658597967901285
-7.365772370783083
-7.350054936150041
-7.350022917804194
-7.336373676609785
-7.335178301523952
-7.316208590610224
-7.314956961515424
-7.250650875156015
-7.250599730112409
-7.241772229370486
-7.241707447739358
-7.181339737404567
-7.181226830360917
-7.172446145882788
-7.172225417576737
-7.166790396814681
-7.166745927490955
-7.157181924974815
-7.157084504019814
-7.096399875731676
-7.096282416962496
-7.089062400170368
-7.088955600683764
-7.032829711019116
-7.0315332293754444
-6.986597512266272
-6.986117091435302
-6.976274513921305
-6.97546658801989
-6.9664558588455625
-6.966449144740795
-6.904079066667638
-6.903996153524013
-6.901570851526158
-6.901532148913982
-6.8199674677855935
-6.818965954139648
-6.808624486378772
-6.8074067920491315
-6.804031671963261
-6.802780315609973
-6.797178981001333
-6.7962019171365515
-6.730195096190233
-6.730120060672054
-6.719787229469707
-6.719749032696716
-6.643418642426766
-6.643279022934998
-6.613058728665184
-6.612994937589573
-6.5933257190142935
-6.592135541928075
-6.57851170085381
-6.57725401421301
-6.510358830815874
-6.5090824680273585
-6.464208876484095
-6.464144292727014
-6.449472265396445
-6.44931306384384
-6.425129563304412
-6.423873994834085
-6.344805276593043
-6.343482012646289
-6.299426125919821
-6.299408981658659
-6.290120766536307
-6.290058357402718
-6.2372278843755256
-6.235874426907455
-6.138925744659733
-6.137523132772187
-6.092939411731337
-6.092929614389247
-6.091108611844963
-6.091088482987941
-6.06259420143895
-6.061197817281448
6.061197817281448
6.062594201438948
6.091088482987941
6.091108611844961
6.092929614389241
6.092939411731334
6.137523132772183
6.1389257446597325
6.235874426907455
6.23722788437553
6.290058357402719
6.290120766536305
6.299408981658664
6.299426125919818
6.34348201264629
6.344805276593045
6.423873994834089
6.425129563304415
6.44931306384384
6.449472265396448
6.464144292727013
6.464208876484095
6.509082468027356
6.510358830815873
6.577254014213011
6.578511700853804
6.592135541928071
6.593325719014292
6.612994937589574
6.613058728665183
6.643279022934997
6.643418642426769
6.719749032696717
6.719787229469707
6.730120060672054
6.73019509619023
6.7962019171365515
6.797178981001333
6.802780315609973
6.804031671963265
6.8074067920491395
6.808624486378776
6.818965954139647
6.8199674677855935
6.901532148913985
6.901570851526158
6.903996153524021
6.904079066667636
6.96644914474079
6.9664558588455625
6.975466588019889
6.9762745139213065
6.986117091435302
6.986597512266274
7.031533229375445
7.032829711019114
7.088955600683761
7.089062400170369
7.096282416962496
7.096399875731673
7.15708450401981
7.157181924974816
7.166745927490957
7.166790396814683
7.172225417576736
7.172446145882788
7.181226830360917
7.181339737404564
7.2417074477393575
7.241772229370489
7.250599730112411
7.250650875156015
7.314956961515427
7.316208590610223
7.335178301523957
7.336373676609787
7.350022917804194
7.350054936150046
7.365772370783084
7.36585979679013
7.41519426824076
7.415251304034842
7.42159571206256
7.4216757190066724
7.497062063569887
7.497948974853258
7.505555006440691
7.506851441653934
7.509978914259528
7.5112553552196415
7.5161918303245665
7.517084627901394
7.582312014310442
7.582343450824294
7.58677965214724
7.586795393049389
7.639221030217068
7.639290859272015
7.6427178056003235
7.643250874095283
7.680043534532828
7.6809141235555884
7.70099410672997
7.702287356132268
7.751023130514583
7.752263759094682
7.802121955157142
7.802228948957845
7.803601546807862
7.803610583249523
7.834679844140122
7.835943635946256
7.9165991060662595
7.917922424673471
7.954506233856969
7.954581318878609
7.95701093937155
7.957035375098008
7.9975220602300325
7.9988575436421065
8.091568382676899
8.092973209796998
8.12267110879011
8.12268613545427
8.12411262062259
8.124125769728252
8.14407854364094
8.145481907714972
