-1.1911578412116426
-1.1886907473371555
-1.1715604578795182
-1.1690102033277014
-1.1685290264064714
-1.1669204696389348
-1.149984623673702
-1.1471608690232369
-1.1401270622912032
-1.1389483649564256
-1.1379480354861728
-1.136933694949765
-1.1197733314170726
-1.1169155571070206
-1.1161353035166184
-1.1150099549513064
-1.1003243222011534
-1.0986575588271446
-1.0983476307148843
-1.0963029089970775
-1.085539769994307
-1.0838502825857361
-1.078059374022779
-1.0766642003259472
-1.0746772531401987
-1.0735222947769374
-1.0552918845285146
-1.054113129908528
-1.0525920666093425
-1.0516101058247895
-1.0459034085100727
-1.0439208495990009
-1.0419099287952174
-1.0406765679868284
-1.0318292233279585
-1.0299750003699317
-1.0278780526243532
-1.0273183341643126
-1.0100724442209563
-1.0080843634591101
-1.0070081636266266
-1.0056209686335884
-0.999420641757862
-0.9987152258537879
-0.9973012310099033
-0.9949190543433135
-0.994197627465893
-0.9935393045739424
-0.986223593185773
-0.9833776606423815
-0.9821771091789605
-0.9800657218806218
-0.969763577299898
-0.9677373800465833
-0.9656039784498175
-0.9629199479388875
-0.9516094729523714
-0.9505311511941141
-0.9500818185278598
-0.9478260768008601
-0.947467846067916
-0.947350430402453
-0.9464337434682768
-0.9451243090624081
-0.9431443928832511
-0.9419154772369501
-0.9407332406559429
-0.9400579785165263
-0.9392757423575167
-0.9364069319696346
-0.9357848440611166
-0.9353180095257774
-0.9167948496741405
-0.9133172480673714
-0.9115952854419184
-0.9104532697311273
-0.9056500049476739
-0.9029036707943323
-0.9018630630349315
-0.9012373273888364
-0.9002050939455817
-0.8970380108186445
-0.8958679490714524
-0.8955142364214576
-0.8947731994329207
-0.8942753864995825
-0.8755001180395141
-0.8735107647277809
-0.8722076359180547
-0.8717151097355553
-0.8530950227878001
-0.8513947528254896
-0.8508746214985962
-0.849958784689134
-0.843121817627355
-0.8429480372582137
-0.842123647942857
-0.8413271426429829
-0.841102535951932
-0.8406456371505752
-0.8402977871902702
-0.8384123973920329
-0.8213991184417971
-0.819745196095349
-0.8188125143452699
-0.8174178456049545
-0.8145767719573105
-0.8142163499195703
-0.8127806440697501
-0.8118162449468905
-0.7950080756179386
-0.7922691830796152
-0.7913429339892283
-0.7900181402957512
-0.7843838561596427
-0.780840367543727
-0.7691752228952637
-0.7678041707817891
-0.7668045839864769
-0.7647661327590936
-0.7598104885411123
-0.7584858635417565
-0.7573170210590471
-0.7560131883272048
-0.7337596233509209
-0.731067076555573
-0.7289639736284502
-0.7278001980991821
-0.7081465980107479
-0.707044079787141
-0.7063129287312776
-0.7036236962774026
-0.6959650796006704
-0.6940832262770465
-0.6930825334422307
-0.6922046602865822
-0.675189881085801
-0.672958533378674
-0.6367217682215179
-0.6353836648273045
-0.6347351015894466
-0.6340927048031768
-0.6331828903331786
-0.6321179028190579
-0.6310839075158137
-0.6304951684960166
-0.5913887626947527
-0.5886342972124918
-0.555829263993799
-0.5538692260757013
-0.5525871682749003
-0.5505855655497764
-0.48036442292369763
-0.4774950528346971
-0.47704239740178517
-0.4735593081572771
-0.41922236328763524
-0.41789628837561643
-0.41703662719531004
-0.4153963629301128
-9.987519283000518e-05
-9.024615254364884e-05
9.024615254358718e-05
9.987519283011242e-05
0.41539636293011234
0.41703662719531037
0.4178962883756159
0.41922236328763546
0.4735593081572775
0.4770423974017844
0.47749505283469706
0.4803644229236974
0.5505855655497764
0.5525871682749001
0.5538692260757012
0.5558292639937994
0.588634297212492
0.5913887626947527
0.6304951684960169
0.6310839075158133
0.6321179028190584
0.6331828903331793
0.6340927048031766
0.6347351015894462
0.6353836648273047
0.6367217682215177
0.6729585333786741
0.6751898810858009
0.6922046602865821
0.6930825334422308
0.6940832262770463
0.6959650796006703
0.7036236962774026
0.7063129287312789
0.7070440797871412
0.7081465980107481
0.7278001980991818
0.7289639736284504
0.7310670765555735
0.7337596233509208
0.7560131883272049
0.7573170210590472
0.7584858635417565
0.7598104885411125
0.7647661327590934
0.7668045839864768
0.7678041707817891
0.7691752228952642
0.780840367543727
0.7843838561596426
0.7900181402957512
0.7913429339892281
0.7922691830796155
0.7950080756179387
0.8118162449468906
0.8127806440697501
0.8142163499195704
0.8145767719573108
0.8174178456049545
0.8188125143452697
0.8197451960953487
0.821399118441797
0.8384123973920327
0.84029778719027
0.8406456371505757
0.8411025359519323
0.8413271426429828
0.842123647942857
0.8429480372582135
0.8431218176273553
0.8499587846891342
0.850874621498596
0.8513947528254896
0.8530950227877999
0.8717151097355551
0.872207635918055
0.8735107647277808
0.8755001180395139
0.8942753864995824
0.8947731994329203
0.8955142364214574
0.8958679490714525
0.8970380108186449
0.9002050939455817
0.901237327388836
0.9018630630349307
0.9029036707943324
0.9056500049476738
0.9104532697311274
0.9115952854419184
0.9133172480673715
0.9167948496741402
0.9353180095257775
0.9357848440611172
0.9364069319696348
0.9392757423575164
0.9400579785165256
0.9407332406559423
0.9419154772369499
0.9431443928832512
0.945124309062408
0.946433743468277
0.9473504304024523
0.9474678460679165
0.9478260768008602
0.9500818185278599
0.9505311511941144
0.9516094729523714
0.9629199479388875
0.9656039784498174
0.9677373800465819
0.9697635772998976
0.9800657218806216
0.9821771091789605
0.9833776606423822
0.986223593185773
0.9935393045739417
0.9941976274658926
0.9949190543433118
0.9973012310099031
0.9987152258537877
0.9994206417578618
1.005620968633588
1.0070081636266264
1.0080843634591101
1.0100724442209565
1.0273183341643126
1.027878052624353
1.0299750003699315
1.0318292233279582
1.0406765679868286
1.0419099287952172
1.0439208495990009
1.0459034085100725
1.0516101058247893
1.0525920666093425
1.0541131299085278
1.0552918845285153
1.0735222947769376
1.0746772531401987
1.0766642003259475
1.078059374022779
1.0838502825857363
1.085539769994307
1.0963029089970775
1.098347630714884
1.098657558827144
1.1003243222011532
1.1150099549513066
1.1161353035166184
1.1169155571070208
1.1197733314170724
1.1369336949497642
1.1379480354861726
1.1389483649564252
1.140127062291203
1.1471608690232373
1.149984623673702
1.1669204696389348
1.1685290264064716
1.1690102033277017
1.1715604578795182
1.188690747337156
1.191157841211644
