-1.219409554464701
-1.2194095544646995
-1.2009889560556988
-1.200988956055698
-1.2009889560556977
-1.2009889560556977
-1.182281389355221
-1.1822813893552206
-1.1719139958317013
-1.1719139958317009
-1.1719139958317004
-1.1719139958317004
-1.1527346722790028
-1.1527346722790026
-1.1527346722790024
-1.1527346722790024
-1.1346064514204277
-1.1346064514204275
-1.1346064514204275
-1.134606451420427
-1.1224104265965493
-1.1224104265965489
-1.114785454988004
-1.1147854549880039
-1.1147854549880039
-1.1147854549880036
-1.0923908698616467
-1.0923908698616467
-1.092390869861646
-1.092390869861646
-1.083399534664512
-1.0833995346645116
-1.0833995346645116
-1.083399534664511
-1.0717894492879843
-1.0717894492879836
-1.0717894492879834
-1.071789449287983
-1.0493433993327033
-1.0493433993327033
-1.049343399332703
-1.0493433993327026
-1.042930456785068
-1.0429304567850672
-1.0391056561599057
-1.0391056561599055
-1.0391056561599055
-1.0391056561599052
-1.0278795555759772
-1.0278795555759772
-1.027879555575977
-1.027879555575977
-1.0099576318620784
-1.009957631862077
-1.0099576318620769
-1.0099576318620764
-0.9968399824656609
-0.9968399824656609
-0.9968399824656609
-0.9968399824656606
-0.9937526462000168
-0.9937526462000168
-0.9937526462000167
-0.9937526462000166
-0.9876382076471171
-0.9876382076471167
-0.9876382076471167
-0.9876382076471163
-0.9785478317839071
-0.9785478317839064
-0.9785478317839063
-0.9785478317839056
-0.9584707444794696
-0.9584707444794696
-0.9584707444794696
-0.9584707444794692
-0.9554949869763525
-0.9554949869763523
-0.9554949869763522
-0.9554949869763513
-0.9520699397958535
-0.9520699397958524
-0.9520699397958524
-0.9520699397958523
-0.9494702248139054
-0.9494702248139053
-0.949470224813905
-0.9494702248139044
-0.9485125004945206
-0.9485125004945205
-0.9349229802882074
-0.9349229802882071
-0.9349229802882071
-0.9349229802882064
-0.9186830852886149
-0.9186830852886149
-0.9186830852886143
-0.9186830852886142
-0.9057519286435505
-0.9057519286435498
-0.9057519286435496
-0.9057519286435494
-0.8985987540389743
-0.8985987540389739
-0.8985987540389737
-0.8985987540389733
-0.897267474128786
-0.8972674741287859
-0.8972674741287859
-0.8972674741287853
-0.8705906025073091
-0.8705906025073088
-0.8705906025073087
-0.8705906025073087
-0.8522749375604908
-0.8522749375604908
-0.8522749375604907
-0.8522749375604906
-0.8479612645092249
-0.8479612645092247
-0.8479612645092245
-0.8479612645092242
-0.8457443336649824
-0.845744333664982
-0.8148091863290873
-0.8148091863290868
-0.814809186329086
-0.8148091863290859
-0.796351886015075
-0.7963518860150749
-0.7963518860150748
-0.7963518860150747
-0.7905847956167088
-0.7905847956167088
-0.7905847956167079
-0.7905847956167075
-0.7561202069064792
-0.756120206906479
-0.7561202069064789
-0.7561202069064784
-0.7436862072091351
-0.7436862072091348
-0.7299507354790056
-0.729950735479005
-0.7299507354790049
-0.7299507354790047
-0.7004360182954891
-0.7004360182954888
-0.7004360182954888
-0.7004360182954885
-0.6721018707455606
-0.6721018707455603
-0.6721018707455603
-0.67210187074556
-0.6543332917238492
-0.654333291723849
-0.6239089401444836
-0.6239089401444828
-0.6239089401444828
-0.6239089401444827
-0.591922861972957
-0.5919228619729562
0.591922861972956
0.5919228619729565
0.623908940144482
0.6239089401444824
0.623908940144483
0.623908940144483
0.6543332917238489
0.6543332917238495
0.6721018707455602
0.6721018707455605
0.6721018707455606
0.6721018707455612
0.7004360182954883
0.7004360182954883
0.7004360182954885
0.7004360182954893
0.7299507354790046
0.7299507354790046
0.7299507354790049
0.7299507354790052
0.7436862072091345
0.7436862072091346
0.756120206906478
0.7561202069064781
0.7561202069064786
0.7561202069064794
0.7905847956167076
0.7905847956167082
0.7905847956167084
0.7905847956167086
0.7963518860150748
0.7963518860150751
0.7963518860150753
0.7963518860150754
0.8148091863290862
0.8148091863290864
0.8148091863290865
0.8148091863290867
0.8457443336649823
0.8457443336649823
0.8479612645092242
0.8479612645092243
0.8479612645092244
0.8479612645092247
0.8522749375604908
0.8522749375604908
0.8522749375604909
0.8522749375604909
0.8705906025073086
0.8705906025073094
0.8705906025073095
0.8705906025073099
0.8972674741287852
0.8972674741287857
0.8972674741287857
0.8972674741287868
0.8985987540389723
0.8985987540389727
0.8985987540389735
0.8985987540389737
0.9057519286435485
0.905751928643549
0.9057519286435494
0.9057519286435494
0.9186830852886141
0.9186830852886141
0.9186830852886143
0.9186830852886146
0.9349229802882069
0.9349229802882074
0.9349229802882074
0.9349229802882079
0.9485125004945206
0.9485125004945206
0.9494702248139046
0.9494702248139049
0.9494702248139049
0.9494702248139052
0.9520699397958524
0.9520699397958527
0.9520699397958529
0.952069939795853
0.9554949869763522
0.9554949869763523
0.9554949869763525
0.9554949869763527
0.9584707444794683
0.9584707444794688
0.958470744479469
0.9584707444794692
0.9785478317839056
0.9785478317839058
0.9785478317839063
0.9785478317839064
0.9876382076471165
0.9876382076471171
0.9876382076471173
0.9876382076471175
0.9937526462000166
0.993752646200017
0.993752646200017
0.9937526462000172
0.9968399824656596
0.9968399824656604
0.9968399824656605
0.9968399824656606
1.0099576318620767
1.0099576318620769
1.0099576318620773
1.0099576318620773
1.0278795555759765
1.0278795555759768
1.027879555575977
1.027879555575977
1.0391056561599052
1.0391056561599057
1.0391056561599057
1.0391056561599057
1.042930456785068
1.042930456785068
1.049343399332703
1.049343399332703
1.049343399332703
1.0493433993327033
1.0717894492879831
1.0717894492879834
1.0717894492879843
1.071789449287985
1.0833995346645109
1.083399534664511
1.0833995346645113
1.0833995346645116
1.092390869861646
1.092390869861646
1.0923908698616462
1.0923908698616462
1.1147854549880027
1.1147854549880034
1.1147854549880039
1.114785454988004
1.1224104265965489
1.1224104265965489
1.1346064514204273
1.1346064514204273
1.1346064514204275
1.1346064514204275
1.1527346722790022
1.1527346722790024
1.1527346722790026
1.1527346722790033
1.1719139958317006
1.1719139958317009
1.1719139958317009
1.1719139958317009
1.1822813893552206
1.1822813893552209
1.2009889560556977
1.2009889560556979
1.200988956055698
1.2009889560557
1.2194095544647006
1.2194095544647006
