-1.1908116826416595
-1.186750346567433
-1.1722013236403195
-1.1704194720339407
-1.1679992801551902
-1.1668063116355099
-1.1508511568261826
-1.1477362031433616
-1.1407817452277105
-1.1396954010411753
-1.1374389105011125
-1.134989789988737
-1.1195354547647904
-1.1183181233320065
-1.1168457665080644
-1.1143462518969707
-1.100638054217139
-1.0969347323620051
-1.0966877187429076
-1.0950334870416727
-1.0869714544469065
-1.0831097929501081
-1.0805767382900786
-1.0765413166190365
-1.0746787816339065
-1.0730069934783404
-1.055746346132217
-1.0531241949849772
-1.0511608404095438
-1.0499130693952805
-1.0452536251698443
-1.0428806448992325
-1.0410601208354429
-1.039419975381635
-1.0346682107701661
-1.0295291406823532
-1.0283828145946876
-1.026073410454545
-1.0111520900916935
-1.0077058395284377
-1.0061753002561566
-1.0047176456326214
-0.9990516832357411
-0.9973991761895837
-0.9967247913041001
-0.9942362890028678
-0.9932188060076457
-0.9920673938444176
-0.987018538359667
-0.9825853516677874
-0.9810333188771655
-0.979574682601983
-0.9698815162902295
-0.9671368861979318
-0.9663536840786018
-0.965080517308431
-0.9524381485161266
-0.9514390489775798
-0.9509180330042255
-0.9490397073317343
-0.9484611983011795
-0.946270454387852
-0.9445526793517149
-0.9431961399879527
-0.9425638127549798
-0.9420651489177172
-0.9403874509504829
-0.9391079727711649
-0.9373009149380742
-0.9369866901194032
-0.9353590888742547
-0.933646485970917
-0.9140041280723177
-0.9137319363870212
-0.9119216426409961
-0.9105877407238293
-0.9071707738297816
-0.9047803805318517
-0.9015832802640381
-0.9011319047165708
-0.8985612510798308
-0.8975820572014522
-0.8960885695810079
-0.8952045681596762
-0.8928325880537786
-0.8915397574469097
-0.8746706859652265
-0.8730842849728253
-0.8715094385725046
-0.8691635865681199
-0.8567395503360618
-0.8527808132168815
-0.85077581842494
-0.8489897142461692
-0.8442645933381193
-0.843301514401412
-0.8427322352216297
-0.8417954992845635
-0.8415614607966033
-0.8396761143507114
-0.8387740988905001
-0.8374565630837039
-0.8208921776268951
-0.8192582910215078
-0.8177835576682759
-0.816809436447525
-0.8157031867085174
-0.8135368602081082
-0.8117839023268714
-0.8110005599879676
-0.7968570657815514
-0.79283310780341
-0.790755412298996
-0.7904492357226115
-0.7845702485336106
-0.7829800671578038
-0.7695733008860566
-0.7681926525683574
-0.767090684542615
-0.7646241207764906
-0.7598194657045052
-0.7583603092415961
-0.7565037772917405
-0.7545864296529082
-0.7335254353544878
-0.7309940859726071
-0.7300513099330586
-0.7284473312255455
-0.7078299526110952
-0.7065815572120612
-0.7064123590796457
-0.7044588949161565
-0.6947069446848116
-0.6935896607292589
-0.6917628942206079
-0.6903968884420277
-0.6748551803188142
-0.6744540372884388
-0.636854074123789
-0.6352646145971288
-0.6351791283530852
-0.6330740550887352
-0.6320312333817604
-0.6317415186973052
-0.6308412306289285
-0.6305568843948387
-0.5908546132864233
-0.5872243221412367
-0.5556550408734687
-0.5550148373561148
-0.5529037199958138
-0.5521887245221581
-0.47976855343235425
-0.4788427122501512
-0.4775027971242736
-0.4769408152189216
-0.4200726136890617
-0.4182633271394521
-0.41486751532972965
-0.41384749916964464
-9.3163385434217e-05
-9.201251770068935e-05
9.201251770010842e-05
9.316338543454523e-05
0.41384749916964525
0.4148675153297295
0.41826332713945286
0.42007261368906185
0.4769408152189215
0.4775027971242734
0.47884271225015096
0.47976855343235447
0.552188724522158
0.5529037199958132
0.5550148373561141
0.5556550408734682
0.5872243221412371
0.5908546132864235
0.6305568843948388
0.6308412306289283
0.631741518697305
0.6320312333817603
0.6330740550887355
0.6351791283530854
0.635264614597129
0.6368540741237891
0.6744540372884389
0.6748551803188142
0.6903968884420277
0.6917628942206078
0.6935896607292589
0.6947069446848116
0.7044588949161567
0.7064123590796458
0.7065815572120613
0.7078299526110952
0.7284473312255456
0.7300513099330586
0.7309940859726068
0.7335254353544877
0.7545864296529081
0.7565037772917399
0.758360309241596
0.7598194657045051
0.7646241207764907
0.767090684542615
0.7681926525683571
0.7695733008860567
0.7829800671578037
0.7845702485336107
0.7904492357226114
0.7907554122989959
0.7928331078034098
0.7968570657815512
0.8110005599879677
0.811783902326871
0.8135368602081084
0.8157031867085172
0.816809436447525
0.8177835576682757
0.8192582910215078
0.8208921776268955
0.837456563083704
0.8387740988904999
0.8396761143507124
0.8415614607966034
0.8417954992845635
0.8427322352216294
0.8433015144014128
0.8442645933381194
0.8489897142461692
0.85077581842494
0.8527808132168814
0.8567395503360615
0.8691635865681203
0.8715094385725046
0.8730842849728251
0.8746706859652265
0.8915397574469096
0.8928325880537789
0.8952045681596763
0.8960885695810079
0.897582057201452
0.8985612510798309
0.9011319047165707
0.9015832802640386
0.9047803805318518
0.9071707738297815
0.9105877407238295
0.9119216426409963
0.9137319363870211
0.914004128072318
0.9336464859709173
0.9353590888742546
0.9369866901194028
0.9373009149380743
0.9391079727711648
0.9403874509504826
0.9420651489177171
0.9425638127549786
0.9431961399879527
0.9445526793517149
0.9462704543878522
0.94846119830118
0.949039707331734
0.9509180330042251
0.95143904897758
0.9524381485161264
0.965080517308431
0.9663536840786024
0.9671368861979318
0.9698815162902295
0.9795746826019832
0.9810333188771659
0.9825853516677874
0.9870185383596668
0.9920673938444176
0.9932188060076461
0.9942362890028678
0.9967247913041003
0.9973991761895837
0.9990516832357409
1.0047176456326217
1.0061753002561569
1.007705839528438
1.011152090091694
1.026073410454545
1.0283828145946872
1.0295291406823532
1.0346682107701661
1.0394199753816349
1.0410601208354429
1.0428806448992325
1.045253625169844
1.0499130693952805
1.0511608404095438
1.0531241949849774
1.055746346132217
1.0730069934783397
1.0746787816339056
1.076541316619036
1.0805767382900782
1.0831097929501077
1.0869714544469062
1.0950334870416725
1.0966877187429074
1.096934732362005
1.1006380542171386
1.1143462518969705
1.1168457665080647
1.1183181233320068
1.119535454764791
1.1349897899887367
1.137438910501112
1.139695401041175
1.14078174522771
1.1477362031433613
1.150851156826182
1.1668063116355096
1.16799928015519
1.1704194720339405
1.1722013236403195
1.1867503465674325
1.1908116826416593
