-8.667164246856197
-8.643238528388345
-8.562634641106644
-8.551817073186546
-8.522665469534648
-8.518602448660104
-8.449125575593294
-8.414036534178493
-8.40326190477714
-8.39135893250008
-8.37530101691621
-8.365824459437956
-8.282428294448987
-8.270349803818764
-8.252841510893173
-8.24317643332642
-8.200832748366311
-8.187595832714972
-8.1773215664427
-8.16240413911332
-8.116752326261585
-8.089660736920223
-8.079693162354097
-8.066649607595744
-8.060647810870561
-8.034186791706949
-7.973311585914998
-7.964090832712642
-7.949697611322234
-7.937894374367762
-7.9130027752010665
-7.901219402579644
-7.883412154192856
-7.86448562176469
-7.860143810836013
-7.8266472559798945
-7.82531088339213
-7.798008963196618
-7.756939344625036
-7.739957923451679
-7.730142954986916
-7.718241569747677
-7.700335034821926
-7.677026661388713
-7.6679735706335945
-7.6532924458105995
-7.642049494668301
-7.631713444295331
-7.6172151310189635
-7.601847838045248
-7.591284515772817
-7.5828028706564075
-7.553900028788836
-7.542598384250738
-7.532095066075012
-7.50263997143368
-7.46935609347906
-7.456876384495417
-7.449036228896169
-7.444313100506441
-7.432096149129185
-7.430011592328443
-7.426419034553474
-7.419085038682137
-7.411929630949984
-7.407920458036292
-7.40246254541807
-7.3940274806668524
-7.387472762226805
-7.3754340903347435
-7.3724136576037935
-7.3660222124429415
-7.302293016948593
-7.287408735481961
-7.266177402628142
-7.265083320195028
-7.2425030104017205
-7.22544113786626
-7.216179516884739
-7.210727311854952
-7.203605277401851
-7.192450396944455
-7.186658569418945
-7.175899241229294
-7.166345995423586
-7.147109417708807
-7.114996350273801
-7.0905801764051715
-7.0825561684912035
-7.064536767231768
-7.014083888408707
-6.982398863350904
-6.977530611006325
-6.951396713770236
-6.942080782169238
-6.936176830768758
-6.928800389263581
-6.91524935320141
-6.876533166367769
-6.851712019404102
-6.848581700917025
-6.8278015730931365
-6.733675582057697
-6.7201938497201805
-6.704070077280703
-6.690224866791436
-6.6854630971510645
-6.664398028383537
-6.593407457665574
-6.582414109725094
-6.578750130063299
-6.5578281884900775
-6.472450959897507
-6.4509224447619795
-6.44639741971734
-6.424185936174737
-6.329182420328192
-6.316114626500213
-6.298907236138973
-6.2883119133807845
-6.236309038094838
-6.199769613861378
-6.138869150021968
-6.124341970455795
-6.100323443279138
-6.092737706072361
-6.086640848393194
-6.085710949702125
-6.062505943730248
-6.048251860732555
-6.017116947713989
-5.979081650648498
-5.953949502516105
-5.928338362391637
-5.9200537588370095
-5.905878789914389
-5.743226380639747
-5.731623668202143
-5.728783602364434
-5.690744461122989
-5.4446344121874795
-5.417121056123938
-5.406166292217545
-5.404653541957684
-5.095034447384679
-5.087284691165175
-5.066459965880136
-5.060381141437203
-4.747783020919376
-4.728072227993334
-4.720938068690784
-4.70219625592746
-4.4540019168589025
-4.415885367625808
-4.4064284265166265
-4.388085371933051
-4.196572906182643
-4.187857240882701
-4.174996853532973
-4.165189660323208
-3.606259218675817e-06
-3.456540952989425e-06
3.4528402990019223e-06
3.6099598751374336e-06
4.165189660323257
4.17499685353352
4.187857260880421
4.196572886184484
4.388085371944598
4.406428446501633
4.415885367626556
4.454001896861184
4.702196255947751
4.720938068692069
4.728072247965312
4.747783000924127
5.060381141453892
5.066459965883392
5.08728471113475
5.095034427395226
5.404653542102372
5.406166292231183
5.417121075963596
5.444634392191606
5.690744461131347
5.728783622098982
5.731623668460479
5.743226360645952
5.9058787872877625
5.92005375897488
5.9283383649053425
5.953949522484903
5.979081650666236
6.017116927746364
6.048251857201755
6.062505943755509
6.085710948897256
6.086640858066446
6.092737700583084
6.100323443322222
6.124341990433691
6.13886913007034
6.1997696154951285
6.236309036501911
6.288311914123281
6.298907222608292
6.3161146341224
6.329182425727506
6.424185929897785
6.4463974321854245
6.450922444187882
6.472450953893797
6.5578281902652895
6.5787501220503515
6.582414105402337
6.593407468440686
6.664398028207256
6.685463098249669
6.6902248741051284
6.704070069188234
6.72019384491839
6.733675586557362
6.827801569302064
6.848581690387563
6.851712029755453
6.876533171531459
6.915249349751837
6.928800388311529
6.936176834517889
6.942080780150644
6.951396724202817
6.977530602944196
6.982398861713492
7.014083889039267
7.064536764165695
7.082556156196847
7.090580187846055
7.114996354295918
7.147109424066515
7.166345991272604
7.175899239100385
7.186658571329285
7.192450393086757
7.203605274462513
7.210727310440225
7.216179510086282
7.225441144432585
7.2425030175368255
7.265083324020211
7.2661773932001665
7.287408738366575
7.302293019073045
7.366022222432374
7.372413656098248
7.375434087936141
7.38747276405635
7.394027480621926
7.402462542932196
7.407920454877802
7.411929623793814
7.419085038370648
7.426419030152215
7.430011592116902
7.43209614770486
7.444313109491266
7.449036228424298
7.456876382657127
7.4693560972891655
7.502639975426432
7.532095064450114
7.542598390251233
7.553900022825395
7.582802865318262
7.5912845260694395
7.601847829466538
7.617215131674573
7.631713440367821
7.642049497402689
7.653292441615524
7.667973574453383
7.677026654324768
7.700335041585464
7.718241575166517
7.730142948666224
7.739957921437118
7.7569393513189135
7.798008970003873
7.825310876561969
7.826647248304972
7.8601438155940935
7.864485616940067
7.883412152037015
7.901219410232907
7.913002778224563
7.937894362200783
7.949697621201079
7.964090835621671
7.973311584167408
8.034186795969054
8.060647815113043
8.066649599324949
8.07969316237819
8.089660729036682
8.11675233339575
8.162404137323692
8.177321564048446
8.18759583385415
8.20083275168862
8.243176428004933
8.252841514152617
8.270349799513149
8.2824283007348
8.36582445488554
8.37530100987333
8.391358945270232
8.403261903296764
8.414036539677078
8.449125570563574
8.518602452600925
8.522665465196406
8.551817065756282
8.562634649006228
8.643238528047647
8.667164247059857
