-8.639367600971008
-8.63176122213054
-8.57081336184766
-8.557809236602756
-8.54152059044942
-8.525380948745527
-8.480362624914548
-8.445269729080104
-8.419498363389307
-8.4113853090002
-8.406063906704311
-8.387638503524476
-8.334100871178755
-8.310525350454192
-8.301776894352935
-8.293307244229027
-8.244072492384309
-8.232877361914364
-8.222451528712384
-8.194718075271934
-8.170798725035684
-8.166139495850164
-8.153621564783865
-8.130858755924887
-8.12233346150128
-8.10799745565642
-8.046166998113868
-8.034750711350878
-8.02594537536342
-8.002935256294291
-7.9890275080970605
-7.982930571064517
-7.968451052461265
-7.967428976462008
-7.946801196541763
-7.928565284740449
-7.918501072666141
-7.899966395480246
-7.845523382536687
-7.825456407658055
-7.810997646954395
-7.80236222021302
-7.796702270936812
-7.793668347949035
-7.784549335788966
-7.776278115429365
-7.767812376655655
-7.765734792326741
-7.733607913312959
-7.720100927632658
-7.706044422365287
-7.694346602215105
-7.653920228711114
-7.639183320290177
-7.637506761353966
-7.61288157056936
-7.604806646679439
-7.5915973043956715
-7.586586928598637
-7.566720698918545
-7.556817012922976
-7.552651342151795
-7.550309466250377
-7.545393332731708
-7.53282510886714
-7.530795607699153
-7.5095415492481505
-7.50811443921025
-7.499988168866581
-7.484551637318068
-7.472968004200358
-7.461952095441142
-7.422724463162228
-7.411228837586557
-7.405783341975088
-7.401957508208843
-7.395155137693453
-7.387042846284728
-7.380523211864376
-7.376354963164916
-7.370905115821558
-7.362394861233628
-7.358639167614258
-7.354832749390437
-7.347584872566931
-7.335628197165977
-7.333671583580156
-7.327894744952535
-7.321697383469958
-7.319409947665317
-7.291857818249499
-7.277868948371792
-7.262411287573445
-7.246254534832724
-7.226802247463945
-7.2153834657721
-7.2063686147743535
-7.196597373155712
-7.167654797518764
-7.164959385567157
-7.1545049158084355
-7.147399759120245
-7.133229474126348
-7.12276611583013
-7.121276398543526
-7.111285937685634
-7.106631658034523
-7.097807404425126
-7.08522777085233
-7.077202860924427
-7.014333704106554
-7.004484320152457
-6.987367488291769
-6.9758886168364365
-6.955158320731353
-6.9374528950314565
-6.916997468743048
-6.9137387712712925
-6.9088945809779005
-6.895309426238097
-6.887395496175816
-6.882973488796783
-6.871321109252699
-6.868130315262892
-6.78384384456161
-6.760532287885573
-6.758263012167499
-6.742509927359108
-6.69536176998837
-6.683584775123987
-6.674481259910514
-6.670205082473041
-6.662746688088372
-6.655120032854309
-6.643963004493826
-6.622969885078903
-6.540628064629994
-6.508938213029773
-6.505173132839854
-6.495853218320759
-6.47230290894274
-6.45811386131043
-6.418692513182848
-6.403685885198398
-6.395170429014458
-6.377649739298408
-6.3050651905717565
-6.285956700040067
-6.283221167795941
-6.271030099544615
-6.192009003809915
-6.18063706789942
-6.172581377657949
-6.15911925869483
-6.125250695029434
-6.095333108875649
-6.014241002109138
-5.999872018048392
-5.984636313198655
-5.961996775518019
-5.871717704314399
-5.855987598928224
5.855987589356108
5.8717177138232115
5.9619967694122735
5.984636303954423
5.999872022088155
6.014241012943723
6.095333103145179
6.125250699794887
6.159119248168096
6.172581372217294
6.180637073734344
6.192009015482728
6.271030097369063
6.283221169785599
6.285956688876886
6.305065201632755
6.37764972670201
6.395170422806958
6.403685893085353
6.418692524467216
6.458113864922659
6.4723029050021
6.495853215266377
6.505173124348807
6.508938213710933
6.54062807563417
6.6229698721667924
6.64396299750862
6.655120046177287
6.662746688921347
6.670205091768296
6.674481248890894
6.68358477242339
6.695361779042461
6.742509920198302
6.758262999139246
6.7605322998299755
6.783843853959199
6.86813030755958
6.871321102991167
6.882973495017137
6.887395483700383
6.895309435221014
6.908894579108729
6.91373877200935
6.916997476462067
6.937452891345442
6.9551583286870216
6.97588861225087
6.987367478759963
7.004484327076263
7.014333711876779
7.077202853161098
7.085227772271683
7.097807405030594
7.106631649235228
7.11128593976208
7.121276400698403
7.122766111314241
7.1332294691241005
7.147399754320993
7.154504926665177
7.164959394705185
7.167654799267436
7.196597364151815
7.206368615623823
7.215383468983614
7.2268022533581595
7.246254522728228
7.262411279332811
7.277868958484863
7.291857829173036
7.319409939355675
7.321697386191546
7.327894745526645
7.333671573943567
7.33562819806052
7.347584871317599
7.354832749574425
7.358639155937405
7.3623948600998155
7.3709051162125405
7.376354967403561
7.380523207599505
7.3870428525332565
7.395155133953556
7.40195751213412
7.405783348451194
7.41122884586855
7.4227244689415555
7.461952092870864
7.472967995464403
7.4845516408103885
7.4999881757758065
7.508114435014483
7.509541537838234
7.530795614794902
7.532825115917561
7.545393330305033
7.550309458544882
7.5526513401817414
7.556817011655726
7.566720689894876
7.586586931185975
7.591597314934272
7.604806651991735
7.612881567286644
7.6375067662994764
7.639183316786708
7.653920237719805
7.694346589850891
7.70604441708414
7.720100935278247
7.7336079226103855
7.765734790750105
7.767812368045028
7.77627810498805
7.784549338620731
7.793668349531192
7.796702268179706
7.802362228478064
7.810997642167589
7.825456413124707
7.845523393433221
7.899966383764824
7.9185010757677485
7.928565288429112
7.946801199618104
7.967428964478899
7.968451040099633
7.982930581850028
7.989027519264705
8.002935247052367
8.025945366205391
8.034750721674815
8.046167010369624
8.107997449894883
8.122333456967565
8.130858755391934
8.153621574483322
8.166139488356128
8.170798733578872
8.19471806307791
8.22245153058584
8.23287736459584
8.244072499998614
8.293307238378627
8.301776882927385
8.310525356274402
8.33410088269746
8.387638492184093
8.406063915221848
8.411385300759916
8.419498374024537
8.44526971877456
8.480362635336984
8.525380936337472
8.541520588845431
8.557809241222042
8.570813371743084
8.63176120868431
8.639367614679866
