-2.8641297754781077
-2.8579291154165927
-2.8074931526300726
-2.8024571173049075
-2.8016076728722874
-2.7972601714781633
-2.7450401222544656
-2.740149699022268
-2.7143609237015216
-2.7117351380963903
-2.7061774185417717
-2.7052717503764643
-2.652679517302179
-2.6495642494022715
-2.6460574749849046
-2.644607887504276
-2.5943205348342917
-2.5923509964643183
-2.590291793190649
-2.585135528746422
-2.554155997997289
-2.54751645619722
-2.5287284752536245
-2.525825195230648
-2.5240060746488995
-2.5226446609303164
-2.457780192897672
-2.454587808189418
-2.4528996938096626
-2.452137486891559
-2.426323436722122
-2.4242012681444196
-2.423925524565963
-2.4195912356210427
-2.3870680709584673
-2.38627915900558
-2.3839187759374636
-2.381781479332402
-2.316196371582553
-2.315246624681702
-2.3139389397329455
-2.307687881962458
-2.289564812183159
-2.286742735318384
-2.2788447064138735
-2.2777123464230367
-2.2762209707218792
-2.2744225556354385
-2.2438015355494114
-2.2415450817651483
-2.2383510898407395
-2.235996029360307
-2.1884061700295887
-2.187677139856545
-2.183328598382186
-2.1802644213522875
-2.137103913359016
-2.1351301077515963
-2.1309963532270646
-2.129909707568083
-2.1277355545964887
-2.126562589943527
-2.122746946080801
-2.1196521034284554
-2.111873077032715
-2.109705278453674
-2.1079286950430967
-2.1051429548055323
-2.087748078482514
-2.085805400842704
-2.083803515443056
-2.0794176319005913
-2.0325735601138115
-2.0315105865719025
-2.0305301968135647
-2.024958019431651
-2.0081163077296296
-2.0059550302675735
-2.004352441403512
-2.003010573847828
-1.9896324917256802
-1.9861291430596058
-1.9836120788561162
-1.9811016437441002
-1.971819690089878
-1.970651060301356
-1.969564441941311
-1.9661366758812748
-1.9640552195683145
-1.9615689598928507
-1.9501531023865986
-1.9484062773231423
-1.9452920783000192
-1.9415575385589814
-1.8782105730534486
-1.8749719355394154
-1.8721556252916862
-1.8690838803545116
-1.8222404281088682
-1.820446361133818
-1.819152958342153
-1.816318130749742
-1.814666425365932
-1.8125916067471373
-1.8114959906222112
-1.8062556743620577
-1.7902677691133064
-1.7852501074323242
-1.7848753845149807
-1.78260908648186
-1.6983828730298436
-1.6966213016058322
-1.694264114206618
-1.6893971845945854
-1.6311153153919127
-1.628136717477184
-1.6274654721357427
-1.624066055213103
-1.619949060009577
-1.6161976802738909
-1.615402946603966
-1.6129947325826592
-1.589097575407383
-1.585977303045157
-1.4815680630455192
-1.4791283492423835
-1.4749861054074713
-1.474832219413381
-1.4034524132229926
-1.4011805705823621
-1.400263797301235
-1.3976058172881274
-1.3971561831186567
-1.392497802251646
-1.3907961923734495
-1.3879369090365987
-1.2327122533953834
-1.230562120767451
-1.229876630310901
-1.2277056963051596
-1.1686982418665288
-1.16491973547649
-1.1377704507466948
-1.1353245721356195
-1.1343866523004522
-1.1333622970641737
-0.9694976445522033
-0.9656409666698493
-0.9647028849070121
-0.9627969190013914
-0.842783432678691
-0.841302652997438
-0.8399617417455629
-0.8386334459427219
-0.7114214190929595
-0.7093519015949924
-0.5318600222889314
-0.5300931388765754
-0.5297844584467846
-0.5290285496915929
-0.2420995638598856
-0.23837977923571296
0.23837977923571266
0.2420995638598855
0.5290285496915931
0.529784458446785
0.5300931388765758
0.5318600222889307
0.7093519015949922
0.7114214190929603
0.838633445942722
0.8399617417455626
0.8413026529974381
0.8427834326786917
0.9627969190013913
0.964702884907012
0.965640966669849
0.9694976445522034
1.1333622970641746
1.134386652300452
1.1353245721356189
1.1377704507466937
1.1649197354764893
1.1686982418665286
1.2277056963051598
1.2298766303109014
1.2305621207674515
1.232712253395383
1.387936909036599
1.3907961923734493
1.3924978022516463
1.3971561831186556
1.3976058172881267
1.4002637973012344
1.401180570582362
1.4034524132229929
1.4748322194133807
1.4749861054074713
1.4791283492423835
1.481568063045519
1.5859773030451574
1.5890975754073828
1.6129947325826592
1.6154029466039652
1.6161976802738907
1.6199490600095767
1.6240660552131014
1.6274654721357427
1.6281367174771837
1.6311153153919131
1.6893971845945857
1.6942641142066184
1.6966213016058316
1.6983828730298438
1.7826090864818593
1.7848753845149816
1.7852501074323244
1.7902677691133067
1.806255674362058
1.8114959906222123
1.8125916067471373
1.8146664253659326
1.816318130749742
1.8191529583421533
1.8204463611338175
1.8222404281088684
1.8690838803545116
1.872155625291686
1.8749719355394159
1.8782105730534484
1.9415575385589814
1.945292078300019
1.9484062773231414
1.9501531023865957
1.961568959892851
1.9640552195683143
1.9661366758812748
1.9695644419413105
1.9706510603013563
1.9718196900898777
1.9811016437441014
1.9836120788561162
1.9861291430596055
1.9896324917256802
2.003010573847828
2.0043524414035123
2.0059550302675735
2.0081163077296296
2.024958019431651
2.0305301968135643
2.0315105865719034
2.0325735601138115
2.0794176319005913
2.0838035154430554
2.085805400842704
2.0877480784825138
2.1051429548055323
2.107928695043097
2.109705278453674
2.111873077032716
2.119652103428456
2.122746946080802
2.1265625899435268
2.1277355545964878
2.1299097075680833
2.1309963532270646
2.1351301077515963
2.137103913359016
2.1802644213522866
2.1833285983821864
2.187677139856544
2.1884061700295887
2.235996029360307
2.23835108984074
2.241545081765149
2.243801535549412
2.2744225556354385
2.2762209707218806
2.277712346423037
2.278844706413874
2.2867427353183833
2.2895648121831584
2.307687881962458
2.3139389397329455
2.315246624681702
2.3161963715825538
2.381781479332402
2.383918775937463
2.3862791590055794
2.3870680709584673
2.4195912356210427
2.4239255245659623
2.42420126814442
2.426323436722123
2.4521374868915595
2.4528996938096626
2.4545878081894177
2.457780192897672
2.522644660930316
2.524006074648899
2.525825195230647
2.528728475253624
2.547516456197219
2.5541559979972885
2.5851355287464206
2.590291793190648
2.592350996464318
2.594320534834292
2.644607887504275
2.646057474984904
2.6495642494022698
2.652679517302178
2.7052717503764643
2.70617741854177
2.7117351380963903
2.7143609237015225
2.7401496990222687
2.7450401222544656
2.797260171478163
2.8016076728722883
2.802457117304907
2.807493152630073
2.857929115416591
2.8641297754781063
