-1.1233725773218657
-1.123372577321865
-1.0563555897044947
-1.0563555897044947
-1.0563555897044943
-1.0563555897044943
-0.9847884627274474
-0.9847884627274471
-0.9725581141853572
-0.972558114185357
-0.972558114185357
-0.9725581141853566
-0.9061393380161927
-0.9061393380161926
-0.9061393380161926
-0.9061393380161922
-0.8943100524364792
-0.894310052436479
-0.8943100524364785
-0.8943100524364783
-0.821589729927038
-0.821589729927038
-0.8215897299270378
-0.8215897299270376
-0.793582146634352
-0.7935821466343517
-0.7106277773134342
-0.7106277773134337
-0.7106277773134337
-0.7106277773134336
-0.6166125625723792
-0.6166125625723791
0.6166125625723795
0.6166125625723801
0.7106277773134334
0.7106277773134336
0.7106277773134337
0.710627777313434
0.7935821466343517
0.7935821466343524
0.8215897299270377
0.8215897299270377
0.8215897299270378
0.8215897299270379
0.8943100524364787
0.8943100524364787
0.8943100524364788
0.8943100524364797
0.9061393380161923
0.9061393380161924
0.9061393380161926
0.9061393380161926
0.9725581141853558
0.9725581141853568
0.9725581141853568
0.9725581141853574
0.9847884627274471
0.9847884627274474
1.0563555897044938
1.056355589704494
1.056355589704494
1.056355589704495
1.1233725773218644
1.1233725773218652
