-1.1117760517461943
-1.111776051746194
-1.0289645046190277
-1.0289645046190272
-1.0289645046190272
-1.028964504619027
-0.9388769431056472
-0.9388769431056468
-0.9284121749793832
-0.9284121749793831
-0.928412174979383
-0.928412174979382
-0.8274485658815744
-0.8274485658815739
-0.8274485658815737
-0.8274485658815735
-0.7862031975299465
-0.7862031975299452
-0.786203197529945
-0.7862031975299448
-0.6984642754382941
-0.6984642754382936
-0.6639558948724187
-0.6639558948724186
-0.6639558948724186
-0.6639558948724185
-0.49398243412079257
-0.49398243412079207
-0.49398243412079174
-0.49398243412079146
-0.013599499118134337
-0.013599499118134142
0.013599499118134125
0.01359949911813432
0.49398243412079196
0.49398243412079196
0.493982434120792
0.4939824341207922
0.6639558948724185
0.6639558948724188
0.6639558948724188
0.66395589487242
0.6984642754382936
0.6984642754382944
0.7862031975299449
0.7862031975299449
0.786203197529945
0.786203197529945
0.8274485658815731
0.8274485658815733
0.8274485658815736
0.8274485658815742
0.9284121749793822
0.9284121749793823
0.9284121749793827
0.9284121749793829
0.9388769431056467
0.938876943105647
1.0289645046190266
1.0289645046190272
1.0289645046190272
1.0289645046190288
1.1117760517461943
1.1117760517461945
