-2.6578522856765234
-2.657852285676521
-2.4247445724388825
-2.4247445724388825
-2.424744572438882
-2.4247445724388808
-2.1667011124443825
-2.166701112444382
-2.12887056587242
-2.128870565872419
-2.1288705658724187
-2.128870565872417
-1.9112050242363168
-1.9112050242363168
-1.9112050242363168
-1.9112050242363152
-1.8295620665432106
-1.8295620665432102
-1.8295620665432095
-1.829562066543208
-1.5709589790195184
-1.5709589790195175
-1.5709589790195173
-1.570958979019517
-1.4142139159264426
-1.4142139159264417
-1.058591402963478
-1.0585914029634775
-1.0585914029634769
-1.0585914029634769
-0.491152233891252
-0.4911522338912516
0.4911522338912513
0.4911522338912517
1.0585914029634766
1.0585914029634775
1.058591402963478
1.058591402963479
1.4142139159264395
1.4142139159264426
1.5709589790195162
1.5709589790195175
1.5709589790195178
1.5709589790195186
1.8295620665432084
1.8295620665432093
1.8295620665432095
1.8295620665432102
1.9112050242363168
1.9112050242363172
1.9112050242363172
1.9112050242363172
2.12887056587242
2.12887056587242
2.12887056587242
2.1288705658724205
2.16670111244438
2.166701112444382
2.4247445724388794
2.4247445724388816
2.4247445724388816
2.4247445724388825
2.657852285676521
2.6578522856765234
