-1.278271558565911
-1.2616969187150882
-1.2601274046550268
-1.2514287042192958
-1.2505037234917418
-1.2359110435011138
-1.2318114153276283
-1.2304889576602733
-1.2288587601452452
-1.2193020387157383
-1.2136694258221903
-1.2002899389541009
-1.1968754593620816
-1.1949137281384952
-1.18402981855336
-1.1805209450121703
-1.1784078195326302
-1.1630992918144265
-1.1522530537651778
-1.1490250673702531
-1.141009070277122
-1.1372679582324385
-1.1207568372466756
-1.1172823428197902
-1.11381832609497
-1.1084734225527046
-1.104977171793661
-1.0993443784786778
-1.0907638959711392
-1.0838856936599905
-1.0802413804107514
-1.0729881508246255
-1.071487324016958
-1.0699438713517764
-1.0598584795768358
-1.0547491125981736
-1.0531186593458417
-1.0423474870099387
-1.0332745775954117
-1.0295416768801922
-1.0222310191281525
-1.0129249662209974
-1.0097318754469968
-1.008908191515057
-1.0052388380423738
-1.0040096332676818
-0.9944852440130338
-0.9907719610729291
-0.986685088111146
-0.9821846649442556
-0.9658227691575794
-0.9570526819056229
-0.9532360857933945
-0.9529265714999916
-0.949201019684701
-0.9479727631230247
-0.944581207877868
-0.9418503709866556
-0.9341296995660957
-0.9283782558178195
-0.923023067025438
-0.9188362537130218
-0.9186658375445614
-0.9130511954860876
-0.9075727019665041
-0.90583521837477
-0.9010805967345383
-0.8988641531272906
-0.8899637700760228
-0.886692798715529
-0.8839608219026288
-0.873417190466247
-0.8695217122634075
-0.8624724114998719
-0.860833499478563
-0.8586055236465209
-0.8532776566892959
-0.8459026462711983
-0.8373334562968465
-0.8291614926827365
-0.8239525006013227
-0.8227735017869313
-0.818047363882726
-0.8076040901524089
-0.7976334724339357
-0.7851794135697572
-0.7839337347732649
-0.7776449465219418
-0.7498656120205566
-0.7327968157126787
-0.7139197654051177
-0.6946874295960028
-0.6829284838880526
-0.6758813138791163
-0.6706724359602548
-0.6615133935617233
-0.6461488753262508
-0.6393873328521094
-0.61976690257112
-0.6097543592215111
-0.6080057481594664
-0.599756783608749
-0.572958501697962
-0.5611905005067059
-0.5566225535070924
-0.5238395877528139
-0.5042106921271353
-0.49800436000910436
-0.21516514965004585
-0.2058638470389179
-0.20386740007779663
-0.19924821474655904
-0.19685316401339117
-0.19589881094480432
-0.19211268105383286
-0.18476933382349414
-0.18448758445894545
-0.18094036175075368
-0.16710288026944622
-0.16597952922339637
-0.16365571701935577
-0.15233624535029347
-0.14479228177908748
-0.14297805394926108
-0.04339853396789426
-0.03812453116118318
-0.013390852603779918
-0.011735018613957851
0.011735018613957713
0.013390852603779804
0.03812453116118313
0.04339853396789416
0.1429780539492611
0.14479228177908718
0.15233624535029364
0.16365571701935572
0.1659795292233961
0.16710288026944609
0.18094036175075343
0.1844875844589453
0.1847693338234936
0.1921126810538326
0.19589881094480419
0.1968531640133905
0.199248214746559
0.20386740007779647
0.20586384703891783
0.21516514965004577
0.49800436000910403
0.5042106921271351
0.5238395877528139
0.5566225535070924
0.5611905005067058
0.5729585016979618
0.5997567836087493
0.6080057481594667
0.6097543592215114
0.6197669025711194
0.6393873328521092
0.6461488753262508
0.6615133935617237
0.6706724359602547
0.6758813138791162
0.6829284838880526
0.6946874295960027
0.7139197654051174
0.7327968157126785
0.749865612020556
0.7776449465219418
0.7839337347732651
0.7851794135697575
0.7976334724339362
0.8076040901524087
0.8180473638827263
0.8227735017869315
0.8239525006013221
0.8291614926827364
0.8373334562968467
0.8459026462711986
0.8532776566892954
0.8586055236465213
0.8608334994785631
0.862472411499872
0.8695217122634075
0.8734171904662474
0.8839608219026288
0.8866927987155285
0.8899637700760227
0.8988641531272905
0.9010805967345379
0.90583521837477
0.907572701966504
0.9130511954860873
0.9186658375445613
0.9188362537130217
0.9230230670254383
0.9283782558178194
0.9341296995660955
0.9418503709866555
0.9445812078778679
0.9479727631230246
0.9492010196847009
0.9529265714999923
0.9532360857933947
0.9570526819056229
0.965822769157579
0.9821846649442555
0.9866850881111466
0.9907719610729292
0.994485244013034
1.0040096332676811
1.0052388380423736
1.0089081915150575
1.0097318754469968
1.0129249662209971
1.0222310191281523
1.029541676880192
1.0332745775954115
1.0423474870099385
1.0531186593458415
1.0547491125981727
1.0598584795768358
1.0699438713517762
1.0714873240169585
1.0729881508246253
1.0802413804107514
1.0838856936599908
1.0907638959711394
1.0993443784786772
1.1049771717936614
1.1084734225527042
1.11381832609497
1.1172823428197904
1.1207568372466756
1.1372679582324385
1.1410090702771223
1.149025067370253
1.1522530537651778
1.1630992918144265
1.1784078195326302
1.1805209450121699
1.18402981855336
1.194913728138495
1.1968754593620818
1.2002899389541009
1.21366942582219
1.219302038715738
1.2288587601452452
1.230488957660273
1.2318114153276274
1.2359110435011136
1.250503723491741
1.2514287042192955
1.2601274046550264
1.2616969187150882
1.2782715585659112
