-1.3139000852251936
-1.3129757060933434
-1.2921173312590113
-1.2866638906497647
-1.2845389107456076
-1.2806621232095816
-1.2741251278346788
-1.2700708566977197
-1.2683412067453739
-1.2603543348080355
-1.2533614029868587
-1.245531095263351
-1.2427504350387086
-1.2391256919738425
-1.2374052719389517
-1.2348165893856322
-1.2239799689083293
-1.2235094085659548
-1.2181858523060696
-1.2145239372381966
-1.2066352504256024
-1.2015535528176506
-1.1922626058210075
-1.1915076785192822
-1.1884473172468135
-1.1870628728933474
-1.1803990758346428
-1.1740626587158387
-1.169146934472197
-1.1641048976712325
-1.1621016090436984
-1.1561520592998076
-1.1519075363428022
-1.148496873465307
-1.1455261095723783
-1.141413365400023
-1.1381042543852289
-1.132839413930303
-1.1308666053092782
-1.1278436295158134
-1.123240511199514
-1.1200212529598805
-1.1172489844223479
-1.112129763471096
-1.1104812668688968
-1.1071873808696369
-1.1026944446392068
-1.0994999339230345
-1.0973818501692088
-1.094285109978834
-1.0917356853491509
-1.0843619405314688
-1.082567423508017
-1.0804003317076125
-1.0765118174635506
-1.0734143946420138
-1.0695629481584834
-1.0671424700761576
-1.0635998224470213
-1.0579693078022612
-1.0534653651151147
-1.048700101751309
-1.0463096740319229
-1.0388404452161353
-1.0386519856496264
-1.0319832033419376
-1.0255398696086646
-1.024302359923655
-1.0208802710660483
-1.0177387851662711
-1.014728825106976
-1.009288156014316
-1.0018810536719016
-0.9977105040719777
-0.9936657152086071
-0.9918463625147548
-0.989241778570409
-0.9870306620107789
-0.9759818224169163
-0.9709887398454008
-0.9628208678929872
-0.96234379573888
-0.959375489202615
-0.9546070059754366
-0.9509709281774884
-0.949138170079536
-0.9430572360952763
-0.9395225458733072
-0.9346318495836545
-0.9334600443797091
-0.9277365781914637
-0.9265345176906408
-0.9192394786231199
-0.9149135408509074
-0.9047943361522649
-0.8988280118432619
-0.893679839769029
-0.8909543455377076
-0.8875472870239035
-0.8789671128384813
-0.8759069401817221
-0.8734740940876339
-0.862256008352937
-0.8598672632912795
-0.8563370963221223
-0.8529816023041298
-0.8404199408003244
-0.8337995284704826
-0.8304105854336709
-0.8262247383105459
-0.8246443604664895
-0.817206250055281
-0.8143262619608663
-0.8122919624620977
-0.8049033160477455
-0.7978747479354728
-0.7827602085787857
-0.7771405493704898
-0.7718259492299284
-0.7671484454194453
-0.7650826223471289
-0.7553946744691443
-0.7519196378335969
-0.7457378124144882
-0.7340278310210999
-0.7305600738861864
-0.7244591421195927
-0.7128671633451097
0.7128671633451091
0.7244591421195925
0.7305600738861865
0.7340278310211
0.7457378124144881
0.7519196378335972
0.7553946744691443
0.7650826223471289
0.767148445419445
0.7718259492299285
0.7771405493704897
0.7827602085787857
0.7978747479354731
0.8049033160477455
0.8122919624620979
0.8143262619608663
0.8172062500552811
0.8246443604664896
0.826224738310546
0.8304105854336707
0.8337995284704826
0.8404199408003246
0.8529816023041298
0.856337096322122
0.8598672632912803
0.8622560083529371
0.873474094087634
0.8759069401817221
0.8789671128384811
0.8875472870239041
0.8909543455377076
0.8936798397690293
0.898828011843262
0.904794336152265
0.9149135408509073
0.9192394786231199
0.9265345176906404
0.9277365781914635
0.933460044379709
0.9346318495836544
0.9395225458733072
0.943057236095276
0.9491381700795356
0.9509709281774885
0.9546070059754364
0.959375489202615
0.9623437957388801
0.9628208678929877
0.9709887398454008
0.9759818224169163
0.9870306620107789
0.9892417785704088
0.9918463625147549
0.993665715208607
0.9977105040719777
1.0018810536719016
1.0092881560143163
1.0147288251069762
1.017738785166271
1.020880271066048
1.0243023599236551
1.0255398696086644
1.0319832033419383
1.038651985649626
1.0388404452161346
1.0463096740319229
1.0487001017513087
1.0534653651151147
1.0579693078022612
1.0635998224470211
1.0671424700761576
1.0695629481584834
1.073414394642014
1.0765118174635506
1.080400331707613
1.0825674235080172
1.084361940531469
1.0917356853491509
1.0942851099788338
1.0973818501692083
1.0994999339230345
1.1026944446392068
1.107187380869637
1.1104812668688957
1.1121297634710958
1.1172489844223479
1.1200212529598805
1.1232405111995143
1.1278436295158134
1.1308666053092782
1.1328394139303033
1.1381042543852289
1.141413365400023
1.1455261095723785
1.1484968734653067
1.151907536342802
1.1561520592998071
1.1621016090436984
1.164104897671232
1.1691469344721968
1.1740626587158387
1.1803990758346428
1.1870628728933477
1.1884473172468126
1.1915076785192822
1.1922626058210075
1.2015535528176504
1.2066352504256022
1.2145239372381964
1.2181858523060693
1.2235094085659546
1.223979968908329
1.2348165893856324
1.237405271938952
1.2391256919738423
1.2427504350387089
1.245531095263351
1.2533614029868587
1.2603543348080362
1.2683412067453734
1.2700708566977201
1.2741251278346781
1.2806621232095812
1.2845389107456069
1.2866638906497645
1.292117331259012
1.3129757060933436
1.3139000852251927
