-1.406960150852474
-1.4069601508524738
-1.4042670436540945
-1.4042670436540943
-1.4019017947256245
-1.401901794725624
-1.3973193961146704
-1.3973193961146684
-1.376180913548092
-1.3761809135480918
-1.3684312195636414
-1.3684312195636412
-1.348191199231474
-1.3481911992314732
-1.341460882843267
-1.3414608828432664
-1.3100512276888259
-1.3100512276888254
-1.2992837154836216
-1.2992837154836216
-1.272633699315293
-1.2726336993152925
-1.2561936390702702
-1.25619363907027
-1.2466698270186671
-1.2466698270186667
-1.2454430027812753
-1.245443002781275
-1.2219183715754145
-1.2219183715754143
-1.2174408914677206
-1.2174408914677204
-1.2157615742363157
-1.2157615742363153
-1.2060140388858729
-1.2060140388858727
-1.2036629389700326
-1.2036629389700324
-1.1912500766834226
-1.1912500766834222
-1.1769749135300547
-1.1769749135300542
-1.1740021293570224
-1.174002129357022
-1.1586549088940437
-1.1586549088940434
-1.154567536646859
-1.1545675366468586
-1.1152246351638158
-1.1152246351638155
-1.1024279710417786
-1.1024279710417775
-1.0759077709506346
-1.0759077709506346
-1.0753620597358624
-1.0753620597358624
-1.0605452783605673
-1.060545278360567
-1.0560272912555613
-1.0560272912555608
-1.0498267064935676
-1.0498267064935674
-1.0468516673272679
-1.0468516673272672
-1.0372459674385572
-1.0372459674385561
-1.0363151879968044
-1.036315187996804
-1.0149307936425378
-1.0149307936425376
-1.0128352936770582
-1.0128352936770582
-0.9985250254299541
-0.9985250254299539
-0.9907095721753834
-0.9907095721753834
-0.9767147825013227
-0.9767147825013226
-0.9728415982956069
-0.9728415982956069
-0.9574954219016355
-0.9574954219016353
-0.9211715124100558
-0.9211715124100555
-0.9136763288173602
-0.91367632881736
-0.9025943450255997
-0.9025943450255992
-0.8505144954260032
-0.8505144954260031
-0.8239372346706965
-0.8239372346706962
-0.7731712923377501
-0.7731712923377497
-0.7614357906410457
-0.7614357906410453
-0.7490090349259051
-0.7490090349259048
-0.7054372049230784
-0.7054372049230783
-0.6709940358861229
-0.6709940358861225
-0.6556217368803956
-0.6556217368803955
-0.6093744753857128
-0.6093744753857125
-0.6034023078942156
-0.6034023078942151
-0.23108911637197016
-0.23108911637196988
-0.22922702015047697
-0.22922702015047677
-0.2187188963042986
-0.21871889630429833
-0.2141566684218859
-0.21415666842188572
-0.20384144982988237
-0.20384144982988206
-0.18610257477444614
-0.186102574774446
-0.17956412103127142
-0.17956412103127126
-0.1766414349745341
-0.1766414349745338
-0.04443135152273612
-0.04443135152273605
-0.013080061249299656
-0.013080061249299637
0.01308006124929993
0.013080061249299979
0.04443135152273601
0.04443135152273644
0.176641434974534
0.176641434974534
0.17956412103127148
0.17956412103127156
0.18610257477444608
0.18610257477444622
0.20384144982988195
0.2038414498298825
0.21415666842188594
0.2141566684218866
0.2187188963042986
0.2187188963042989
0.22922702015047708
0.22922702015047722
0.2310891163719704
0.23108911637197055
0.6034023078942149
0.6034023078942151
0.6093744753857123
0.6093744753857125
0.6556217368803954
0.6556217368803956
0.6709940358861224
0.6709940358861224
0.7054372049230778
0.7054372049230785
0.7490090349259046
0.749009034925905
0.7614357906410444
0.7614357906410447
0.7731712923377494
0.7731712923377494
0.8239372346706967
0.8239372346706969
0.8505144954260029
0.8505144954260032
0.9025943450255995
0.9025943450255997
0.91367632881736
0.9136763288173606
0.9211715124100551
0.9211715124100551
0.9574954219016353
0.9574954219016356
0.9728415982956069
0.9728415982956072
0.9767147825013228
0.976714782501323
0.9907095721753829
0.9907095721753839
0.9985250254299541
0.9985250254299544
1.012835293677058
1.0128352936770582
1.0149307936425378
1.014930793642538
1.0363151879968044
1.0363151879968047
1.0372459674385563
1.037245967438557
1.046851667327267
1.0468516673272679
1.0498267064935667
1.0498267064935671
1.05602729125556
1.056027291255561
1.0605452783605673
1.0605452783605673
1.075362059735862
1.0753620597358622
1.075907770950635
1.0759077709506355
1.1024279710417784
1.1024279710417788
1.1152246351638153
1.1152246351638162
1.154567536646859
1.154567536646859
1.1586549088940437
1.1586549088940439
1.1740021293570222
1.1740021293570226
1.1769749135300538
1.1769749135300545
1.1912500766834222
1.1912500766834229
1.2036629389700326
1.2036629389700328
1.2060140388858729
1.2060140388858729
1.2157615742363153
1.2157615742363155
1.2174408914677202
1.2174408914677204
1.221918371575414
1.2219183715754145
1.245443002781275
1.2454430027812755
1.2466698270186665
1.2466698270186671
1.2561936390702702
1.2561936390702702
1.272633699315292
1.2726336993152922
1.2992837154836216
1.2992837154836223
1.3100512276888256
1.3100512276888256
1.341460882843267
1.3414608828432675
1.3481911992314737
1.3481911992314737
1.3684312195636408
1.3684312195636417
1.3761809135480918
1.3761809135480925
1.3973193961146695
1.3973193961146695
1.4019017947256238
1.401901794725624
1.4042670436540943
1.4042670436540943
1.4069601508524736
1.4069601508524738
