-9.730263462678838
-9.626970959783351
-9.577805550240818
-9.534633715868374
-9.512643302029309
-9.50232501369379
-9.413992625842342
-9.393883176883486
-9.360225915510645
-9.323044769825405
-9.289955210769605
-9.259763269341109
-9.246688792102258
-9.205529785724709
-9.193861031352307
-9.168040754622774
-9.156661252775539
-9.113934128136941
-9.096589008271993
-9.078633899880403
-9.063345540726688
-9.029706064096684
-9.023243348952011
-8.997436631314258
-8.981404694205153
-8.952968402789434
-8.941905847961118
-8.92275828533655
-8.90972456741899
-8.887615482246392
-8.846499195609493
-8.82768296498177
-8.80761214771379
-8.773419721968114
-8.769406920660623
-8.75459511947862
-8.730183570605433
-8.702816932361573
-8.699426323394615
-8.67644117740465
-8.667447465569886
-8.647976706623263
-8.640421339822458
-8.632248396747483
-8.604217717134986
-8.593442460422287
-8.566353271352543
-8.550005585297495
-8.531535954937446
-8.51045862823538
-8.491382207327085
-8.477246226662443
-8.460299464369815
-8.404318884213232
-8.39367583770838
-8.375296797966474
-8.359589698496464
-8.330321005018485
-8.31657394234895
-8.305638753748463
-8.284936497614664
-8.26123214777695
-8.244229527281302
-8.217014838710684
-8.207732925022679
-8.194455501028623
-8.174073575023614
-8.157064934346602
-8.126942507574386
-8.121211900427726
-8.110203369023997
-8.074829930949768
-8.060507627766238
-8.040991748497403
-8.02507352480994
-8.002982151503007
-7.986872296999798
-7.972785466738579
-7.95143206647111
-7.914290030106437
-7.896887030826795
-7.882452210596812
-7.877247120507355
-7.852686642794933
-7.8131591155576805
-7.789230555342587
-7.776043339586511
-7.7373302693601715
-7.721222841412853
-7.707707358202996
-7.696204005609822
-7.684311148483741
-7.658099040124016
-7.635807193341536
-7.625730990935013
-7.595102762119776
-7.586968505426385
-7.5736505190818315
-7.5521502701003875
-7.540007074500038
-7.505336460427527
-7.492260519348711
-7.422450763428831
-7.414622250571452
-7.3702133432440995
-7.359987194076063
-7.343482395155571
-7.301161871099692
-7.291980303137645
-7.269893460317094
-7.23115908352392
-7.194625425639895
-7.183129134388759
-7.164021018014291
-7.149512469020473
-7.123893954883399
-7.076178045615881
-7.03949570418711
-7.020448323135512
-6.986725977006563
-6.97349422995347
-6.93186441878905
-6.881341998620038
-6.870483929296553
-6.815556293699997
-6.791307174855881
-6.664241753617366
-6.647903737345775
6.64790373734577
6.664241753617363
6.7913071748558815
6.815556293699996
6.87048392929655
6.881341998620039
6.931864418789047
6.973494229953473
6.986725977006563
7.02044832313551
7.039495704187108
7.076178045615879
7.123893954883398
7.149512469020472
7.16402101801429
7.183129134388757
7.194625425639897
7.231159083523921
7.269893460317092
7.291980303137645
7.301161871099693
7.343482395155569
7.359987194076063
7.370213343244101
7.414622250571451
7.422450763428833
7.49226051934871
7.505336460427524
7.540007074500037
7.552150270100386
7.573650519081831
7.586968505426383
7.595102762119774
7.625730990935012
7.635807193341535
7.658099040124016
7.684311148483742
7.696204005609817
7.707707358202995
7.721222841412856
7.737330269360174
7.776043339586511
7.789230555342589
7.81315911555768
7.852686642794934
7.877247120507356
7.882452210596811
7.896887030826796
7.914290030106438
7.951432066471112
7.972785466738579
7.9868722969998
8.002982151503005
8.025073524809937
8.040991748497403
8.060507627766238
8.074829930949766
8.110203369023997
8.121211900427724
8.126942507574388
8.157064934346602
8.174073575023614
8.194455501028624
8.20773292502268
8.217014838710687
8.244229527281302
8.261232147776948
8.284936497614666
8.305638753748466
8.316573942348953
8.330321005018487
8.359589698496464
8.375296797966474
8.39367583770838
8.40431888421323
8.460299464369816
8.477246226662444
8.491382207327083
8.51045862823538
8.531535954937446
8.550005585297495
8.566353271352542
8.593442460422287
8.604217717134986
8.632248396747483
8.640421339822453
8.647976706623265
8.667447465569891
8.676441177404644
8.699426323394613
8.702816932361571
8.730183570605433
8.754595119478623
8.769406920660622
8.77341972196812
8.807612147713789
8.82768296498177
8.846499195609487
8.887615482246392
8.90972456741899
8.922758285336544
8.941905847961115
8.952968402789432
8.981404694205153
8.997436631314256
9.023243348952013
9.029706064096692
9.063345540726685
9.078633899880403
9.096589008271993
9.11393412813694
9.156661252775537
9.168040754622773
9.193861031352302
9.205529785724709
9.24668879210226
9.259763269341109
9.289955210769607
9.323044769825405
9.360225915510647
9.393883176883488
9.413992625842342
9.502325013693786
9.51264330202931
9.534633715868367
9.577805550240818
9.626970959783351
9.730263462678836
