-9.546530238549677
-9.446865658729818
-9.388711240459298
-9.358275238306689
-9.288852589601694
-9.267536246093508
-9.258314603927676
-9.235531550018301
-9.20467188276755
-9.0960508083777
-9.091592926442038
-9.037987296372647
-9.030110257678972
-9.000882608744716
-8.953699634617903
-8.915123662263316
-8.897655874967349
-8.868696405234077
-8.790672944213815
-8.772688068015373
-8.693425501972214
-8.683634456089148
-8.664678331031558
-8.640429069636394
-8.595568788988109
-8.577824886706942
-8.553320201721792
-8.509100957134828
-8.466046682009281
-8.42380871270416
-8.407551378962971
-8.373627009183842
-8.36517363821039
-8.360258420513937
-8.353628134236274
-8.31738685985144
-8.297436777857994
-8.263935168425673
-8.231279887020095
-8.205165257229531
-8.162073082395498
-8.153021674363783
-8.11505364235013
-8.070246353474829
-8.023470912612709
-8.016269755007956
-7.970121358367078
-7.9337672469122476
-7.903878893381202
-7.877652367055585
-7.874393900289693
-7.827866822868536
-7.775360821653121
-7.671000333547367
-7.6637678664065545
-7.649178987575002
-7.563085467049188
-7.516953491497781
-7.508407676347456
-7.496174449888511
-7.484885849706927
-7.443720700666231
-7.395855746201055
-7.3410450752658685
-7.323225800926241
-7.230530476537611
-7.170554717886166
-7.111277062602569
-7.046036182338405
-6.863215689178119
-6.8341795994091825
-6.799447683011349
-6.772749271790876
-6.75918429561134
-6.741887739047207
-6.71321604572563
-6.681983980202257
-6.618688506584941
-6.56887273220302
-6.560086033895401
-6.532226095874382
-6.473579678558939
-6.356449894510786
-6.231059747015163
-6.184623149764913
-6.141332033974362
-6.090472502030486
-6.073540017504198
-5.828229105665243
-5.781732250605472
-5.757935659242002
-5.712792830538681
-5.631726502039122
-5.542389272249138
-5.440752309189901
-5.397670043693819
-5.308113480179607
-5.283701999973486
-5.226433693113351
-5.139892883492928
-5.060055159140326
-5.016147347208074
-4.97580604754306
-4.923687487589658
-4.773737343535513
-4.694229182297586
-4.653454664799749
-4.613104561681013
-0.91144053579774
-0.8909217951339341
-0.8737788289700871
-0.8631308853804301
-0.8533198640077251
-0.8458546575990448
-0.8332692514600867
-0.811588679532211
-0.8025696888784326
-0.7854919528950299
-0.7836945643469425
-0.7709099679668392
-0.7678018487018624
-0.7544699262728866
-0.749255751802636
-0.7148385099586791
-0.06497885433095808
-0.058482930718630956
-0.004039892020487515
-0.00375635903716095
0.0037563533484213704
0.004039897471744473
0.05848293098009901
0.06497885358870312
0.7148385087886787
0.7492557519465083
0.7544699263668353
0.7678018483264294
0.7709099678417974
0.7836945635865566
0.7854919522174155
0.8025696893682994
0.8115886785567659
0.8332692516396178
0.8458546581380978
0.8533198639804502
0.8631308844798986
0.8737788280605783
0.8909217950070706
0.9114405364485186
4.613104542509059
4.653454684030475
4.694229182205075
4.77373734375279
4.923687469185534
4.975806052916823
5.016147360253195
5.060055159300285
5.139892883035853
5.2264336931534645
5.283701991960418
5.3081134702260275
5.397670034970427
5.440752327343159
5.542389264765022
5.631726503030177
5.712792846931246
5.757935672795621
5.781732252925773
5.828229088823086
6.073540019997974
6.090472506735897
6.141332045112354
6.184623131684979
6.2310597463893505
6.3564498931661015
6.473579661943062
6.532226111741764
6.560086034658865
6.568872733307393
6.6186885065122
6.681983968464883
6.713216043567749
6.741887748132838
6.759184313204401
6.772749258570905
6.799447682549443
6.834179580948437
6.863215708401124
7.04603618241161
7.111277068609094
7.170554714718252
7.2305304698086665
7.323225798149089
7.341045073302761
7.395855755378778
7.443720699730366
7.48488584925806
7.496174451316532
7.50840768229421
7.516953495591862
7.563085458932124
7.649178995363868
7.6637678650805
7.671000341595982
7.775360817322825
7.827866825214887
7.874393901241192
7.877652364885052
7.903878889278743
7.933767242041781
7.970121354672877
8.016269753671544
8.023470908572554
8.070246353175056
8.115053644197241
8.153021672813185
8.162073080731487
8.205165261588013
8.231279884456226
8.263935163244719
8.297436781503688
8.317386868479485
8.353628139037882
8.360258422697525
8.365173638154854
8.37362701258564
8.407551378361395
8.423808712332404
8.466046683923834
8.50910095654093
8.55332020117088
8.57782488388136
8.595568789312725
8.640429068038948
8.664678327974343
8.683634454590312
8.693425498343831
8.772688072633077
8.790672938122292
8.868696408773234
8.897655878807447
8.915123667938314
8.95369962946007
9.000882617504493
9.030110257161422
9.037987295762347
9.091592924208742
9.09605079970912
9.204671880812889
9.235531554801689
9.25831460856008
9.267536248120784
9.288852585701528
9.358275246081138
9.388711231464354
9.446865647661491
9.546530246316628
