-3.035048601135836
-3.023183285262593
-2.9865824794765126
-2.9712653280198302
-2.960711347921108
-2.959019490983245
-2.9333366902859868
-2.910356489219161
-2.909649546768899
-2.895060246071624
-2.848942742971264
-2.8355035906069928
-2.818599815504776
-2.8011526484148783
-2.791457465267669
-2.781441133635515
-2.7248799109717865
-2.71861454274109
-2.7059795591027567
-2.69773212096434
-2.677532310428834
-2.6362858536116294
-2.6290557400207097
-2.6201265312929993
-2.615717655598511
-2.5992496884135066
-2.5726389501025597
-2.5560939573035233
-2.5461332350926926
-2.540777649505536
-2.511905390841184
-2.5042054262172746
-2.4936498032451664
-2.4793070728154696
-2.472871436258379
-2.4643062371367606
-2.4507605931532317
-2.4468206765500513
-2.435391422139444
-2.4276619072830368
-2.420714668362613
-2.408283647505265
-2.4006191522928075
-2.393968829507886
-2.3897659816371775
-2.3827887449574785
-2.3577426884284676
-2.3439134063800955
-2.3347357032735814
-2.3124653194564844
-2.3118538676087694
-2.3065403187161033
-2.3014226817229457
-2.295434855328375
-2.2734197573622197
-2.262650198905323
-2.250988371622888
-2.2378565556708154
-2.2282839528341105
-2.2137910448057476
-2.199043956361013
-2.1835563582175532
-2.159647983875563
-2.1422542097870574
-2.1194657802105255
-2.105953370789295
-2.089421080439663
-2.065479874570653
-2.0554955182914205
-2.0400548357116817
-2.0356153008756634
-2.0238857545939553
-2.0112622346881177
-2.0010451069154063
-1.9681691180624827
-1.9524140996252528
-1.8854341675972042
-1.8838960575346237
-1.8661556058503461
-1.8562920860282375
-1.837531744617427
-1.8294370434220426
-1.814936690438645
-1.8018872914009143
-1.7960164737227264
-1.7848252133027989
-1.7660776230395072
-1.7570099979693445
-1.7402066611334532
-1.7326553765808188
-1.7265071978217434
-1.7138598256182436
-1.6891258378578347
-1.6654370827931066
-1.6023875943863801
-1.5893987697534009
-1.5754692432724333
-1.5370038625075648
-1.4972941817584653
-1.4546178576485487
-1.4289664214061335
-1.419434512828453
-1.4093157092362587
-1.3834374887960985
-1.3398764503824256
-1.335501054404085
-1.3119335048107386
-1.3032913198536986
-1.1473961588180173
-1.1457371945490658
-1.1283505373428455
-1.1081853856211168
-1.0607237714411364
-1.050024345320236
-1.0350088415341059
-1.0167906234800383
-0.9687894863963217
-0.9615893232190992
-0.9203081681504753
-0.9020144017798943
-0.8284250928049192
-0.8056454925513821
-0.7696239546311198
-0.7479278477108383
-0.6938014889417691
-0.6745891452649457
-0.6195606528061243
-0.6158344367558758
0.6158344367558765
0.6195606528061248
0.6745891452649461
0.6938014889417695
0.7479278477108382
0.7696239546311202
0.8056454925513815
0.8284250928049185
0.9020144017798938
0.9203081681504751
0.9615893232190992
0.9687894863963217
1.0167906234800381
1.0350088415341054
1.0500243453202358
1.0607237714411364
1.108185385621116
1.1283505373428446
1.1457371945490662
1.1473961588180168
1.3032913198536973
1.3119335048107377
1.3355010544040846
1.3398764503824254
1.383437488796098
1.409315709236258
1.4194345128284527
1.4289664214061337
1.454617857648549
1.4972941817584657
1.5370038625075642
1.5754692432724333
1.5893987697534007
1.6023875943863801
1.6654370827931062
1.6891258378578344
1.7138598256182442
1.7265071978217432
1.7326553765808188
1.740206661133454
1.757009997969345
1.7660776230395083
1.7848252133027982
1.7960164737227262
1.8018872914009147
1.8149366904386455
1.8294370434220426
1.8375317446174266
1.8562920860282377
1.8661556058503466
1.8838960575346249
1.8854341675972046
1.9524140996252528
1.9681691180624827
2.0010451069154063
2.011262234688118
2.023885754593955
2.0356153008756634
2.0400548357116817
2.05549551829142
2.0654798745706535
2.0894210804396622
2.105953370789295
2.1194657802105263
2.142254209787058
2.159647983875564
2.183556358217553
2.199043956361013
2.213791044805748
2.2282839528341096
2.2378565556708163
2.250988371622888
2.2626501989053236
2.2734197573622197
2.295434855328375
2.301422681722946
2.306540318716102
2.3118538676087685
2.312465319456484
2.3347357032735823
2.3439134063800955
2.3577426884284685
2.382788744957477
2.389765981637179
2.3939688295078856
2.4006191522928075
2.4082836475052654
2.420714668362613
2.4276619072830363
2.4353914221394435
2.4468206765500518
2.4507605931532295
2.464306237136761
2.4728714362583784
2.4793070728154696
2.4936498032451664
2.5042054262172746
2.511905390841185
2.5407776495055345
2.546133235092693
2.5560939573035233
2.5726389501025597
2.5992496884135066
2.615717655598511
2.6201265312929998
2.6290557400207084
2.6362858536116294
2.6775323104288336
2.6977321209643397
2.7059795591027562
2.71861454274109
2.724879910971787
2.781441133635515
2.79145746526767
2.801152648414878
2.818599815504776
2.8355035906069905
2.848942742971264
2.8950602460716244
2.9096495467688985
2.91035648921916
2.9333366902859868
2.9590194909832435
2.9607113479211087
2.9712653280198307
2.986582479476512
3.0231832852625944
3.035048601135835
