-1.111776051746194
-1.111776051746194
-1.0289645046190279
-1.0289645046190277
-1.0289645046190272
-1.0289645046190268
-0.9388769431056471
-0.9388769431056467
-0.9284121749793832
-0.928412174979383
-0.9284121749793823
-0.9284121749793818
-0.8274485658815742
-0.8274485658815739
-0.8274485658815732
-0.827448565881573
-0.7862031975299453
-0.7862031975299452
-0.7862031975299452
-0.7862031975299448
-0.6984642754382939
-0.6984642754382938
-0.6639558948724186
-0.6639558948724186
-0.6639558948724181
-0.663955894872418
-0.49398243412079246
-0.4939824341207923
-0.49398243412079207
-0.49398243412079196
-0.013599499118134205
-0.013599499118134118
0.013599499118134245
0.013599499118134434
0.4939824341207915
0.4939824341207918
0.49398243412079196
0.49398243412079246
0.6639558948724185
0.6639558948724186
0.6639558948724189
0.6639558948724191
0.6984642754382938
0.6984642754382939
0.7862031975299449
0.7862031975299449
0.7862031975299456
0.7862031975299456
0.8274485658815736
0.8274485658815736
0.8274485658815737
0.8274485658815742
0.9284121749793824
0.9284121749793829
0.928412174979383
0.9284121749793831
0.938876943105646
0.938876943105647
1.028964504619027
1.0289645046190274
1.0289645046190277
1.0289645046190279
1.1117760517461939
1.1117760517461943
