-8.158251412053549
-8.158251412053549
-7.730886828785222
-7.730886828785222
-7.730886828785218
-7.730886828785218
-7.278472107296694
-7.2784721072966825
-7.246507048785951
-7.24650704878595
-7.246507048785948
-7.246507048785943
-6.76176082579942
-6.761760825799417
-6.761760825799415
-6.761760825799409
-6.202149846136838
-6.202149846136837
-5.76876005175154
-5.768760051751539
-5.768760051751537
-5.768760051751536
-5.146662762596322
-5.146662762596319
-5.146662762596317
-5.146662762596314
-4.385588995849382
-4.38558899584938
-4.385588995849379
-4.385588995849379
-0.010907203821014125
-0.010907203821013973
0.01090720382101517
0.01090720382101767
4.38558899584938
4.385588995849381
4.385588995849382
4.385588995849386
5.146662762596317
5.146662762596317
5.146662762596318
5.146662762596319
5.768760051751531
5.768760051751538
5.7687600517515385
5.76876005175154
6.202149846136836
6.202149846136838
6.76176082579941
6.761760825799413
6.761760825799416
6.76176082579942
7.246507048785943
7.2465070487859435
7.246507048785946
7.246507048785948
7.278472107296686
7.278472107296692
7.730886828785218
7.73088682878522
7.730886828785222
7.7308868287852235
8.15825141205354
8.15825141205354
