-8.242121827741995
-8.242121827741988
-7.919060583502407
-7.919060583502402
-7.9190605835023975
-7.919060583502396
-7.582246951070755
-7.5822469510707515
-7.5166688970501125
-7.516668897050111
-7.516668897050107
-7.516668897050099
-7.191713453015166
-7.191713453015161
-7.191713453015161
-7.19171345301516
-7.160953819828806
-7.160953819828804
-7.160953819828804
-7.160953819828802
-6.81906816890106
-6.819068168901058
-6.8190681689010555
-6.819068168901055
-6.713274193150446
-6.713274193150444
-6.347320810768803
-6.347320810768794
-6.347320810768794
-6.347320810768791
-5.95893552215641
-5.958935522156408
5.958935522156414
5.958935522156414
6.3473208107687915
6.347320810768793
6.347320810768795
6.347320810768799
6.713274193150445
6.713274193150449
6.8190681689010555
6.819068168901059
6.819068168901063
6.8190681689010635
7.160953819828804
7.160953819828805
7.1609538198288085
7.160953819828811
7.191713453015161
7.191713453015163
7.191713453015165
7.191713453015167
7.516668897050099
7.516668897050099
7.516668897050103
7.516668897050107
7.5822469510707515
7.582246951070755
7.9190605835023895
7.919060583502396
7.9190605835023975
7.91906058350241
8.24212182774199
8.242121827741995
