-1.187728570065356
-1.182720315067343
-1.1798782027808437
-1.1680988305728077
-1.1547270868128934
-1.1511940657053035
-1.1436877984001061
-1.1348390777839898
-1.1175618198513697
-1.1165073982392637
-1.1095522061769074
-1.107898046488867
-1.1007249012391942
-1.096383527380084
-1.0878060689576432
-1.0838941774487778
-1.0780463546967753
-1.07174485535903
-1.0664688836119267
-1.0587268808352088
-1.0487102026971957
-1.0468186331757476
-1.0378828898086774
-1.0302848804314426
-1.021983087485822
-1.0196082814268401
-1.0140432870990135
-1.0077832728343845
-1.0028274339878382
-1.0018886840208376
-0.9973733945726667
-0.99251894896847
-0.9896587376878655
-0.9869796367038176
-0.9779477434621974
-0.9739351305094963
-0.973276599991085
-0.9642638639905865
-0.9632450816970002
-0.9580458353815469
-0.9554302918153997
-0.9466720891980054
-0.9393011174463964
-0.9367952497140174
-0.9317543537876153
-0.9291406915763504
-0.9230175138121726
-0.9162720300772615
-0.9133777280030425
-0.909537732465411
-0.8945291536083427
-0.889445209817764
-0.8850969480157529
-0.8827437454343997
-0.8803341134406145
-0.8757914356932938
-0.8725336725019153
-0.8710802953948331
-0.8664987366088718
-0.8625529263587002
-0.8583652116549167
-0.8553920387938777
-0.8459137426741989
-0.843895581573263
-0.8398971362021135
-0.8335734396407247
-0.8284104844518502
-0.8236827711868856
-0.8193027486837727
-0.816308314647376
-0.8128276890298473
-0.8014513648891366
-0.7979640325429488
-0.7875492312614254
-0.7839726776060308
-0.7769940343521202
-0.7727906821474966
-0.7677748456394179
-0.7656237281238453
-0.7611491526995603
-0.7484347055203324
-0.7439411265434268
-0.7366480506600533
-0.7353723335867393
-0.7324040806652982
-0.7241486203464448
-0.7208999707369204
-0.7122243088550513
-0.7005359487268652
-0.6867584926315912
-0.6579657708114082
-0.651279717268139
-0.6438118635591283
-0.6312613646572187
-0.6203414729912707
-0.6145747140428017
-0.6017926331009243
-0.5932957877243334
-0.5621461638247413
-0.5561879612669451
-0.5484244668811985
-0.5406810690112716
-0.5303142435297385
-0.5283322122900309
-0.4998128112512334
-0.4809423502398745
-0.45636364877508334
-0.40030972276084115
-0.2074661292235872
-0.20153978365983746
-0.19918886906260194
-0.19441856607346067
-0.1892787241085858
-0.17864970934255614
-0.17823278372935122
-0.17288582746111872
-0.17106205393865423
-0.16431585793543582
-0.1606597250207735
-0.1526077884360034
-0.1456315508417434
-0.13151075464452405
-0.12374568562551984
-0.11870135434159529
-0.040718404147743935
-0.033162906889085554
-0.020389850870764968
-0.003993720674013202
0.003993720674013318
0.020389850870765676
0.033162906889085776
0.040718404147743845
0.11870135434159519
0.12374568562551959
0.13151075464452378
0.14563155084174362
0.1526077884360033
0.16065972502077341
0.16431585793543607
0.17106205393865398
0.17288582746111866
0.17823278372935114
0.1786497093425557
0.18927872410858546
0.19441856607346064
0.19918886906260194
0.2015397836598376
0.20746612922358698
0.4003097227608411
0.4563636487750836
0.48094235023987464
0.49981281125123306
0.5283322122900308
0.5303142435297385
0.5406810690112714
0.5484244668811985
0.5561879612669446
0.5621461638247411
0.5932957877243337
0.6017926331009246
0.6145747140428018
0.6203414729912707
0.6312613646572186
0.6438118635591283
0.6512797172681386
0.657965770811408
0.686758492631591
0.7005359487268651
0.7122243088550513
0.7208999707369202
0.7241486203464449
0.7324040806652979
0.7353723335867388
0.7366480506600529
0.7439411265434268
0.7484347055203323
0.7611491526995601
0.7656237281238455
0.7677748456394179
0.7727906821474968
0.7769940343521202
0.7839726776060308
0.7875492312614245
0.7979640325429488
0.8014513648891365
0.8128276890298473
0.816308314647376
0.8193027486837732
0.8236827711868857
0.8284104844518502
0.8335734396407251
0.8398971362021134
0.8438955815732634
0.8459137426741995
0.8553920387938782
0.858365211654917
0.8625529263587006
0.866498736608872
0.8710802953948324
0.8725336725019154
0.8757914356932935
0.8803341134406143
0.8827437454343989
0.885096948015753
0.889445209817764
0.8945291536083427
0.9095377324654113
0.9133777280030433
0.9162720300772613
0.923017513812173
0.9291406915763503
0.9317543537876153
0.9367952497140176
0.939301117446397
0.9466720891980054
0.9554302918153997
0.9580458353815469
0.9632450816970002
0.9642638639905863
0.9732765999910847
0.9739351305094963
0.9779477434621971
0.9869796367038177
0.9896587376878659
0.9925189489684704
0.9973733945726667
1.0018886840208376
1.002827433987838
1.0077832728343845
1.0140432870990137
1.0196082814268401
1.0219830874858227
1.0302848804314428
1.0378828898086772
1.0468186331757483
1.048710202697196
1.058726880835209
1.0664688836119265
1.0717448553590303
1.0780463546967751
1.0838941774487776
1.0878060689576434
1.0963835273800837
1.1007249012391944
1.107898046488867
1.1095522061769076
1.116507398239264
1.1175618198513697
1.1348390777839898
1.143687798400106
1.1511940657053037
1.1547270868128934
1.1680988305728073
1.1798782027808437
1.1827203150673433
1.1877285700653568
