-1.2174045217096112
-1.2086053775936738
-1.2049212599208736
-1.1957423651602028
-1.1843396252111198
-1.1814349603730034
-1.1760143050691345
-1.1654145807595298
-1.1564826877551118
-1.1470190803933316
-1.1456071213204648
-1.1348736576121783
-1.133605703228681
-1.1302423236867316
-1.1260854877263788
-1.1198610012895938
-1.1170116257451643
-1.1133233749481997
-1.1098176756281406
-1.1080864517962523
-1.1016959252595737
-1.0966889781958404
-1.093891987843319
-1.0899679944726988
-1.0792881734803752
-1.0780311958303461
-1.0734647742070649
-1.0704778136682938
-1.0670181585412424
-1.064510636201337
-1.0582734879901574
-1.056895707620236
-1.0545066701313643
-1.047401650093629
-1.0446453264281577
-1.0420093975334437
-1.0383429434976499
-1.0332848569013136
-1.030277662911574
-1.0252313653063563
-1.0206618126113416
-1.0190519281046329
-1.0143786844013802
-1.011805386557273
-1.0100219077147836
-1.0051482295655094
-1.000375306838864
-0.9946617015725095
-0.9933422501811882
-0.9928418481503395
-0.9889286195407642
-0.9818071085886046
-0.9786723444163353
-0.9759000287841786
-0.9713283850190629
-0.9678406859234507
-0.9658368267501397
-0.9641567048088548
-0.958982677007607
-0.9563868358136249
-0.9537302076548763
-0.9460247619706302
-0.9454096821492393
-0.9438887874120541
-0.9426117812360736
-0.9355587500473961
-0.932869090727071
-0.9277172426003697
-0.9259034544085504
-0.9213568916257842
-0.9181008312384121
-0.9143427473740465
-0.9088161321988636
-0.9070954929517887
-0.902447714110344
-0.9018867359443736
-0.898113908563229
-0.8943556012062694
-0.8878516030884638
-0.8854279225480001
-0.882769072845161
-0.8788392334484412
-0.8738684726106426
-0.8710225592910458
-0.8672627881501292
-0.86299363034426
-0.8616704911452993
-0.8563495795517614
-0.8518975759121513
-0.8455887133957384
-0.8418908950895779
-0.8409043286982147
-0.8354021743603613
-0.831542473331476
-0.8265939647706141
-0.8235440444720965
-0.8195750103603462
-0.815377362883404
-0.803851055025416
-0.7988675089650826
-0.795982628448588
-0.7912193776365506
-0.7863985583070087
-0.7809047154109633
-0.7806176404094679
-0.77729757137047
-0.7695558579303237
-0.7678638443257704
-0.7590611274054543
-0.7543939629860891
-0.7492138610370517
-0.7477387669413557
-0.7368228420512782
-0.7340862095817593
-0.7266472860271426
-0.7183423110651038
-0.713280481187754
-0.6986272632396214
-0.6864009672116601
-0.673036430226362
-0.6682899734034762
-0.6541370455785381
-0.6463621528879907
-0.6342775982684747
-0.6066850605761545
-0.5959225410934694
-0.5929462707211405
-0.582402129084039
0.5824021290840392
0.5929462707211411
0.5959225410934696
0.6066850605761543
0.6342775982684749
0.6463621528879908
0.6541370455785378
0.6682899734034762
0.6730364302263618
0.6864009672116603
0.6986272632396214
0.7132804811877544
0.7183423110651037
0.7266472860271425
0.7340862095817592
0.7368228420512777
0.7477387669413557
0.7492138610370518
0.754393962986089
0.7590611274054543
0.7678638443257703
0.7695558579303237
0.7772975713704698
0.7806176404094677
0.7809047154109633
0.7863985583070086
0.7912193776365505
0.7959826284485882
0.7988675089650829
0.803851055025416
0.815377362883404
0.8195750103603461
0.8235440444720964
0.8265939647706139
0.831542473331476
0.8354021743603612
0.8409043286982144
0.8418908950895778
0.8455887133957384
0.8518975759121513
0.8563495795517613
0.8616704911452988
0.8629936303442599
0.8672627881501294
0.8710225592910458
0.8738684726106423
0.8788392334484416
0.8827690728451608
0.885427922548
0.8878516030884637
0.8943556012062692
0.898113908563229
0.901886735944374
0.9024477141103442
0.9070954929517888
0.9088161321988634
0.914342747374046
0.9181008312384121
0.9213568916257842
0.9259034544085502
0.9277172426003693
0.9328690907270708
0.935558750047396
0.9426117812360723
0.9438887874120541
0.94540968214924
0.9460247619706301
0.9537302076548763
0.9563868358136246
0.9589826770076071
0.9641567048088548
0.9658368267501403
0.9678406859234507
0.9713283850190627
0.9759000287841784
0.9786723444163353
0.9818071085886046
0.9889286195407639
0.9928418481503397
0.9933422501811884
0.9946617015725095
1.000375306838864
1.0051482295655092
1.0100219077147834
1.0118053865572725
1.01437868440138
1.0190519281046326
1.0206618126113416
1.0252313653063558
1.0302776629115735
1.0332848569013136
1.038342943497649
1.0420093975334435
1.0446453264281574
1.047401650093629
1.0545066701313646
1.056895707620236
1.058273487990157
1.064510636201337
1.067018158541242
1.070477813668294
1.0734647742070647
1.0780311958303468
1.079288173480375
1.0899679944726988
1.0938919878433189
1.0966889781958404
1.101695925259574
1.108086451796252
1.1098176756281408
1.1133233749481999
1.117011625745164
1.1198610012895938
1.1260854877263786
1.1302423236867316
1.133605703228681
1.134873657612178
1.1456071213204648
1.1470190803933322
1.156482687755112
1.1654145807595295
1.1760143050691343
1.1814349603730028
1.1843396252111194
1.195742365160203
1.2049212599208727
1.2086053775936736
1.2174045217096114
