-1.210380640296652
-1.187988675390573
-1.177554501957649
-1.164793517344624
-1.1524943159967833
-1.1477908081835715
-1.1336977540837636
-1.1326739473962735
-1.1286976330323686
-1.126658432588033
-1.1178479065525326
-1.112747972920253
-1.1105084531127665
-1.1014242437382542
-1.0873767051055132
-1.0843825896203962
-1.0796258976858912
-1.0743065578976263
-1.066720936557666
-1.0595349124145141
-1.052864088677129
-1.0519555321111511
-1.0428339676224698
-1.0406085439913257
-1.0306423300236722
-1.0278438981474163
-1.0169398547974722
-1.013159212694908
-1.0098666433043426
-1.0026741958364656
-1.0001057957302342
-0.9985310759417675
-0.9943049970496989
-0.9935203328408261
-0.9843042044887492
-0.9812182530174345
-0.9694800930069157
-0.9678821541129814
-0.9645044501649241
-0.9590298004689833
-0.9558721155552249
-0.9512991134329953
-0.9457783760845108
-0.9435350371640536
-0.9365591825703777
-0.9288344638449694
-0.9266770044542555
-0.9156062479103898
-0.9114767223226998
-0.9059615423767979
-0.8979456646618139
-0.8938573131082087
-0.8888892975012763
-0.8821566391702347
-0.8795224763251904
-0.8741582584768791
-0.8723210288317471
-0.8680237875627003
-0.8636001689521233
-0.8600985566418223
-0.8572370708429907
-0.8558116589996948
-0.852402285768991
-0.8490689695717105
-0.8449715332270326
-0.8392609450434876
-0.8302277257618641
-0.8268790143544817
-0.8236017094309719
-0.8200885251735602
-0.8155620944496986
-0.8091756882121249
-0.794193063988426
-0.7907040110929013
-0.7814090788444419
-0.7790378732749663
-0.7761811832719739
-0.7699010981148142
-0.7652404069060303
-0.7593884594734395
-0.751925376913933
-0.7513533835694474
-0.7405904437706992
-0.7385057943428499
-0.7327812961839419
-0.7247389980355855
-0.714267341292993
-0.707151050216438
-0.6998478757411812
-0.6934204101166153
-0.6804047259183651
-0.6638767390753341
-0.6481814601069469
-0.6471536979889583
-0.6431599625270286
-0.6142411651130028
-0.6064556571087389
-0.5808376612758469
-0.5779857318013077
-0.5734666921336916
-0.5589756595165746
-0.546252970531986
-0.5336249539009366
-0.5320756433309272
-0.511475471060636
-0.5021594029823192
-0.4625952360392892
-0.41251617106695015
-0.21089026247506437
-0.20213708112913667
-0.1991932083125972
-0.1890144694552983
-0.18697492726309942
-0.18247245936424208
-0.1749446316569504
-0.1719009337966479
-0.1656681626679118
-0.16060272013131163
-0.1569126522582875
-0.1459051423969954
-0.14096159898373997
-0.12711505733225045
-0.12410212008364331
-0.1183993346563805
-0.04423165173467301
-0.0333530039012928
-0.019146226730691246
-0.0037177562232094253
0.003717756223209344
0.019146226730691208
0.033353003901292734
0.044231651734672424
0.11839933465638038
0.12410212008364334
0.12711505733225048
0.14096159898374028
0.14590514239699542
0.15691265225828718
0.1606027201313117
0.16566816266791184
0.17190093379664767
0.17494463165694996
0.18247245936424222
0.18697492726309978
0.1890144694552984
0.19919320831259718
0.2021370811291361
0.21089026247506418
0.41251617106695004
0.4625952360392896
0.5021594029823192
0.511475471060636
0.5320756433309275
0.5336249539009371
0.546252970531986
0.5589756595165746
0.5734666921336916
0.5779857318013074
0.580837661275847
0.606455657108739
0.6142411651130025
0.6431599625270285
0.6471536979889585
0.6481814601069468
0.6638767390753341
0.6804047259183651
0.6934204101166151
0.6998478757411817
0.707151050216438
0.7142673412929931
0.7247389980355854
0.7327812961839419
0.7385057943428497
0.7405904437706992
0.7513533835694471
0.7519253769139329
0.7593884594734396
0.7652404069060303
0.7699010981148141
0.776181183271974
0.7790378732749667
0.7814090788444416
0.7907040110929012
0.7941930639884257
0.8091756882121249
0.8155620944496985
0.8200885251735603
0.82360170943097
0.8268790143544817
0.830227725761864
0.839260945043488
0.8449715332270328
0.8490689695717097
0.8524022857689911
0.855811658999695
0.8572370708429901
0.8600985566418238
0.8636001689521234
0.8680237875627002
0.8723210288317474
0.8741582584768793
0.8795224763251902
0.8821566391702345
0.8888892975012768
0.8938573131082086
0.8979456646618136
0.905961542376798
0.9114767223226994
0.9156062479103898
0.9266770044542555
0.9288344638449697
0.936559182570378
0.9435350371640535
0.9457783760845108
0.9512991134329959
0.9558721155552249
0.9590298004689833
0.964504450164924
0.967882154112981
0.9694800930069157
0.9812182530174345
0.984304204488749
0.9935203328408263
0.9943049970496989
0.9985310759417675
1.000105795730234
1.002674195836466
1.0098666433043426
1.0131592126949083
1.0169398547974722
1.0278438981474163
1.0306423300236722
1.0406085439913257
1.04283396762247
1.0519555321111513
1.052864088677129
1.0595349124145141
1.066720936557666
1.0743065578976263
1.079625897685891
1.084382589620396
1.0873767051055134
1.1014242437382544
1.1105084531127665
1.112747972920253
1.1178479065525322
1.126658432588033
1.1286976330323675
1.132673947396273
1.1336977540837634
1.1477908081835717
1.1524943159967835
1.1647935173446238
1.1775545019576488
1.1879886753905722
1.2103806402966517
