-2.763399829863891
-2.7594038842158954
-2.753568823943021
-2.7397936921031047
-2.725482290458034
-2.711136217643815
-2.7029370462772193
-2.6878028406444745
-2.666129807332723
-2.6491930084373845
-2.6214777616944476
-2.619509819294751
-2.6030256635110387
-2.5811424444215176
-2.5772241753281335
-2.5611929064798926
-2.528298604671333
-2.507512572899565
-2.4764372546655986
-2.4636086636128827
-2.4542064253638105
-2.4389881099205883
-2.4082086816290516
-2.3998503439512286
-2.387129616597161
-2.3768216050656106
-2.3648654538393394
-2.34429805038647
-2.335663695181199
-2.326586984491342
-2.3214991561581906
-2.3120139218383597
-2.30364595297287
-2.2939174877016537
-2.2911018141854926
-2.2627079978139313
-2.256574278415057
-2.248810521944623
-2.2416997252731776
-2.2210971951771725
-2.217370880663679
-2.2041541667668025
-2.18920761695518
-2.1806487672892834
-2.167168071692428
-2.1561965069787963
-2.1439589210328025
-2.1401795861138426
-2.1262512870736403
-2.116647188094853
-2.112072741040859
-2.0977117497213764
-2.0829067656325093
-2.0695620059364903
-2.0594035588842536
-2.049465956548259
-2.0368109316678265
-2.0260306172221028
-2.0077698382461144
-2.0043651809207423
-1.9989330067243365
-1.9799191843284127
-1.9567800780166889
-1.9349909547725959
-1.9209324013928928
-1.9155866490005937
-1.903972237771452
-1.8952976585324006
-1.877413294414437
-1.868752374155593
-1.851787987803127
-1.8425704499324944
-1.810941944528623
-1.7947164897747112
-1.7929365603833973
-1.762245259703771
-1.7448165949907917
-1.7388219338837319
-1.7230326475499125
-1.7157462132546606
-1.6904916872121807
-1.6782299169810706
-1.6641502339064351
-1.6628861087827878
-1.6468917578138538
-1.6246717376188846
-1.6042005898330394
-1.582245390816943
-1.5723103428103926
-1.5581924234286426
-1.547091931475188
-1.5257134305911642
-1.5155041263604827
-1.4904271571516214
-1.4804530895120418
-1.4695600944594847
-1.4173289276343997
-1.39789517396283
-1.393882871791595
-1.3502474043143955
-1.3404536079574645
-1.321497017940253
-1.284243084224947
-1.2577652293962198
-1.23634732346779
-1.1895929421938654
-1.155942083079625
-1.1375832987568126
-1.074715493600358
-1.0316274956223628
-1.0258762966019472
-1.019761735391281
-0.9794167597299511
-0.9598513192400194
-0.9345718043360128
-0.9065064537057413
-0.8851254509658523
-0.8680530215802047
-0.8187847092751334
-0.7957571384780483
-0.7678077810238098
-0.7591036955636397
-0.7303279060247401
-0.6888743162474534
-0.6304669940833062
-0.5245932916525468
-0.5106973259093733
-0.44326812450705433
0.4432681237153224
0.510697325522233
0.524593290694275
0.6304669925149857
0.6888743158420961
0.7303279070764269
0.759103695695402
0.7678077792909205
0.7957571393516042
0.8187847112735499
0.8680530195485071
0.8851254495194457
0.9065064565074047
0.9345718018810639
0.959851319898218
0.9794167625433897
1.019761739042273
1.02587629709775
1.0316274947944046
1.074715493175827
1.137583299349374
1.1559420848106812
1.1895929411419073
1.2363473233059823
1.257765230227711
1.2842430853978637
1.3214970170950227
1.3404536052192078
1.3502474062516105
1.393882869003665
1.397895174731546
1.4173289283487693
1.4695600911525795
1.4804530882202596
1.4904271591400315
1.5155041257261557
1.525713433337335
1.547091932559898
1.5581924248125372
1.5723103420767852
1.5822453933563385
1.6042005883867279
1.6246717353344935
1.6468917577465814
1.662886108420673
1.664150234592838
1.6782299197653705
1.6904916850881784
1.7157462132014372
1.723032642776171
1.7388219373013136
1.7448165960039768
1.7622452596828155
1.792936560180425
1.794716490980301
1.810941945110813
1.8425704507484713
1.851787990428993
1.8687523741271468
1.8774132941997206
1.8952976545362423
1.9039722408686213
1.915586649648051
1.9209324010205657
1.934990954544186
1.9567800764519587
1.9799191824496534
1.9989330103636487
2.004365181527188
2.007769840996443
2.0260306184834618
2.0368109341650342
2.0494659601662355
2.059403559343105
2.0695620053745802
2.082906764111676
2.09771175344657
2.1120727362603056
2.1166471900530595
2.126251286907758
2.140179586253873
2.14395891957244
2.1561965044534595
2.167168075516909
2.1806487630959235
2.1892076182752187
2.204154167576408
2.217370882630092
2.2210971944323687
2.2416997236980256
2.2488105216522274
2.2565742799018325
2.262707997587875
2.2911018176735087
2.2939174869616528
2.303645953784623
2.3120139214375666
2.321499153780287
2.3265869874557956
2.33566368934353
2.344298048249529
2.36486545431005
2.3768216051935593
2.387129613972687
2.399850344480263
2.4082086804615237
2.4389881121742456
2.454206430238891
2.463608656963228
2.47643725597373
2.5075125765785415
2.528298600775464
2.561192898672059
2.577224175864498
2.581142438318794
2.603025660999854
2.6195098274537276
2.6214777691744127
2.6491930092946587
2.6661298141710494
2.6878028384572064
2.702937038707263
2.7111362150965714
2.725482300482711
2.7397936872829542
2.753568817925635
2.7594038760669886
2.7633998343459036
