-9.230916585058083
-9.172523090070916
-9.056688362050469
-9.01488501567491
-8.995803078204398
-8.9533652951611
-8.934943045969943
-8.876983706158672
-8.864338555574884
-8.788398565442733
-8.773183246117561
-8.700492367079207
-8.692674492418435
-8.679747344509929
-8.6599122664511
-8.600214952040439
-8.587616155174995
-8.553181653808144
-8.515714755001316
-8.502821876813066
-8.49120762552919
-8.459656691297162
-8.440499626596425
-8.367282889874014
-8.298132022566026
-8.289993682698485
-8.24410082058626
-8.231977379566544
-8.228295218175301
-8.17519691399523
-8.154980329520543
-8.145144220987321
-8.127283455397937
-8.10846593392551
-8.091922525525506
-8.038907770520556
-8.023534302854637
-8.018336717591879
-7.99056802717196
-7.972266201469383
-7.955320253105919
-7.929723366117421
-7.905503895268719
-7.891532151651761
-7.869947979598073
-7.859425978186055
-7.849684227214624
-7.835980091736925
-7.8204751139508755
-7.812173150650032
-7.796179985811631
-7.787557914820172
-7.740871386882825
-7.711594778913619
-7.695261770779391
-7.682011560158566
-7.668984938850887
-7.637884999935759
-7.6227798746346025
-7.6151906413520125
-7.609015670580707
-7.579058809793392
-7.57115139239891
-7.540164872876101
-7.48983460206791
-7.467459719239027
-7.449812555558712
-7.4334121926046794
-7.4247542560259
-7.416739044970254
-7.386350397422926
-7.372023657175914
-7.352782513726549
-7.343048872904765
-7.321691646049921
-7.308528705657438
-7.265105196433976
-7.234399582597241
-7.225522966087612
-7.2095670693832785
-7.166700906825935
-7.139288432041069
-7.1275990595399845
-7.1190774013379325
-7.094823720205459
-7.0674567626071285
-7.04755325972851
-7.0310290677698255
-7.00753747854158
-6.999540262860824
-6.984447816153516
-6.959035622215299
-6.94271812884882
-6.922757505243458
-6.895377592189201
-6.872850891179894
-6.828745088085621
-6.791529038151208
-6.7774015098130596
-6.743726417965797
-6.71395053493336
-6.693261404037596
-6.6830808130417445
-6.645522878521487
-6.606187644939114
-6.598393157388445
-6.576016228547862
-6.547358393366039
-6.494196471411107
-6.42999020846271
-6.402441392782171
-6.373450514505829
-6.336063251624583
-6.309485404301698
-6.277254846184695
-6.2412524182665985
-6.239805418072187
-6.19305191311102
-6.10337681880942
-6.032164257630836
-5.993122465333785
-5.886918795034954
-5.870927494469287
-5.824175095881091
-5.768331627451309
-5.696627622343398
-5.660688312786348
-5.615471451750377
5.615471454327837
5.660688313584927
5.696627623696383
5.768331628348091
5.824175097083473
5.870927496231957
5.88691879514344
5.993122468097561
6.032164260927401
6.103376819515645
6.193051914715571
6.239805416392334
6.2412524190064325
6.277254846940312
6.30948540514791
6.33606325173902
6.37345051605829
6.402441395267873
6.429990209821581
6.494196471789531
6.547358394517978
6.576016230680583
6.59839315969197
6.606187644198533
6.6455228790776575
6.683080814373898
6.693261405423452
6.713950534818907
6.743726418931942
6.777401511372363
6.791529040311629
6.828745089510803
6.872850890745836
6.895377593575131
6.922757507962413
6.942718131137422
6.959035622402562
6.984447815316232
6.9995402627525305
7.007537477209402
7.031029068838832
7.047553259007613
7.0674567629776694
7.094823721954752
7.1190774028015245
7.127599059446767
7.13928843145236
7.1667009065239755
7.209567067952279
7.225522965879311
7.234399584095275
7.26510519871053
7.308528705613871
7.321691645144152
7.343048871902795
7.352782515457016
7.372023658224464
7.386350400306361
7.416739043345113
7.424754253402941
7.43341219314701
7.449812556558579
7.467459716420077
7.489834603223844
7.540164871090333
7.571151392593128
7.579058808190158
7.609015672797795
7.615190642491519
7.62277987408458
7.637884999408072
7.668984937959971
7.6820115604513495
7.695261773621489
7.711594780459616
7.7408713878265685
7.787557913639591
7.796179987582344
7.812173151176955
7.820475112478927
7.83598009372108
7.849684229398919
7.859425981545634
7.869947981076346
7.891532150935903
7.905503894701856
7.929723364907725
7.955320255671308
7.9722662017966295
7.9905680255702185
8.018336716500194
8.023534303027585
8.03890777147522
8.091922526557646
8.108465931508881
8.127283455466914
8.145144220629545
8.154980327301125
8.175196912900054
8.228295215023268
8.23197737832162
8.244100819813585
8.289993681475313
8.298132023308835
8.367282886799602
8.44049962552017
8.459656689856839
8.491207622619092
8.502821877323884
8.515714754812294
8.553181651589007
8.587616152612318
8.600214953281155
8.659912264905424
8.679747342525502
8.692674491061256
8.700492364348946
8.773183242829413
8.788398565134893
8.86433855365222
8.876983705000214
8.934943041808726
8.953365290243763
8.995803075659207
9.014885014483529
9.056688360719551
9.172523085905882
9.230916582683795
