-8.983803715494647
-8.968504496258474
-8.887811412236147
-8.884519607796129
-8.748922983860737
-8.73668126656833
-8.719876494232723
-8.652071298860676
-8.528654473548256
-8.465574346099368
-8.37913170598143
-8.357938270466526
-8.282499294433835
-8.239149951121599
-8.202881221502727
-8.171457131477
-8.158552639786532
-8.150130301735816
-8.08978647192991
-8.072630798257084
-8.042463710281037
-8.015700166605374
-7.997205990533752
-7.969740854983351
-7.9266648537427145
-7.899271678066957
-7.873034879497947
-7.855945870635775
-7.811431150847072
-7.76276574892385
-7.744936045192898
-7.73137630980731
-7.704789226428247
-7.692050962130776
-7.635521212040113
-7.604126382109495
-7.58072833894296
-7.526987861762715
-7.517665119982863
-7.498921617968468
-7.390360776384339
-7.375316415953572
-7.357777773978637
-7.3512030978846274
-7.328513218420958
-7.3221757519298905
-7.270305097794561
-7.263784576544269
-7.230146423362539
-7.2006853393291195
-7.162512546710593
-7.115811982211229
-7.0769274821215085
-7.072569267677226
-7.021740334941172
-7.013354229996955
-6.961155053116081
-6.922152129920547
-6.843217103768718
-6.7752705641705795
-6.69535123112526
-6.686902923595676
-6.670730944729665
-6.632735935331945
-6.6164059085302895
-6.591477922279039
-6.575385174984829
-6.5569919991237455
-6.497660545843426
-6.470186840617235
-6.465706618729763
-6.411300386814631
-6.400800154664378
-6.279236839972381
-6.2281491041870725
-6.198724561396339
-6.142562329238825
-6.081119686410382
-6.068513540966715
-5.976890012389519
-5.919161065729411
-5.889499925105769
-5.821196281368456
-5.619732775357122
-5.612597391217202
-5.51705878290355
-5.504183285144666
-5.390810651454744
-5.38331005013033
-5.339218596337721
-5.330961192217364
-5.257140033751911
-5.155720064530464
-5.1047735641193865
-5.0470557048923705
-5.017660320741657
-4.955553965853722
-4.895174679153017
-4.875032617250977
-4.8373414752764985
-4.702949933785596
-4.665837257186083
-4.625458874593531
-4.527428015727422
-4.072583895504577
-4.009358186459114
-3.7193918619035573
-3.5371754639387336
-0.902803259625513
-0.8897756668575175
-0.8503824806357458
-0.8421182542613671
-0.8302483954896616
-0.8196659886055555
-0.8007257861946745
-0.7952422266963655
-0.7115587009193761
-0.7007974675284294
-0.6845986348413529
-0.6580729539140352
-0.6387255498574939
-0.6168491323691184
-0.581056458770354
-0.5721657794146918
-0.08848968603819538
-0.04414429830192045
-0.008935561266296395
-0.0007734839530476482
0.0007734842806917783
0.00893556146892545
0.044144299148048814
0.08848968695330055
0.5721657801536708
0.5810564590772769
0.6168491320147684
0.6387255503654177
0.6580729557042378
0.6845986360155019
0.7007974676340859
0.7115587013749931
0.7952422265997567
0.8007257865721797
0.819665988517827
0.8302483950872293
0.8421182539309434
0.8503824805448752
0.8897756665059177
0.9028032599507316
3.5371754640171074
3.719391861593282
4.009358186081116
4.072583895611571
4.527428015782046
4.62545889392313
4.665837256982845
4.702949914575293
4.837341491766532
4.87503262617472
4.895174688877792
4.95555394750262
5.017660305237372
5.047055705291737
5.104773563468596
5.155720072067008
5.2571400452966275
5.330961176632017
5.339218595727334
5.383310048318907
5.390810652173051
5.504183291979372
5.517058790053052
5.612597391598639
5.61973275851456
5.821196293987147
5.889499941930417
5.91916106829451
5.976890010630671
6.068513521864262
6.081119687978355
6.1425623251498465
6.1987245696114295
6.228149110009681
6.279236844667054
6.4008001526587694
6.411300384307373
6.465706632856185
6.470186841504853
6.4976605419331
6.556991996900643
6.575385171242963
6.591477921741887
6.6164059034576885
6.632735940096968
6.670730957271905
6.686902921981137
6.695351229411389
6.775270548015016
6.843217105585324
6.922152127286848
6.961155054339088
7.013354232803509
7.02174032980166
7.0725692666441775
7.076927482471729
7.115811982099059
7.162512543472057
7.200685337935626
7.230146421986421
7.263784577721823
7.270305095462482
7.322175749469635
7.328513218718534
7.351203098703271
7.35777777625016
7.375316420102108
7.390360777912985
7.498921614213375
7.517665123421843
7.52698785979034
7.5807283409439545
7.604126380748103
7.635521215645039
7.6920509602639235
7.704789226287613
7.731376308764399
7.744936044700904
7.762765747687849
7.811431150628664
7.855945871758321
7.873034877394624
7.899271674846877
7.926664849823061
7.9697408563194205
7.997205988221861
8.015700165773177
8.042463704992208
8.072630804238633
8.089786476413195
8.1501303033901
8.158552639757357
8.171457134641464
8.202881221469363
8.239149950103219
8.282499286117778
8.357938275172389
8.37913169799709
8.46557435501409
8.528654472256248
8.652071302763211
8.719876496863744
8.736681264416141
8.748922983751845
8.884519599911618
8.887811409215555
8.968504492703284
8.983803710617218
