-1.6436651683897452
-1.6436651683897447
-1.6367169781267392
-1.6367169781267379
-1.6259509731968242
-1.6259509731968234
-1.6125274709980235
-1.6125274709980226
-1.5979471059961199
-1.5979471059961192
-1.5935300848214728
-1.5935300848214726
-1.5863623205124877
-1.586362320512487
-1.5839242603340904
-1.5839242603340897
-1.575252206058809
-1.575252206058808
-1.5722198135719843
-1.572219813571984
-1.5644242471496714
-1.5644242471496712
-1.5613929006424765
-1.5613929006424756
-1.5463304624221885
-1.5463304624221876
-1.5318351764887561
-1.5318351764887561
-1.5197296100431048
-1.5197296100431041
-1.5127903414277952
-1.5127903414277946
-1.5116633787068006
-1.5116633787068003
-1.5052381531929941
-1.5052381531929937
-1.493524689645014
-1.4935246896450138
-1.4811706524876003
-1.4811706524875998
-1.4788996842459656
-1.4788996842459656
-1.4629881697747629
-1.4629881697747624
-1.4476586247504726
-1.4476586247504721
-1.4348430483951407
-1.4348430483951398
-1.4262968332045587
-1.426296833204558
-1.4253313464749127
-1.4253313464749116
-1.4058994165294558
-1.4058994165294558
-1.3977698129908573
-1.3977698129908571
-1.3851478444050214
-1.3851478444050211
-1.3693658489766203
-1.3693658489766194
-1.3521660168712835
-1.3521660168712826
-1.3355650662154468
-1.3355650662154466
-1.3344534211167054
-1.3344534211167045
-1.3216630152230566
-1.3216630152230555
-1.3123799787751997
-1.312379978775199
-1.2796545445495646
-1.2796545445495644
-1.2707175272644133
-1.2707175272644131
-1.256820247628262
-1.2568202476282615
-1.2394052655737535
-1.2394052655737535
-1.2203751559131477
-1.2203751559131475
-1.21193419186469
-1.211934191864689
-1.2019553361433857
-1.2019553361433852
-1.1864888157066589
-1.1864888157066584
-1.1761393593781657
-1.1761393593781655
-1.1440611874395754
-1.1440611874395752
-1.1340561191212202
-1.13405611912122
-1.1184620610765768
-1.1184620610765765
-1.0988565236423022
-1.0988565236423018
-1.0773466333494237
-1.0773466333494235
-1.0628956060682577
-1.0628956060682575
-1.0564359314709333
-1.056435931470933
-1.0388050620863798
-1.0388050620863796
-1.0269683733678368
-1.0269683733678368
-1.0139664482827166
-1.0139664482827162
-1.0026640708401287
-1.002664070840128
-0.9849920505796373
-0.9849920505796368
-0.9626721234089308
-0.9626721234089307
-0.9380446290165264
-0.9380446290165261
-0.9139523154630513
-0.9139523154630511
-0.9119026868392881
-0.9119026868392877
-0.8993185147517789
-0.8993185147517786
-0.8950459857563223
-0.8950459857563206
-0.8935143617501079
-0.8935143617501078
-0.8797249556169222
-0.8797249556169214
-0.8795725619451332
-0.8795725619451332
-0.8545034635449444
-0.8545034635449429
-0.8266597111559264
-0.8266597111559261
-0.7992167334096045
-0.7992167334096045
-0.775761862091292
-0.7757618620912919
-0.7598385022864018
-0.7598385022864017
-0.7213593239543813
-0.7213593239543806
-0.7125804023833359
-0.7125804023833354
-0.6964036979880479
-0.6964036979880472
-0.6707102290280115
-0.6707102290280115
-0.6374797948220708
-0.6374797948220702
-0.599642057934967
-0.5996420579349666
-0.5690323596049418
-0.5690323596049414
-0.5612055831493503
-0.5612055831493498
-0.5272672816242556
-0.5272672816242547
-0.5035462929591723
-0.5035462929591723
-0.0014648800807260474
-0.0014648800807258618
0.0014648800807256334
0.001464880080725721
0.5035462929591722
0.5035462929591723
0.5272672816242548
0.5272672816242553
0.5612055831493495
0.5612055831493497
0.5690323596049405
0.5690323596049421
0.5996420579349667
0.5996420579349667
0.6374797948220704
0.6374797948220706
0.6707102290280111
0.6707102290280117
0.6964036979880472
0.6964036979880479
0.7125804023833353
0.7125804023833354
0.721359323954381
0.7213593239543812
0.7598385022864018
0.7598385022864019
0.7757618620912917
0.7757618620912926
0.7992167334096046
0.7992167334096052
0.8266597111559261
0.8266597111559264
0.8545034635449442
0.8545034635449448
0.8795725619451329
0.8795725619451331
0.8797249556169215
0.8797249556169219
0.8935143617501075
0.8935143617501078
0.8950459857563218
0.8950459857563224
0.8993185147517786
0.8993185147517786
0.9119026868392877
0.9119026868392878
0.9139523154630508
0.913952315463051
0.9380446290165261
0.9380446290165264
0.9626721234089307
0.9626721234089308
0.9849920505796371
0.9849920505796371
1.0026640708401284
1.0026640708401289
1.0139664482827162
1.0139664482827169
1.0269683733678359
1.0269683733678363
1.0388050620863793
1.0388050620863796
1.0564359314709322
1.0564359314709324
1.062895606068257
1.0628956060682573
1.0773466333494233
1.0773466333494237
1.098856523642302
1.0988565236423022
1.1184620610765768
1.1184620610765768
1.1340561191212202
1.1340561191212204
1.1440611874395754
1.1440611874395759
1.1761393593781655
1.1761393593781655
1.1864888157066582
1.1864888157066582
1.2019553361433855
1.2019553361433855
1.21193419186469
1.2119341918646902
1.2203751559131475
1.2203751559131477
1.2394052655737533
1.2394052655737537
1.256820247628262
1.256820247628262
1.2707175272644136
1.2707175272644138
1.2796545445495646
1.2796545445495646
1.3123799787751995
1.3123799787751997
1.321663015223056
1.3216630152230562
1.3344534211167045
1.334453421116705
1.3355650662154457
1.335565066215447
1.3521660168712826
1.352166016871283
1.3693658489766192
1.3693658489766196
1.3851478444050207
1.385147844405021
1.3977698129908571
1.3977698129908573
1.4058994165294558
1.405899416529456
1.4253313464749116
1.4253313464749122
1.426296833204558
1.4262968332045585
1.43484304839514
1.4348430483951404
1.4476586247504721
1.4476586247504724
1.4629881697747626
1.462988169774763
1.4788996842459659
1.4788996842459659
1.4811706524875998
1.4811706524876005
1.493524689645014
1.493524689645014
1.5052381531929944
1.5052381531929944
1.5116633787068003
1.5116633787068012
1.5127903414277946
1.5127903414277946
1.5197296100431046
1.5197296100431055
1.531835176488756
1.5318351764887561
1.5463304624221872
1.5463304624221879
1.5613929006424758
1.5613929006424772
1.564424247149672
1.564424247149672
1.5722198135719836
1.572219813571984
1.5752522060588083
1.5752522060588092
1.5839242603340897
1.5839242603340904
1.586362320512487
1.5863623205124877
1.5935300848214735
1.5935300848214735
1.5979471059961197
1.5979471059961206
1.6125274709980228
1.6125274709980248
1.6259509731968238
1.6259509731968245
1.6367169781267372
1.6367169781267372
1.6436651683897443
1.6436651683897456
