-1.5696311498002498
-1.5696311498002498
-1.5629693634068762
-1.5629693634068742
-1.5526147117918068
-1.5526147117918063
-1.5396272746902253
-1.5396272746902246
-1.5253646089754216
-1.5253646089754214
-1.5170513807635857
-1.5170513807635848
-1.511353158923673
-1.5113531589236722
-1.510157666073956
-1.5101576660739549
-1.4994383577612649
-1.4994383577612647
-1.4991237528196852
-1.4991237528196848
-1.4900082397758307
-1.49000823977583
-1.4859862349374213
-1.485986234937421
-1.484830595693615
-1.4848305956936145
-1.4712036350445135
-1.4712036350445128
-1.4566713137980052
-1.4566713137980052
-1.4439788681700365
-1.4439788681700363
-1.434512983577811
-1.4345129835778108
-1.4320060676417512
-1.432006067641751
-1.4291342985742452
-1.4291342985742443
-1.4247009027469693
-1.4247009027469684
-1.4133336034397153
-1.4133336034397153
-1.3990538146581732
-1.399053814658173
-1.3833425539808566
-1.3833425539808561
-1.3678771152147033
-1.3678771152147031
-1.3543527818141445
-1.354352781814144
-1.3442559227838298
-1.3442559227838287
-1.3385145980703355
-1.3385145980703355
-1.3185825457829448
-1.318582545782944
-1.3106453427867772
-1.310645342786777
-1.2982797953032048
-1.2982797953032046
-1.2827198168696963
-1.282719816869696
-1.2655651598929702
-1.2655651598929696
-1.2486418039649079
-1.2486418039649079
-1.2338111727036487
-1.2338111727036483
-1.2227193211117775
-1.2227193211117768
-1.2164044892748598
-1.2164044892748598
-1.1830564289297114
-1.1830564289297112
-1.1742034740866503
-1.17420347408665
-1.1603848546413473
-1.1603848546413473
-1.1429491294798364
-1.1429491294798364
-1.1236626530784977
-1.1236626530784974
-1.1045673083145406
-1.10456730831454
-1.087774146538169
-1.0877741465381685
-1.0751767864907311
-1.075176786490731
-1.0679899182653934
-1.0679899182653931
-1.0348829698334103
-1.0348829698334099
-1.0247507237257543
-1.024750723725754
-1.008887138435375
-1.0088871384353748
-0.9887835758132385
-0.9887835758132385
-0.9664253748441757
-0.9664253748441757
-0.9441552763272187
-0.9441552763272186
-0.924452725181845
-0.9244527251818446
-0.909596267267975
-0.9095962672679746
-0.9010897362282073
-0.9010897362282062
-0.8889514716162155
-0.888951471616215
-0.8771351112650042
-0.8771351112650042
-0.8585483188136438
-0.8585483188136432
-0.8348322690429674
-0.834832269042967
-0.80822643038948
-0.8082264303894799
-0.7814609033431822
-0.7814609033431815
-0.7705019603545997
-0.7705019603545994
-0.7575386450429805
-0.7575386450429802
-0.7568385266591002
-0.7568385266591002
-0.7393357336591059
-0.7393357336591057
-0.735216816836626
-0.7352168168366259
-0.7288447505286946
-0.7288447505286945
-0.7073778830703398
-0.7073778830703392
-0.6757725318491182
-0.6757725318491173
-0.6435213248025187
-0.6435213248025184
-0.6142502346399235
-0.6142502346399229
-0.5916552028731717
-0.5916552028731715
-0.5784921973500426
-0.5784921973500424
-0.5194974403270564
-0.519497440327056
-0.499007890750839
-0.4990078907508377
-0.46556211976004186
-0.46556211976004186
-0.4202234989302224
-0.42022349893022237
-0.3645172621397384
-0.3645172621397383
-0.3005395399471951
-0.30053953994719507
-0.2313172504403517
-0.23131725044035117
-0.16204998822270225
-0.16204998822270128
-0.104199529706061
-0.10419952970606085
0.10419952970606029
0.10419952970606032
0.16204998822270064
0.16204998822270117
0.23131725044035087
0.23131725044035115
0.30053953994719496
0.30053953994719546
0.36451726213973745
0.3645172621397377
0.42022349893022254
0.42022349893022287
0.46556211976004186
0.46556211976004225
0.49900789075083857
0.49900789075083885
0.5194974403270558
0.5194974403270559
0.5784921973500426
0.5784921973500433
0.5916552028731721
0.5916552028731724
0.6142502346399232
0.6142502346399239
0.6435213248025184
0.6435213248025187
0.675772531849118
0.6757725318491187
0.7073778830703396
0.70737788307034
0.7288447505286939
0.7288447505286946
0.7352168168366249
0.7352168168366259
0.739335733659105
0.739335733659106
0.7568385266591003
0.7568385266591007
0.7575386450429802
0.7575386450429805
0.7705019603545992
0.7705019603545995
0.7814609033431815
0.7814609033431819
0.8082264303894797
0.8082264303894799
0.834832269042967
0.8348322690429675
0.858548318813643
0.8585483188136438
0.8771351112650043
0.8771351112650047
0.8889514716162148
0.888951471616215
0.9010897362282071
0.9010897362282072
0.9095962672679749
0.909596267267975
0.9244527251818445
0.924452725181845
0.9441552763272186
0.944155276327219
0.9664253748441756
0.9664253748441759
0.9887835758132382
0.9887835758132385
1.0088871384353748
1.008887138435375
1.0247507237257536
1.0247507237257538
1.0348829698334103
1.0348829698334103
1.067989918265393
1.0679899182653931
1.0751767864907307
1.0751767864907313
1.087774146538168
1.0877741465381687
1.10456730831454
1.1045673083145404
1.123662653078497
1.1236626530784974
1.1429491294798362
1.1429491294798364
1.1603848546413469
1.1603848546413473
1.1742034740866496
1.1742034740866503
1.183056428929711
1.1830564289297116
1.2164044892748591
1.2164044892748596
1.2227193211117768
1.222719321111777
1.233811172703648
1.2338111727036483
1.2486418039649079
1.2486418039649079
1.26556515989297
1.26556515989297
1.2827198168696958
1.282719816869696
1.2982797953032048
1.298279795303205
1.3106453427867768
1.3106453427867775
1.3185825457829445
1.3185825457829448
1.3385145980703352
1.3385145980703355
1.3442559227838293
1.3442559227838298
1.354352781814144
1.354352781814144
1.367877115214703
1.3678771152147033
1.383342553980856
1.3833425539808561
1.3990538146581728
1.399053814658173
1.4133336034397153
1.4133336034397157
1.4247009027469686
1.424700902746969
1.4291342985742441
1.4291342985742452
1.4320060676417512
1.4320060676417514
1.4345129835778108
1.434512983577811
1.4439788681700363
1.4439788681700365
1.4566713137980052
1.4566713137980056
1.471203635044512
1.4712036350445128
1.484830595693615
1.4848305956936156
1.4859862349374198
1.4859862349374213
1.4900082397758307
1.4900082397758307
1.4991237528196848
1.4991237528196848
1.4994383577612642
1.4994383577612647
1.5101576660739553
1.510157666073956
1.5113531589236728
1.511353158923673
1.5170513807635855
1.5170513807635857
1.525364608975422
1.525364608975422
1.5396272746902258
1.5396272746902278
1.5526147117918063
1.552614711791809
1.5629693634068746
1.5629693634068749
1.5696311498002495
1.5696311498002504
