-1.643665168389745
-1.6436651683897443
-1.636716978126738
-1.6367169781267368
-1.6259509731968251
-1.625950973196825
-1.612527470998023
-1.612527470998023
-1.5979471059961192
-1.5979471059961186
-1.5935300848214726
-1.5935300848214722
-1.5863623205124875
-1.5863623205124875
-1.5839242603340904
-1.5839242603340895
-1.5752522060588092
-1.5752522060588086
-1.572219813571984
-1.5722198135719834
-1.564424247149672
-1.5644242471496714
-1.5613929006424763
-1.5613929006424763
-1.5463304624221885
-1.5463304624221883
-1.5318351764887561
-1.5318351764887554
-1.5197296100431046
-1.5197296100431046
-1.5127903414277952
-1.5127903414277948
-1.511663378706801
-1.5116633787068006
-1.5052381531929944
-1.5052381531929941
-1.493524689645014
-1.493524689645014
-1.4811706524876003
-1.4811706524875998
-1.4788996842459659
-1.4788996842459652
-1.4629881697747629
-1.4629881697747626
-1.4476586247504726
-1.447658624750472
-1.4348430483951404
-1.43484304839514
-1.4262968332045591
-1.4262968332045582
-1.4253313464749127
-1.4253313464749122
-1.4058994165294558
-1.4058994165294556
-1.3977698129908571
-1.3977698129908571
-1.3851478444050214
-1.385147844405021
-1.3693658489766194
-1.3693658489766192
-1.3521660168712824
-1.3521660168712824
-1.335565066215446
-1.3355650662154457
-1.334453421116705
-1.3344534211167045
-1.3216630152230562
-1.3216630152230557
-1.3123799787751997
-1.3123799787751993
-1.2796545445495646
-1.2796545445495644
-1.2707175272644138
-1.2707175272644136
-1.2568202476282617
-1.2568202476282615
-1.2394052655737537
-1.2394052655737535
-1.2203751559131477
-1.2203751559131475
-1.21193419186469
-1.2119341918646898
-1.2019553361433852
-1.201955336143385
-1.1864888157066584
-1.1864888157066582
-1.1761393593781655
-1.1761393593781655
-1.1440611874395756
-1.1440611874395754
-1.1340561191212204
-1.1340561191212204
-1.118462061076577
-1.1184620610765768
-1.0988565236423027
-1.0988565236423022
-1.0773466333494237
-1.0773466333494237
-1.0628956060682573
-1.0628956060682568
-1.0564359314709328
-1.0564359314709322
-1.03880506208638
-1.0388050620863796
-1.0269683733678365
-1.0269683733678365
-1.0139664482827166
-1.0139664482827164
-1.0026640708401287
-1.0026640708401287
-0.9849920505796373
-0.9849920505796373
-0.9626721234089312
-0.962672123408931
-0.9380446290165265
-0.9380446290165264
-0.913952315463051
-0.9139523154630507
-0.911902686839288
-0.911902686839288
-0.8993185147517786
-0.8993185147517783
-0.895045985756322
-0.895045985756322
-0.8935143617501076
-0.8935143617501072
-0.8797249556169218
-0.8797249556169212
-0.8795725619451332
-0.8795725619451329
-0.8545034635449441
-0.8545034635449439
-0.8266597111559258
-0.8266597111559255
-0.7992167334096045
-0.7992167334096045
-0.7757618620912923
-0.7757618620912917
-0.7598385022864022
-0.7598385022864015
-0.7213593239543813
-0.7213593239543812
-0.712580402383336
-0.7125804023833348
-0.6964036979880481
-0.6964036979880476
-0.6707102290280117
-0.6707102290280111
-0.6374797948220706
-0.6374797948220701
-0.5996420579349664
-0.5996420579349659
-0.5690323596049419
-0.5690323596049411
-0.5612055831493501
-0.56120558314935
-0.5272672816242548
-0.5272672816242547
-0.5035462929591725
-0.5035462929591716
-0.001464880080726107
-0.0014648800807257475
0.0014648800807259624
0.0014648800807260465
0.5035462929591717
0.5035462929591725
0.5272672816242551
0.5272672816242553
0.5612055831493494
0.5612055831493501
0.5690323596049411
0.5690323596049417
0.5996420579349653
0.5996420579349663
0.6374797948220697
0.6374797948220706
0.6707102290280116
0.6707102290280117
0.6964036979880477
0.696403697988048
0.7125804023833355
0.7125804023833358
0.7213593239543807
0.721359323954381
0.7598385022864014
0.7598385022864015
0.7757618620912917
0.775761862091292
0.7992167334096043
0.7992167334096046
0.8266597111559258
0.8266597111559261
0.8545034635449434
0.8545034635449439
0.8795725619451329
0.8795725619451331
0.8797249556169219
0.8797249556169219
0.8935143617501078
0.8935143617501079
0.8950459857563218
0.8950459857563221
0.8993185147517785
0.8993185147517786
0.911902686839288
0.9119026868392884
0.9139523154630507
0.913952315463051
0.9380446290165261
0.9380446290165265
0.9626721234089304
0.9626721234089305
0.984992050579637
0.9849920505796375
1.0026640708401287
1.0026640708401289
1.0139664482827164
1.0139664482827164
1.0269683733678365
1.0269683733678368
1.0388050620863798
1.03880506208638
1.056435931470933
1.0564359314709333
1.0628956060682577
1.0628956060682577
1.0773466333494235
1.0773466333494237
1.0988565236423018
1.0988565236423025
1.1184620610765768
1.1184620610765772
1.1340561191212204
1.1340561191212204
1.1440611874395754
1.1440611874395759
1.1761393593781655
1.176139359378166
1.1864888157066584
1.186488815706659
1.2019553361433855
1.2019553361433857
1.211934191864689
1.21193419186469
1.2203751559131475
1.2203751559131482
1.239405265573753
1.2394052655737533
1.256820247628262
1.256820247628262
1.2707175272644133
1.2707175272644138
1.2796545445495644
1.2796545445495646
1.3123799787751989
1.3123799787751995
1.321663015223056
1.321663015223056
1.334453421116705
1.3344534211167052
1.3355650662154464
1.3355650662154464
1.3521660168712828
1.3521660168712832
1.369365848976619
1.3693658489766192
1.3851478444050207
1.385147844405021
1.3977698129908571
1.3977698129908571
1.4058994165294556
1.4058994165294558
1.425331346474912
1.4253313464749122
1.4262968332045574
1.4262968332045582
1.43484304839514
1.43484304839514
1.4476586247504724
1.4476586247504724
1.4629881697747624
1.4629881697747626
1.4788996842459652
1.4788996842459656
1.4811706524875996
1.4811706524876005
1.4935246896450138
1.493524689645014
1.5052381531929941
1.5052381531929941
1.5116633787068003
1.5116633787068006
1.5127903414277941
1.5127903414277948
1.5197296100431041
1.5197296100431046
1.5318351764887554
1.531835176488756
1.5463304624221872
1.5463304624221883
1.5613929006424752
1.5613929006424752
1.5644242471496712
1.5644242471496714
1.572219813571984
1.5722198135719847
1.5752522060588086
1.5752522060588086
1.5839242603340897
1.5839242603340902
1.5863623205124868
1.586362320512487
1.5935300848214726
1.5935300848214728
1.5979471059961192
1.5979471059961206
1.6125274709980228
1.612527470998023
1.6259509731968242
1.625950973196825
1.6367169781267374
1.6367169781267374
1.6436651683897447
1.643665168389745
