-8.42616110335225
-8.424746889794855
-8.338803218972044
-8.338788323852587
-8.337389085134419
-8.33737418748854
-8.250505372103724
-8.24909115854655
-8.201555760066292
-8.201516481797857
-8.200142095550117
-8.200102810510264
-8.111764090248833
-8.111739689258657
-8.110350089379942
-8.110325684135557
-8.0265613817702
-8.026489121634407
-8.025149022192407
-8.025076749339314
-7.970583325392949
-7.96916911183614
-7.934789687553068
-7.934732245312854
-7.933376646390103
-7.933319193918578
-7.829938957187348
-7.8298268048697715
-7.828529208591151
-7.828417036077078
-7.79040238221879
-7.790369283002289
-7.788988559127937
-7.788955453903384
-7.735835045013174
-7.735737584700593
-7.734424203187783
-7.734326725097174
-7.630646374937841
-7.630490282895176
-7.629240817984979
-7.629084697184438
-7.605920345059741
-7.604506131503477
-7.587662732016735
-7.5875894551621235
-7.586250425315193
-7.586177134818746
-7.534053614736619
-7.533912007878105
-7.532646523228094
-7.532504889917052
-7.448750053068381
-7.448550279992578
-7.44735004213288
-7.447150231501171
-7.39812684085297
-7.398086541122342
-7.3967132055692835
-7.3966728981366625
-7.381832141203668
-7.381714428450068
-7.380422847279026
-7.38030511204778
-7.3497671475673325
-7.34958158391821
-7.348365181123539
-7.348179582070543
-7.303158484518739
-7.302920894565579
-7.301764398087307
-7.301526762770903
-7.209212096215314
-7.208948570333738
-7.207822682626097
-7.207559105944185
-7.2021749229223735
-7.201951247917102
-7.200778535010466
-7.200554816628389
-7.193647128865975
-7.193485053811379
-7.1922422509177775
-7.192080144203959
-7.18687002661249
-7.186784999778133
-7.185458380262626
-7.185373336723805
-7.184284301716557
-7.182870088161035
-7.106893753152009
-7.106643910792845
-7.105501812628817
-7.105251921324774
-7.042783931908856
-7.042583300047841
-7.041384045129589
-7.041183373380123
-6.993440786419457
-6.993310943269707
-6.992032560402941
-6.991902691101725
-6.966545840943191
-6.966500921624245
-6.965132345651577
-6.965087417216701
-6.945316458576433
-6.945089303640885
-6.943920633907726
-6.943693433309381
-6.838162072521173
-6.837993146235292
-6.836758003677886
-6.836589042698662
-6.766821573508277
-6.766731441930532
-6.765410245039867
-6.765320094659572
-6.741732352820256
-6.740318139265662
-6.7377352076410775
-6.737539325703053
-6.736334648743154
-6.736138726077907
-6.606218336129141
-6.606088610207726
-6.604810100132255
-6.604680346550953
-6.5351410367946565
-6.535095594808325
-6.5337275585811065
-6.533682106763985
-6.5022100783370576
-6.502052954517564
-6.500804639259126
-6.500647481469484
-6.368698051227531
-6.368612623797128
-6.3672864302527605
-6.3672009838829275
-6.32175511128178
-6.3203408977282525
-6.260745168582451
-6.260631968852865
-6.259335506576148
-6.259222281352442
-6.149539347294982
-6.149499167064124
-6.1481257094024295
-6.148085519932874
-6.0376692011196065
-6.037601005627699
-6.036256641132737
-6.0361884296820465
-5.972318352418443
-5.9709041388659845
-5.857064256165652
-5.857036144678338
-5.855650325500227
-5.85562220722496
-5.73946753612978
-5.738053322578139
5.738053322578139
5.739467536129778
5.855622207224958
5.855650325500226
5.8570361446783386
5.8570642561656525
5.970904138865986
5.972318352418444
6.036188429682045
6.036256641132734
6.037601005627701
6.037669201119608
6.148085519932873
6.148125709402429
6.149499167064118
6.149539347294977
6.259222281352445
6.259335506576152
6.260631968852863
6.260745168582449
6.320340897728255
6.321755111281779
6.367200983882929
6.3672864302527605
6.368612623797128
6.368698051227531
6.500647481469485
6.500804639259124
6.502052954517564
6.502210078337055
6.533682106763989
6.53372755858111
6.535095594808324
6.535141036794655
6.604680346550953
6.604810100132254
6.606088610207726
6.60621833612914
6.736138726077909
6.736334648743156
6.737539325703056
6.737735207641084
6.740318139265662
6.741732352820254
6.76532009465957
6.765410245039861
6.76673144193053
6.766821573508274
6.8365890426986615
6.836758003677886
6.837993146235293
6.838162072521173
6.943693433309382
6.943920633907724
6.945089303640885
6.945316458576432
6.965087417216702
6.965132345651577
6.966500921624244
6.966545840943191
6.991902691101726
6.992032560402943
6.993310943269705
6.993440786419456
7.0411833733801235
7.041384045129589
7.04258330004784
7.042783931908854
7.105251921324775
7.105501812628818
7.106643910792842
7.106893753152006
7.182870088161034
7.184284301716559
7.185373336723803
7.1854583802626255
7.186784999778136
7.1868700266124925
7.192080144203958
7.192242250917777
7.19348505381138
7.193647128865973
7.200554816628388
7.200778535010467
7.201951247917101
7.202174922922374
7.207559105944184
7.207822682626098
7.20894857033374
7.209212096215313
7.301526762770902
7.301764398087307
7.302920894565576
7.303158484518735
7.348179582070542
7.348365181123537
7.349581583918209
7.3497671475673325
7.380305112047786
7.380422847279031
7.381714428450066
7.381832141203668
7.396672898136668
7.39671320556929
7.398086541122339
7.398126840852968
7.447150231501169
7.44735004213288
7.4485502799925785
7.448750053068381
7.532504889917051
7.532646523228093
7.533912007878105
7.534053614736617
7.5861771348187474
7.586250425315198
7.587589455162122
7.587662732016737
7.604506131503481
7.605920345059741
7.629084697184434
7.629240817984973
7.630490282895176
7.630646374937841
7.73432672509717
7.734424203187779
7.735737584700593
7.7358350450131725
7.788955453903389
7.788988559127942
7.790369283002291
7.79040238221879
7.828417036077078
7.8285292085911475
7.829826804869773
7.829938957187348
7.93331919391858
7.933376646390105
7.934732245312856
7.934789687553072
7.969169111836145
7.97058332539295
8.025076749339313
8.025149022192407
8.026489121634402
8.026561381770197
8.110325684135557
8.110350089379944
8.111739689258656
8.111764090248833
8.200102810510264
8.200142095550115
8.201516481797864
8.201555760066293
8.249091158546548
8.250505372103722
8.337374187488544
8.337389085134422
8.338788323852588
8.338803218972046
8.424746889794857
8.426161103352252
