-1.2212491787703568
-1.208680631764407
-1.2047501426909781
-1.1977743087270052
-1.196741659715864
-1.1836021035565718
-1.1819545777377285
-1.1746534178449102
-1.1677030087179816
-1.1622867685818925
-1.1591232461993604
-1.1549387617766478
-1.154236959607316
-1.149125630138219
-1.1366892859623559
-1.1140312742643332
-1.1104886804958762
-1.103007187562162
-1.0990577612160413
-1.0945251256265427
-1.0885759439314446
-1.0774568395264
-1.0643422743579056
-1.0596363193354914
-1.0574862781900385
-1.054453861159357
-1.0480717661520091
-1.047128584191646
-1.041332248814284
-1.039730971879194
-1.0347463714209784
-1.0331534200730914
-1.0299636432397707
-1.0226048999968949
-1.0210037698936212
-1.0158937615506358
-1.0125639861294038
-1.0059302032257604
-0.9995740043726162
-0.9964956976143935
-0.9933430410388523
-0.9904519729265022
-0.9866799066330743
-0.98455307843248
-0.9805894047269464
-0.978910011616759
-0.9742869015361377
-0.969124427199235
-0.9476114727122724
-0.9417314292196715
-0.936964726674586
-0.9316756356678232
-0.9277057504508806
-0.9241052795306991
-0.9153748950456521
-0.9126773025330296
-0.9116297036139746
-0.905244777622913
-0.903102277749146
-0.8994575793789619
-0.8990129209802259
-0.8940524498003296
-0.8913002061715147
-0.8844985067969897
-0.8819651348981238
-0.8803369839212734
-0.8730727999171954
-0.8663069933773293
-0.8646122297341389
-0.860280504041628
-0.8568790621237636
-0.8516512213022314
-0.8460048084933887
-0.8416661716493781
-0.8372749468947966
-0.8354557197703619
-0.8306207849431644
-0.8230618198942518
-0.8137420236410389
-0.8123525351710242
-0.8094764029427806
-0.8062396765385215
-0.793454993141771
-0.7844420108491851
-0.7795586832681306
-0.7771413382425535
-0.7708499423405785
-0.7624140560568974
-0.7271998405082368
-0.7206912594738687
-0.708769312746447
-0.6923469802777007
-0.6763460338218586
-0.6639257248951651
-0.6565291120842809
-0.6435833117971062
-0.6423282700941286
-0.6351986760715441
-0.6105944343045773
-0.5958380632357465
-0.583845927789892
-0.5751678817989578
-0.5614570719202882
-0.5549571481354207
-0.5197533438631111
-0.5162521535012912
-0.5036314349018269
-0.4902608558442908
-0.20578631859531085
-0.2002631479903202
-0.19857581954891879
-0.19394657460004736
-0.18911460807088298
-0.18856133915643677
-0.1815638772551169
-0.17878521994355417
-0.1715388585896444
-0.16913663839434623
-0.1590392460761306
-0.15801038141931967
-0.15257994629854665
-0.15091041546616504
-0.14810166916652884
-0.14043326450288623
-0.03922280614473759
-0.03686011807411389
-0.011245398812404172
-0.009965261293377334
0.00996526129337727
0.011245398812404099
0.03686011807411369
0.03922280614473742
0.14043326450288593
0.1481016691665294
0.15091041546616518
0.15257994629854701
0.15801038141932028
0.15903924607613085
0.1691366383943463
0.17153885858964438
0.17878521994355417
0.1815638772551174
0.1885613391564366
0.18911460807088282
0.19394657460004713
0.19857581954891923
0.20026314799032005
0.20578631859531044
0.4902608558442905
0.5036314349018268
0.516252153501291
0.5197533438631113
0.5549571481354206
0.5614570719202879
0.5751678817989577
0.5838459277898919
0.5958380632357471
0.6105944343045776
0.6351986760715442
0.6423282700941289
0.6435833117971065
0.6565291120842812
0.6639257248951653
0.6763460338218583
0.6923469802777005
0.7087693127464472
0.7206912594738688
0.7271998405082367
0.762414056056897
0.7708499423405786
0.7771413382425534
0.7795586832681303
0.784442010849185
0.7934549931417713
0.8062396765385214
0.8094764029427806
0.8123525351710233
0.8137420236410386
0.8230618198942518
0.8306207849431639
0.835455719770362
0.8372749468947968
0.8416661716493781
0.8460048084933888
0.8516512213022316
0.8568790621237633
0.8602805040416281
0.8646122297341392
0.8663069933773297
0.8730727999171954
0.8803369839212731
0.8819651348981237
0.8844985067969893
0.8913002061715145
0.8940524498003299
0.899012920980226
0.8994575793789633
0.9031022777491455
0.9052447776229124
0.9116297036139747
0.9126773025330297
0.9153748950456516
0.924105279530699
0.9277057504508806
0.931675635667823
0.9369647266745861
0.9417314292196715
0.9476114727122726
0.9691244271992348
0.9742869015361373
0.9789100116167598
0.9805894047269462
0.9845530784324804
0.9866799066330747
0.990451972926502
0.9933430410388521
0.9964956976143935
0.9995740043726162
1.0059302032257602
1.0125639861294036
1.0158937615506356
1.0210037698936212
1.022604899996895
1.0299636432397705
1.0331534200730914
1.0347463714209784
1.0397309718791938
1.0413322488142838
1.0471285841916456
1.048071766152009
1.054453861159357
1.0574862781900383
1.05963631933549
1.0643422743579056
1.0774568395263997
1.0885759439314446
1.094525125626543
1.0990577612160413
1.103007187562162
1.1104886804958762
1.114031274264333
1.136689285962356
1.149125630138219
1.154236959607316
1.1549387617766478
1.1591232461993604
1.1622867685818923
1.167703008717981
1.1746534178449104
1.181954577737729
1.1836021035565718
1.1967416597158644
1.197774308727005
1.2047501426909784
1.2086806317644072
1.2212491787703568
