-1.2244821080982897
-1.215385036630433
-1.2141525814777112
-1.2130413168495298
-1.2087415187281747
-1.2046466230056225
-1.2017180861115018
-1.200287058034407
-1.188992894257489
-1.1854424320916248
-1.180341684972386
-1.1741859078849628
-1.1727781273286397
-1.1699271332486754
-1.1660095559397858
-1.1635253161177566
-1.1495340133534195
-1.1445819036747011
-1.1411552752694072
-1.1379929584635977
-1.1313394418830867
-1.130524644210846
-1.1218589802380685
-1.1203309516534958
-1.114653425893376
-1.1095386677741244
-1.1090001148843045
-1.1018449373767574
-1.0967503097177116
-1.0959880464836103
-1.0928009524008995
-1.0891553623729957
-1.0871756811295323
-1.0867278608189692
-1.0823744432038622
-1.0782329683411873
-1.074400416957928
-1.0729990355595314
-1.0705421418233525
-1.0685141368025486
-1.0621081080784192
-1.0607666278975103
-1.0574148821255416
-1.0537676891994172
-1.0504704398785156
-1.0466514158535636
-1.0449954489104725
-1.040675957344727
-1.0390995124584035
-1.0337181264140367
-1.030241118861404
-1.029953417360416
-1.025591347735917
-1.0241702563116266
-1.0183752747305375
-1.0149433989606427
-1.009533258674555
-1.007395765590783
-1.0023983867374673
-0.997873050805588
-0.9951361808301888
-0.9939188070369558
-0.992575291684197
-0.9895543577194735
-0.9856359745158694
-0.9809227541178184
-0.9755782201098234
-0.9749449116838073
-0.9709021976789132
-0.9680142367454186
-0.9641848891707486
-0.961453852093957
-0.9585176152855318
-0.9526345888741095
-0.9442384557468223
-0.9419762547625132
-0.9381832827551433
-0.9365512090517201
-0.9325334413834461
-0.9266621061756467
-0.9230859463853462
-0.9203464809312522
-0.9163904862213956
-0.9131998120578085
-0.908077177316443
-0.8993959294503642
-0.898222247424429
-0.8936776800147802
-0.8919609437452727
-0.8897109467023923
-0.8872542558331141
-0.8821503514098066
-0.8766873601439356
-0.875893693824854
-0.870733895173515
-0.8678505142115365
-0.8588852558068865
-0.8562561729773076
-0.8436821685684796
-0.8423042553191911
-0.8398867777855034
-0.8377277851976535
-0.8295187943650826
-0.8257016821153241
-0.8204726061922892
-0.8119391502987008
-0.8055507915907049
-0.8017917919424747
-0.7983075497717499
-0.7880505767528738
-0.7867337319536494
-0.7845246039224113
-0.7775418382064595
-0.7715530684323952
-0.7674601711289442
-0.7650482700142897
-0.7632071564425411
-0.7555875869831884
-0.7482859250687605
-0.744278964238938
-0.7192871759539801
-0.7182066853901132
-0.7100375372103047
-0.7062548060424212
-0.7025621434934919
-0.69998009044719
-0.696857025836656
-0.6930026280084985
0.6930026280084982
0.6968570258366559
0.6999800904471905
0.702562143493492
0.706254806042421
0.7100375372103047
0.7182066853901132
0.71928717595398
0.7442789642389379
0.7482859250687601
0.7555875869831884
0.7632071564425412
0.7650482700142901
0.767460171128944
0.7715530684323955
0.7775418382064598
0.7845246039224115
0.7867337319536496
0.7880505767528739
0.7983075497717499
0.8017917919424749
0.805550791590705
0.811939150298701
0.8204726061922893
0.8257016821153246
0.8295187943650826
0.8377277851976535
0.8398867777855035
0.842304255319191
0.8436821685684794
0.8562561729773074
0.8588852558068865
0.8678505142115365
0.8707338951735151
0.875893693824854
0.8766873601439353
0.8821503514098064
0.8872542558331143
0.8897109467023921
0.8919609437452726
0.8936776800147807
0.8982222474244287
0.8993959294503638
0.9080771773164429
0.9131998120578083
0.9163904862213956
0.9203464809312522
0.9230859463853459
0.9266621061756468
0.9325334413834461
0.9365512090517206
0.9381832827551433
0.9419762547625129
0.9442384557468221
0.9526345888741095
0.9585176152855319
0.9614538520939571
0.9641848891707486
0.9680142367454192
0.9709021976789133
0.9749449116838071
0.9755782201098239
0.9809227541178184
0.985635974515869
0.9895543577194735
0.992575291684197
0.9939188070369557
0.9951361808301887
0.9978730508055863
1.0023983867374673
1.007395765590783
1.0095332586745551
1.0149433989606425
1.0183752747305372
1.0241702563116266
1.0255913477359169
1.0299534173604157
1.030241118861404
1.0337181264140365
1.0390995124584037
1.040675957344727
1.0449954489104725
1.0466514158535636
1.050470439878516
1.0537676891994174
1.0574148821255414
1.06076662789751
1.0621081080784194
1.0685141368025484
1.0705421418233525
1.0729990355595314
1.0744004169579278
1.0782329683411875
1.0823744432038624
1.0867278608189692
1.0871756811295323
1.0891553623729957
1.0928009524008995
1.09598804648361
1.0967503097177114
1.1018449373767571
1.1090001148843043
1.1095386677741244
1.114653425893376
1.120330951653496
1.1218589802380683
1.1305246442108465
1.131339441883086
1.1379929584635975
1.1411552752694074
1.1445819036747014
1.1495340133534195
1.1635253161177566
1.1660095559397858
1.1699271332486751
1.1727781273286397
1.1741859078849628
1.180341684972386
1.1854424320916248
1.1889928942574892
1.2002870580344065
1.2017180861115013
1.2046466230056225
1.208741518728175
1.2130413168495295
1.2141525814777108
1.2153850366304328
1.2244821080982897
