-1.2987324469407449
-1.298732446940744
-1.2962465018345481
-1.2962465018345481
-1.2940631951313453
-1.294063195131345
-1.2898332887212336
-1.2898332887212332
-1.270320843275162
-1.2703208432751618
-1.2631672795972073
-1.263167279597207
-1.2444841839059757
-1.2444841839059748
-1.238271584163016
-1.2382715841630156
-1.2092780563281476
-1.2092780563281473
-1.1993388142925747
-1.199338814292574
-1.174738799367962
-1.1747387993679619
-1.1595633591417882
-1.1595633591417882
-1.1507721480172313
-1.150772148017231
-1.1496396948750232
-1.149639694875023
-1.1279246506849983
-1.127924650684998
-1.1237915921240498
-1.1237915921240498
-1.1222414531412148
-1.1222414531412146
-1.1132437282023444
-1.1132437282023444
-1.1110734821261843
-1.111073482126184
-1.0996154554000825
-1.0996154554000819
-1.0864383817200503
-1.0864383817200496
-1.0836942732526362
-1.083694273252636
-1.0695276082098866
-1.0695276082098866
-1.0657546492124854
-1.0657546492124852
-1.0294381247665993
-1.0294381247665991
-1.0176258194231802
-1.01762581942318
-0.9931456347236631
-0.9931456347236629
-0.9926419012946422
-0.9926419012946421
-0.9789648723328317
-0.9789648723328311
-0.9747944226974413
-0.9747944226974408
-0.9690708059940625
-0.9690708059940619
-0.9663246159944011
-0.9663246159944009
-0.9574578160971298
-0.9574578160971298
-0.9565986350739735
-0.9565986350739734
-0.9368591941315735
-0.9368591941315733
-0.934924886471131
-0.9349248864711304
-0.9217154080891885
-0.9217154080891883
-0.9145011435465079
-0.9145011435465072
-0.9015828761550679
-0.9015828761550672
-0.8980076291959456
-0.8980076291959448
-0.8838419279092024
-0.8838419279092015
-0.8503121653015899
-0.8503121653015896
-0.8433935342929486
-0.843393534292948
-0.8331640107928617
-0.8331640107928612
-0.7850903034701568
-0.7850903034701568
-0.7605574473883356
-0.7605574473883353
-0.7136965775425381
-0.7136965775425378
-0.7028638067455801
-0.7028638067455799
-0.69139295531622
-0.6913929553162198
-0.6511728045443799
-0.6511728045443796
-0.6193791100487287
-0.6193791100487284
-0.6051892955819042
-0.6051892955819036
-0.5624995157406578
-0.5624995157406577
-0.5569867457485064
-0.5569867457485062
-0.21331303049720335
-0.21331303049720304
-0.21159417244659423
-0.21159417244659423
-0.20189436581935255
-0.2018943658193525
-0.19768307854327957
-0.1976830785432793
-0.18816133830450663
-0.18816133830450646
-0.17178699209948883
-0.17178699209948875
-0.1657514963365583
-0.1657514963365582
-0.16305363228418548
-0.1630536322841852
-0.04101355525175655
-0.04101355525175599
-0.012073902691661571
-0.012073902691661564
0.012073902691661358
0.012073902691661689
0.04101355525175629
0.0410135552517566
0.16305363228418543
0.1630536322841855
0.16575149633655814
0.1657514963365585
0.17178699209948894
0.17178699209948906
0.1881613383045066
0.18816133830450713
0.1976830785432794
0.19768307854327963
0.20189436581935244
0.20189436581935244
0.2115941724465939
0.2115941724465939
0.21331303049720332
0.21331303049720354
0.5569867457485063
0.5569867457485067
0.5624995157406575
0.5624995157406578
0.6051892955819035
0.6051892955819039
0.6193791100487281
0.6193791100487287
0.6511728045443795
0.6511728045443796
0.6913929553162199
0.6913929553162199
0.70286380674558
0.70286380674558
0.7136965775425376
0.7136965775425377
0.7605574473883355
0.7605574473883356
0.7850903034701568
0.7850903034701571
0.8331640107928612
0.8331640107928615
0.8433935342929479
0.8433935342929486
0.8503121653015896
0.8503121653015899
0.8838419279092016
0.8838419279092017
0.8980076291959449
0.8980076291959452
0.9015828761550673
0.9015828761550676
0.9145011435465076
0.9145011435465082
0.9217154080891885
0.921715408089189
0.9349248864711304
0.9349248864711311
0.9368591941315734
0.9368591941315739
0.9565986350739735
0.956598635073974
0.9574578160971291
0.95745781609713
0.966324615994401
0.966324615994401
0.9690708059940617
0.9690708059940619
0.9747944226974405
0.974794422697441
0.9789648723328312
0.9789648723328314
0.992641901294642
0.9926419012946425
0.9931456347236629
0.9931456347236631
1.0176258194231798
1.0176258194231802
1.029438124766599
1.0294381247665993
1.0657546492124852
1.0657546492124854
1.0695276082098861
1.069527608209887
1.0836942732526362
1.0836942732526365
1.0864383817200498
1.08643838172005
1.0996154554000819
1.0996154554000823
1.1110734821261838
1.1110734821261843
1.113243728202344
1.1132437282023442
1.1222414531412144
1.1222414531412146
1.1237915921240496
1.12379159212405
1.127924650684998
1.1279246506849983
1.1496396948750227
1.1496396948750232
1.1507721480172315
1.1507721480172317
1.1595633591417878
1.1595633591417878
1.1747387993679623
1.1747387993679625
1.1993388142925738
1.1993388142925756
1.2092780563281473
1.2092780563281473
1.2382715841630163
1.2382715841630163
1.2444841839059755
1.2444841839059757
1.2631672795972073
1.2631672795972075
1.2703208432751618
1.270320843275162
1.2898332887212345
1.2898332887212345
1.2940631951313448
1.2940631951313455
1.2962465018345481
1.2962465018345486
1.2987324469407446
1.2987324469407453
