-3.0964743438421745
-3.0964743305476152
-3.084071835013779
-3.0840718348863887
-3.0807583345171046
-3.0807583338888307
-3.0621065200596256
-3.062106507071783
-2.992666097514394
-2.992666087800638
-2.9646520666399825
-2.9646520643352257
-2.930527084294745
-2.930527081690703
-2.907611384523853
-2.90761137706056
-2.8305080427070735
-2.8305080368842854
-2.7951195349887805
-2.7951195314408843
-2.740101078649543
-2.740101070909586
-2.7197626742702927
-2.7197626674578093
-2.7159668342696075
-2.715966828787571
-2.664746816136985
-2.6647468119969195
-2.645473601460739
-2.6454735977724866
-2.6132744140589734
-2.6132744139165567
-2.5814861626006835
-2.58148616121598
-2.5592927850112845
-2.559292779197237
-2.5480547805129197
-2.5480547709201566
-2.5192580434462917
-2.519258038733605
-2.513398707209845
-2.513398698937062
-2.513163835210616
-2.513163834117406
-2.4870336486735143
-2.4870336476447803
-2.4509900627132333
-2.450990059740339
-2.419067939936054
-2.419067933692872
-2.413412325948483
-2.4134123234145806
-2.3950485923731333
-2.395048590681947
-2.3524471407055283
-2.352447138883558
-2.3326695061485587
-2.33266950463413
-2.305098989516314
-2.305098986085603
-2.2785490920815907
-2.278549090020291
-2.247779185719974
-2.247779184219079
-2.2020579608181947
-2.2020579587719364
-2.1668145033940176
-2.166814501021608
-2.1458016012634604
-2.1458015911294877
-2.1247052819905003
-2.1247052816640566
-2.1083423638744336
-2.1083423621200836
-2.038908782673045
-2.0389087800889403
-1.9707967534909305
-1.9707967496447256
-1.9608459235774018
-1.960845923135517
-1.9317710517012519
-1.9317710473151124
-1.8762981495426776
-1.8762981460908001
-1.8668476815267687
-1.8668476761571493
-1.8445570887426461
-1.8445570886274796
-1.8188761630987056
-1.818876160906258
-1.803480041484972
-1.8034800366134471
-1.7573606159232278
-1.7573606090009213
-1.6786301263288965
-1.678630124042982
-1.6478307114902049
-1.647830708475447
-1.5405249741184963
-1.5405249705838604
-1.5198298825581797
-1.5198298742007104
-1.4674437897597095
-1.467443789036618
-1.3967372744330433
-1.3967372700264986
-1.3728381082507075
-1.3728381077582519
-1.1816491698255045
-1.181649164146553
-1.169955266487633
-1.169955262991859
-1.115949924691267
-1.1159499217769941
-1.0687504722292458
-1.068750472155255
-1.0169123846651602
-1.016912383089942
-0.945637179029026
-0.945637170954733
-0.864975828061359
-0.8649758178663638
-0.7913033939367257
-0.7913033936246361
-0.7305693134661637
-0.7305693111053974
-0.6694685129363535
-0.6694685024149675
0.6694685024149674
0.6694685129363536
0.7305693111053977
0.730569313466163
0.791303393624635
0.7913033939367256
0.8649758178663646
0.8649758280613585
0.945637170954732
0.9456371790290259
1.0169123830899427
1.01691238466516
1.0687504721552543
1.0687504722292456
1.1159499217769941
1.1159499246912672
1.1699552629918595
1.1699552664876316
1.1816491641465525
1.1816491698255036
1.3728381077582525
1.3728381082507075
1.3967372700264984
1.3967372744330433
1.467443789036617
1.4674437897597097
1.5198298742007095
1.5198298825581795
1.5405249705838617
1.540524974118496
1.647830708475447
1.6478307114902055
1.678630124042982
1.6786301263288963
1.757360609000922
1.7573606159232276
1.803480036613448
1.8034800414849723
1.8188761609062585
1.8188761630987056
1.8445570886274796
1.8445570887426468
1.86684767615715
1.8668476815267687
1.8762981460908001
1.8762981495426792
1.9317710473151122
1.9317710517012514
1.960845923135517
1.9608459235774003
1.970796749644724
1.9707967534909305
2.0389087800889403
2.0389087826730443
2.108342362120083
2.1083423638744336
2.124705281664057
2.1247052819905003
2.1458015911294877
2.1458016012634604
2.166814501021608
2.1668145033940176
2.202057958771935
2.202057960818195
2.247779184219079
2.247779185719974
2.2785490900202903
2.27854909208159
2.3050989860856035
2.3050989895163148
2.3326695046341315
2.3326695061485596
2.3524471388835577
2.3524471407055283
2.3950485906819465
2.395048592373133
2.4134123234145775
2.4134123259484848
2.419067933692872
2.419067939936053
2.450990059740339
2.450990062713233
2.4870336476447803
2.4870336486735147
2.5131638341174076
2.513163835210617
2.513398698937063
2.513398707209845
2.519258038733605
2.5192580434462917
2.548054770920157
2.5480547805129197
2.559292779197237
2.5592927850112845
2.58148616121598
2.5814861626006826
2.6132744139165576
2.613274414058974
2.645473597772488
2.6454736014607385
2.6647468119969187
2.6647468161369847
2.7159668287875696
2.715966834269607
2.7197626674578084
2.7197626742702936
2.740101070909585
2.740101078649543
2.7951195314408843
2.79511953498878
2.8305080368842854
2.8305080427070735
2.9076113770605576
2.907611384523853
2.930527081690703
2.9305270842947433
2.9646520643352257
2.9646520666399825
2.9926660878006377
2.992666097514393
3.0621065070717837
3.0621065200596265
3.08075833388883
3.0807583345171046
3.0840718348863887
3.084071835013777
3.096474330547615
3.0964743438421736
