-9.19959017463196
-9.151332331341363
-9.13074572948712
-9.119078104580327
-9.086761019137379
-9.033852793661204
-9.023636746608283
-8.988712351535886
-8.927580778319617
-8.917483940783677
-8.899396168326371
-8.888280279073912
-8.865077024313148
-8.853941785061147
-8.8437243198242
-8.828087610343607
-8.767527281674163
-8.734920377238744
-8.727500192196938
-8.690566412509014
-8.684007530898494
-8.664206312977052
-8.65564273588287
-8.622873672391634
-8.601557549904973
-8.577249212685286
-8.556476723719067
-8.533388368217501
-8.518925090125753
-8.511834897782546
-8.482297477555395
-8.474562671691551
-8.46599356894177
-8.449628828425999
-8.441542362923466
-8.41111281387978
-8.389173229234052
-8.375568186737148
-8.344764575301056
-8.323949735374427
-8.312639624895292
-8.292603581362476
-8.275473597169766
-8.266506532420548
-8.25476006484956
-8.242595617818077
-8.225794369539578
-8.218823804856985
-8.188178119379018
-8.181126162860494
-8.153593573257993
-8.143071748808847
-8.129529129577648
-8.108858794624643
-8.082928551471607
-8.07576620134747
-8.052074670700835
-8.045589841473147
-8.028624668518493
-8.01543618463554
-7.980958907614556
-7.970593926182337
-7.953269957680404
-7.951359382553808
-7.908429150407708
-7.906677047626584
-7.884811936990447
-7.867667890729546
-7.8646261111529805
-7.858610372735903
-7.82515347968934
-7.813133082988999
-7.787579998744988
-7.767286271266637
-7.7569224530947825
-7.7497601408398475
-7.735516258537924
-7.691931309584128
-7.68450607102857
-7.670106197655791
-7.6403269305342425
-7.637680275676214
-7.608608979137862
-7.603239354847654
-7.571522719994524
-7.553525799076398
-7.5480188992937425
-7.542256364394465
-7.5076506604551065
-7.484285185253003
-7.476636612199567
-7.4537608368689465
-7.437604549161672
-7.421070255178946
-7.408880172400048
-7.391895821571921
-7.356382979822558
-7.329139033458273
-7.308346073646781
-7.291508866337135
-7.2613571108700725
-7.2384681559236075
-7.223584311248225
-7.194847332803423
-7.15185349448424
-7.133740946532665
-7.107975956200307
-7.082409358642099
-7.064153891482157
-7.0596343747675405
-7.03604403631145
-7.012469885140199
-7.004290064266078
-6.981228460429838
-6.961315197073262
-6.941976735573676
-6.937390340981075
-6.893143417294844
-6.857427463768122
-6.831130223255581
-6.779454093336188
-6.743023739354638
-6.734171715762299
-6.699900869367988
-6.68187870565352
-6.637394083533994
-6.604623855587071
-6.567312676484363
6.567312676484367
6.604623855587066
6.637394083533996
6.681878705653516
6.699900869367985
6.734171715762302
6.743023739354636
6.779454093336187
6.83113022325558
6.857427463768125
6.893143417294844
6.937390340981074
6.941976735573675
6.9613151970732625
6.981228460429837
7.004290064266076
7.012469885140198
7.03604403631145
7.05963437476754
7.064153891482155
7.082409358642099
7.107975956200306
7.133740946532662
7.151853494484241
7.194847332803423
7.223584311248227
7.238468155923608
7.261357110870072
7.291508866337134
7.308346073646781
7.329139033458272
7.356382979822559
7.391895821571921
7.408880172400047
7.4210702551789485
7.437604549161672
7.4537608368689465
7.476636612199565
7.484285185253005
7.5076506604551065
7.542256364394467
7.548018899293743
7.5535257990763975
7.571522719994524
7.603239354847657
7.608608979137862
7.637680275676214
7.640326930534246
7.67010619765579
7.68450607102857
7.691931309584128
7.735516258537926
7.749760140839847
7.75692245309478
7.767286271266637
7.787579998744992
7.813133082989001
7.825153479689341
7.858610372735901
7.8646261111529805
7.867667890729547
7.884811936990448
7.906677047626588
7.908429150407708
7.951359382553806
7.953269957680403
7.970593926182335
7.980958907614558
8.015436184635542
8.028624668518491
8.045589841473145
8.052074670700836
8.075766201347468
8.082928551471607
8.108858794624643
8.129529129577648
8.143071748808847
8.153593573257995
8.181126162860492
8.18817811937902
8.218823804856983
8.225794369539576
8.242595617818079
8.254760064849561
8.266506532420546
8.275473597169768
8.292603581362476
8.31263962489529
8.323949735374429
8.344764575301056
8.375568186737151
8.38917322923405
8.411112813879782
8.441542362923467
8.449628828425999
8.46599356894177
8.474562671691553
8.4822974775554
8.511834897782542
8.518925090125753
8.533388368217501
8.556476723719067
8.577249212685286
8.601557549904973
8.622873672391634
8.655642735882868
8.664206312977052
8.684007530898493
8.690566412509009
8.727500192196937
8.734920377238744
8.76752728167416
8.828087610343605
8.843724319824203
8.853941785061146
8.865077024313143
8.88828027907391
8.89939616832637
8.917483940783677
8.92758077831962
8.988712351535884
9.023636746608283
9.033852793661202
9.086761019137379
9.119078104580327
9.13074572948712
9.151332331341363
9.199590174631961
