-9.03425605506295
-9.006454527084385
-8.959283116884016
-8.946253394627549
-8.894238206111016
-8.873805029164721
-8.853809898110933
-8.809584188198695
-8.757318833065993
-8.751960947161942
-8.726579976870802
-8.709754767548208
-8.637046902892147
-8.61331775470437
-8.599336139585503
-8.533443920007599
-8.516818148630959
-8.43980528102448
-8.41445234084005
-8.396392495282264
-8.389080882934168
-8.353728034216854
-8.309844529154663
-8.289372590348481
-8.233092244632918
-8.191010447054625
-8.130126932763872
-8.108364716928222
-8.102928289971542
-8.096242562164432
-8.08492619017559
-8.074426845592722
-8.046211492751256
-8.013304017196987
-8.003855416243985
-7.99359451627275
-7.96632991203247
-7.927160351053056
-7.91346772166406
-7.886873663524465
-7.858566792050779
-7.857075267027539
-7.812077345358141
-7.791576361295919
-7.767319610138492
-7.731791830389059
-7.693766652014599
-7.67390137091679
-7.645807807036612
-7.6221153644448
-7.566861420884755
-7.497180779118893
-7.40979339733752
-7.369640679456919
-7.355578762490256
-7.334460875037707
-7.256059708416966
-7.243661353467899
-7.222519540184971
-7.1882561706808215
-7.150988645087182
-7.1137128222104415
-7.105328204950274
-7.089194471541337
-7.0877815883485065
-7.052874709243207
-6.911552817381651
-6.834936361951732
-6.614866557631706
-6.5617708731071005
-6.537509466082705
-6.520364218439257
-6.510780109162274
-6.473522830689445
-6.373150264503783
-6.330868511230129
-6.319904828109688
-6.304326789937264
-6.293555913928645
-6.11220872088794
-6.094763296945618
-6.068610564368946
-6.000893032802675
-5.998499109398121
-5.882565540067695
-5.8154568892869785
-5.750969803461549
-5.7042610736381665
-5.560509922597937
-5.456308386647043
-5.444063249395529
-5.414310000971328
-5.350684866900056
-5.2743882317830275
-5.261756640461499
-5.099159482079513
-5.062303956971366
-5.056944473733422
-4.938434303173003
-4.883780541447612
-4.8139343315181256
-4.737977046696343
-4.718963948553019
-4.590885299194635
-4.542111507211806
-4.473625313798633
-4.469317036025482
-4.362412025280543
-0.8504710085306536
-0.8242772428655948
-0.8181512424689186
-0.8104027462151824
-0.804074393807623
-0.7921903178365384
-0.7871024382549164
-0.7805052611790465
-0.7706652781091945
-0.7637338108370095
-0.7547586518278255
-0.7502192167775021
-0.7304374475416423
-0.7246978262216942
-0.7149897830380673
-0.7015467597695451
-0.061391182950367516
-0.05521615089224845
-0.0037015040699498267
-0.003256449116896292
0.0032564369717666035
0.0037015158728177164
0.055216150958840846
0.06139118277766434
0.7015467602963659
0.714989783677377
0.7246978276506221
0.730437447735479
0.7502192154231838
0.7547586517501399
0.7637338107676548
0.7706652776833195
0.7805052617232885
0.7871024382379163
0.7921903181108335
0.8040743936511551
0.8104027471935282
0.8181512419783664
0.8242772423031106
0.850471008692093
4.362412044352737
4.46931703606931
4.473625313652286
4.542111488053994
4.59088531794653
4.718963948924835
4.737977046650338
4.813934312469762
4.883780542381259
4.938434303566168
5.056944490555194
5.062303973130145
5.0991594837390215
5.261756640307244
5.274388213486303
5.350684882218398
5.414310001717737
5.444063251651056
5.456308370033083
5.560509904537451
5.704261090755139
5.750969803871963
5.81545688875583
5.882565522860082
5.998499112919301
6.000893035589273
6.068610581461848
6.09476329805882
6.112208730723942
6.29355590853206
6.30432678963068
6.319904846970584
6.330868498848077
6.373150263394539
6.473522815493617
6.510780091049879
6.520364237200432
6.537509466032844
6.561770871783168
6.614866539377257
6.834936354668015
6.911552811788261
7.0528747154309315
7.0877815874101975
7.089194463977755
7.105328207027664
7.1137128290977065
7.150988653166802
7.188256165284869
7.222519545611744
7.243661349767302
7.256059703184269
7.334460868817576
7.35557876130305
7.369640682843143
7.4097933978363555
7.497180779661783
7.566861414168047
7.622115365536841
7.64580780118486
7.6739013778153256
7.693766651530842
7.731791828913555
7.767319604126115
7.791576361731017
7.812077348680865
7.857075266990697
7.85856679063639
7.886873666653915
7.913467726615908
7.927160350994023
7.966329919272595
7.993594514657249
8.003855416354078
8.013304015473887
8.046211493257935
8.074426846844759
8.084926191380669
8.096242561617046
8.102928285180274
8.108364708831584
8.130126930080884
8.191010449536256
8.233092244422688
8.289372588990625
8.3098445258364
8.353728037437584
8.38908088573211
8.396392497911487
8.414452344155041
8.439805276529263
8.516818144112266
8.533443924660434
8.599336140865447
8.61331775560191
8.63704690478579
8.709754770124038
8.726579976621913
8.751960946671776
8.757318838615104
8.80958418454947
8.853809905629088
8.873805035089262
8.894238202917771
8.946253385253321
8.959283120600416
9.006454517959629
9.034256066205845
