-1.1125336190723154
-1.1095436248772739
-1.1076312030437163
-1.1070333918603348
-1.1065477932319359
-1.1029458523866356
-1.1019237333808773
-1.099426979237095
-1.0867951759153902
-1.08548915593532
-1.079373276152973
-1.0790805915068908
-1.0641487009317787
-1.0626742299508403
-1.0590082816445021
-1.055916074092871
-1.0337640162983488
-1.0320672300425102
-1.0239346909968479
-1.0229277933466823
-1.0039647193109642
-1.0018008022224785
-0.9908302250699088
-0.9901793241666995
-0.9863762679089535
-0.9854522470022573
-0.9828706813380541
-0.9787370753070073
-0.9643649193532274
-0.9633817901648766
-0.9614059983642426
-0.9604645152346066
-0.9590688587116705
-0.9566445377150764
-0.9522061887987218
-0.9516081665181448
-0.9484707973880436
-0.9477711351462785
-0.9402832404803356
-0.9387486400613251
-0.9309072708263415
-0.9280055770393627
-0.9267371971625695
-0.9224710198937576
-0.914203476656749
-0.9140786766189664
-0.9101594066807772
-0.9080321193136601
-0.8798052406834724
-0.8780138162632971
-0.8683427402030742
-0.8678465560054219
-0.8517227041730818
-0.8507435784394255
-0.8475945225517643
-0.8471577084647426
-0.8381099538468283
-0.8362660728112863
-0.8330950360467914
-0.8319523145116258
-0.8287685792630679
-0.827825849880826
-0.8261498117156618
-0.8229660357648677
-0.820248624217131
-0.81897233050456
-0.8175278841748742
-0.8171239240338992
-0.8018376305045238
-0.800745377899332
-0.7990886676768805
-0.7989260288835497
-0.7898321912890773
-0.7862443165193561
-0.7817960270928049
-0.7816781725306935
-0.7715191880765153
-0.7702755925356335
-0.7681877691773507
-0.7661219045730354
-0.7568410003733941
-0.7538361528396348
-0.7279365758396067
-0.7263179866992746
-0.7213348745243136
-0.7199188868391889
-0.7133404856526636
-0.7112197678733901
-0.6724353419557471
-0.6703571016666021
-0.6509107194462216
-0.6500577409255469
-0.6115717698118605
-0.6096716558952238
-0.6029071168916917
-0.6015216671182945
-0.5919058056277426
-0.5903468027272176
-0.559075866346286
-0.5564700767184247
-0.5313076129854359
-0.5278677293759282
-0.5178856078368261
-0.5164020669704987
-0.4811921951934925
-0.47973484749047013
-0.4747032770001771
-0.47400488729716445
-0.18210926011668438
-0.1814984800185909
-0.18060039951048096
-0.17960658890209247
-0.17217495287327864
-0.17161392709886478
-0.1694017818198294
-0.16807897923874596
-0.1616236444966483
-0.16002586779103642
-0.1472795058707775
-0.14616049758465585
-0.14183200209179844
-0.14153935146432234
-0.1394188187920145
-0.13891840134633
-0.035142429409622374
-0.03470667194814399
-0.01047024842970723
-0.010201009602021794
0.010201009602021586
0.010470248429706959
0.03470667194814401
0.035142429409622165
0.1389184013463301
0.1394188187920145
0.1415393514643224
0.1418320020917987
0.14616049758465569
0.14727950587077737
0.1600258677910363
0.16162364449664798
0.16807897923874585
0.16940178181982948
0.1716139270988647
0.17217495287327853
0.17960658890209247
0.18060039951048132
0.18149848001859076
0.18210926011668424
0.4740048872971644
0.4747032770001772
0.47973484749047024
0.4811921951934925
0.5164020669704988
0.5178856078368261
0.5278677293759284
0.5313076129854362
0.5564700767184246
0.5590758663462855
0.5903468027272175
0.5919058056277428
0.6015216671182944
0.6029071168916921
0.6096716558952237
0.6115717698118603
0.6500577409255474
0.650910719446222
0.6703571016666022
0.6724353419557471
0.7112197678733905
0.7133404856526638
0.7199188868391891
0.7213348745243139
0.7263179866992748
0.7279365758396067
0.7538361528396347
0.7568410003733937
0.7661219045730353
0.7681877691773507
0.7702755925356335
0.7715191880765145
0.7816781725306935
0.7817960270928052
0.7862443165193561
0.7898321912890774
0.79892602888355
0.7990886676768805
0.8007453778993319
0.8018376305045237
0.8171239240338992
0.8175278841748747
0.81897233050456
0.8202486242171311
0.8229660357648674
0.8261498117156619
0.8278258498808261
0.8287685792630679
0.8319523145116255
0.8330950360467914
0.8362660728112862
0.838109953846828
0.8471577084647426
0.8475945225517642
0.8507435784394257
0.8517227041730818
0.867846556005422
0.8683427402030744
0.878013816263297
0.8798052406834725
0.9080321193136606
0.9101594066807775
0.9140786766189666
0.9142034766567491
0.9224710198937571
0.9267371971625699
0.9280055770393628
0.9309072708263413
0.9387486400613251
0.9402832404803357
0.9477711351462781
0.9484707973880436
0.9516081665181448
0.9522061887987212
0.9566445377150763
0.9590688587116699
0.9604645152346066
0.9614059983642422
0.9633817901648766
0.9643649193532273
0.978737075307007
0.9828706813380539
0.9854522470022573
0.9863762679089533
0.9901793241666993
0.9908302250699088
1.0018008022224785
1.0039647193109642
1.022927793346682
1.0239346909968476
1.03206723004251
1.0337640162983488
1.0559160740928708
1.0590082816445026
1.0626742299508398
1.0641487009317785
1.0790805915068915
1.0793732761529735
1.0854891559353197
1.0867951759153902
1.099426979237095
1.1019237333808773
1.102945852386635
1.1065477932319359
1.1070333918603363
1.1076312030437159
1.109543624877274
1.1125336190723154
