-1.2772101494521706
-1.2747213192253288
-1.274295060806402
-1.2723828951857477
-1.270769170072191
-1.2697711121376933
-1.267040606947046
-1.2644069798968736
-1.2497368739638026
-1.248447089325939
-1.2429431815061958
-1.2422158465951845
-1.241654122120398
-1.239843250473896
-1.2354035647596577
-1.233666021311248
-1.2204003515711996
-1.2194508140522893
-1.215491893714962
-1.2142969513159745
-1.2134214336551326
-1.2109501323522531
-1.2045203401709588
-1.2030134229737857
-1.1972970826838818
-1.1950694556167485
-1.1921260317364586
-1.19041734415475
-1.1856564405387433
-1.1849242417234178
-1.1819204821507043
-1.1804957004619532
-1.1755100725822343
-1.1747459870520274
-1.172999132100671
-1.170916771254805
-1.1626402104650355
-1.1617257886673773
-1.160568000049955
-1.1600092839203426
-1.1588807467614703
-1.1577772027884174
-1.1567139087056546
-1.1553421805592747
-1.1456412527740514
-1.14400675414352
-1.1430410832403686
-1.1413020693924865
-1.1341744107236724
-1.1332958991375035
-1.1297759000853702
-1.129000826331738
-1.1282691331362298
-1.1267930386369962
-1.1242732358319154
-1.1206596991503865
-1.114055724679973
-1.1125991262273238
-1.1104030592166425
-1.1092676313486165
-1.0999285312967868
-1.0985295564510371
-1.0979951533548196
-1.0956064342666543
-1.095279454788527
-1.0951265750909158
-1.0936051654675611
-1.0915670538634525
-1.0832848886048478
-1.0823130559853849
-1.0802525963309058
-1.0794070665311506
-1.071021126175404
-1.0706389131645766
-1.0637241424401422
-1.061937783117466
-1.0611467665922498
-1.0586492050327123
-1.0581791127819047
-1.0560024184326395
-1.0478038570641397
-1.0467628210059707
-1.0448564678763599
-1.0433572377241986
-1.0320004761781598
-1.030535860351816
-1.0300282231465092
-1.0286877729815418
-1.0282771676742277
-1.026521587225532
-1.0260086293454809
-1.0242013125323257
-1.014892756931405
-1.0140777766854383
-1.0121947815021626
-1.0105296507053572
-0.9984463021738248
-0.9973278001377269
-0.9935453542511612
-0.990141407621003
-0.987949397846589
-0.9853566834357234
-0.9843336178630304
-0.9817213384935981
-0.9732184442851582
-0.9701410754207742
-0.9646486715712216
-0.9622705272709998
-0.9587666679428268
-0.9584815125805107
-0.9566720225432717
-0.9531294326858909
-0.9400793227694747
-0.9383588313839287
-0.9322329634115967
-0.9300507031914216
-0.9283838081109169
-0.9282619525097128
-0.9200330417805817
-0.9177802639324122
-0.9008879787192896
-0.8984149763258626
-0.8927511470062497
-0.8914125660578223
-0.8898755112427909
-0.8881623847985738
-0.8862560996653257
-0.8831197949889927
0.8831197949889925
0.886256099665326
0.8881623847985735
0.8898755112427909
0.8914125660578224
0.8927511470062492
0.8984149763258623
0.9008879787192896
0.9177802639324122
0.9200330417805805
0.9282619525097129
0.9283838081109171
0.9300507031914217
0.9322329634115969
0.938358831383929
0.940079322769475
0.9531294326858906
0.9566720225432711
0.9584815125805115
0.958766667942827
0.9622705272709998
0.9646486715712219
0.970141075420774
0.9732184442851582
0.9817213384935981
0.9843336178630312
0.9853566834357232
0.987949397846589
0.9901414076210029
0.9935453542511611
0.9973278001377268
0.9984463021738246
1.0105296507053574
1.0121947815021628
1.0140777766854385
1.0148927569314048
1.0242013125323257
1.0260086293454809
1.026521587225532
1.0282771676742273
1.0286877729815418
1.030028223146509
1.0305358603518162
1.0320004761781603
1.0433572377241984
1.0448564678763599
1.046762821005971
1.04780385706414
1.0560024184326395
1.0581791127819045
1.0586492050327123
1.06114676659225
1.0619377831174657
1.0637241424401418
1.0706389131645766
1.0710211261754037
1.0794070665311508
1.0802525963309058
1.082313055985385
1.0832848886048474
1.0915670538634528
1.0936051654675614
1.0951265750909156
1.095279454788527
1.0956064342666547
1.0979951533548202
1.0985295564510376
1.0999285312967866
1.1092676313486165
1.1104030592166425
1.1125991262273243
1.114055724679973
1.1206596991503865
1.1242732358319154
1.126793038636996
1.1282691331362305
1.1290008263317381
1.12977590008537
1.133295899137504
1.134174410723672
1.1413020693924871
1.1430410832403686
1.1440067541435197
1.1456412527740516
1.1553421805592745
1.1567139087056546
1.1577772027884172
1.15888074676147
1.1600092839203424
1.1605680000499543
1.1617257886673777
1.1626402104650357
1.170916771254805
1.172999132100671
1.1747459870520272
1.1755100725822343
1.1804957004619534
1.1819204821507046
1.184924241723418
1.1856564405387429
1.19041734415475
1.1921260317364586
1.1950694556167483
1.197297082683882
1.203013422973785
1.204520340170959
1.2109501323522531
1.2134214336551332
1.2142969513159754
1.2154918937149628
1.2194508140522895
1.2204003515711999
1.2336660213112483
1.2354035647596582
1.2398432504738968
1.2416541221203983
1.2422158465951851
1.242943181506196
1.2484470893259383
1.2497368739638024
1.2644069798968738
1.2670406069470455
1.2697711121376931
1.270769170072191
1.272382895185747
1.2742950608064014
1.2747213192253288
1.2772101494521704
