-1.1125336190723152
-1.1095436248772739
-1.1076312030437159
-1.1070333918603346
-1.1065477932319354
-1.1029458523866351
-1.101923733380877
-1.0994269792370945
-1.0867951759153904
-1.08548915593532
-1.079373276152973
-1.0790805915068904
-1.0641487009317785
-1.0626742299508398
-1.0590082816445021
-1.055916074092871
-1.0337640162983486
-1.0320672300425098
-1.0239346909968476
-1.022927793346682
-1.003964719310964
-1.0018008022224782
-0.9908302250699086
-0.9901793241666993
-0.986376267908953
-0.9854522470022571
-0.9828706813380539
-0.978737075307007
-0.9643649193532271
-0.9633817901648766
-0.9614059983642425
-0.9604645152346064
-0.9590688587116697
-0.9566445377150768
-0.952206188798721
-0.9516081665181451
-0.9484707973880436
-0.9477711351462781
-0.9402832404803356
-0.9387486400613251
-0.9309072708263415
-0.9280055770393628
-0.9267371971625695
-0.9224710198937571
-0.9142034766567485
-0.9140786766189661
-0.9101594066807774
-0.9080321193136605
-0.8798052406834724
-0.8780138162632972
-0.8683427402030742
-0.8678465560054219
-0.8517227041730819
-0.8507435784394253
-0.8475945225517638
-0.8471577084647425
-0.8381099538468277
-0.8362660728112862
-0.8330950360467914
-0.8319523145116257
-0.8287685792630679
-0.8278258498808261
-0.8261498117156618
-0.8229660357648673
-0.8202486242171309
-0.8189723305045596
-0.8175278841748743
-0.8171239240338992
-0.8018376305045235
-0.8007453778993322
-0.7990886676768802
-0.7989260288835496
-0.7898321912890773
-0.7862443165193562
-0.7817960270928048
-0.7816781725306933
-0.771519188076514
-0.7702755925356334
-0.7681877691773504
-0.7661219045730353
-0.7568410003733936
-0.7538361528396348
-0.7279365758396068
-0.7263179866992748
-0.7213348745243139
-0.7199188868391891
-0.7133404856526637
-0.7112197678733908
-0.6724353419557471
-0.6703571016666023
-0.6509107194462221
-0.650057740925547
-0.6115717698118605
-0.6096716558952237
-0.6029071168916915
-0.6015216671182942
-0.5919058056277429
-0.5903468027272176
-0.5590758663462855
-0.5564700767184243
-0.5313076129854358
-0.5278677293759281
-0.5178856078368261
-0.5164020669704985
-0.4811921951934925
-0.47973484749047
-0.4747032770001774
-0.47400488729716417
-0.1821092601166841
-0.1814984800185907
-0.18060039951048115
-0.17960658890209233
-0.17217495287327864
-0.17161392709886464
-0.16940178181982948
-0.16807897923874576
-0.1616236444966483
-0.16002586779103614
-0.14727950587077726
-0.14616049758465563
-0.14183200209179905
-0.14153935146432234
-0.1394188187920142
-0.1389184013463299
-0.035142429409622235
-0.03470667194814411
-0.01047024842970697
-0.010201009602021614
0.010201009602021752
0.010470248429707136
0.03470667194814407
0.03514242940962222
0.13891840134633
0.1394188187920145
0.1415393514643223
0.14183200209179847
0.14616049758465574
0.14727950587077748
0.1600258677910365
0.1616236444966482
0.168078979238746
0.16940178181982934
0.17161392709886486
0.17217495287327855
0.1796065889020926
0.1806003995104813
0.18149848001859095
0.1821092601166845
0.47400488729716456
0.4747032770001774
0.4797348474904703
0.4811921951934928
0.5164020669704987
0.5178856078368262
0.5278677293759284
0.531307612985436
0.5564700767184245
0.5590758663462857
0.5903468027272176
0.5919058056277426
0.6015216671182941
0.6029071168916921
0.6096716558952237
0.6115717698118605
0.6500577409255467
0.6509107194462224
0.6703571016666023
0.6724353419557471
0.7112197678733907
0.7133404856526636
0.719918886839189
0.7213348745243138
0.7263179866992747
0.7279365758396067
0.7538361528396347
0.756841000373394
0.7661219045730355
0.7681877691773504
0.7702755925356335
0.7715191880765153
0.781678172530693
0.7817960270928046
0.7862443165193562
0.7898321912890772
0.7989260288835495
0.7990886676768802
0.8007453778993319
0.8018376305045236
0.8171239240338992
0.8175278841748739
0.8189723305045599
0.8202486242171309
0.8229660357648674
0.8261498117156614
0.8278258498808259
0.8287685792630678
0.8319523145116252
0.8330950360467911
0.8362660728112861
0.8381099538468278
0.8471577084647425
0.8475945225517638
0.8507435784394252
0.8517227041730818
0.8678465560054215
0.8683427402030741
0.8780138162632971
0.8798052406834724
0.9080321193136602
0.9101594066807772
0.9140786766189664
0.9142034766567491
0.9224710198937571
0.9267371971625699
0.9280055770393628
0.9309072708263416
0.9387486400613251
0.9402832404803357
0.9477711351462783
0.9484707973880434
0.9516081665181448
0.9522061887987212
0.9566445377150766
0.9590688587116699
0.9604645152346066
0.9614059983642426
0.9633817901648766
0.9643649193532271
0.9787370753070066
0.9828706813380541
0.9854522470022571
0.9863762679089533
0.9901793241666993
0.9908302250699086
1.0018008022224785
1.0039647193109642
1.022927793346682
1.0239346909968476
1.0320672300425098
1.0337640162983486
1.055916074092871
1.0590082816445023
1.06267422995084
1.0641487009317785
1.0790805915068908
1.079373276152973
1.08548915593532
1.0867951759153902
1.0994269792370948
1.101923733380877
1.1029458523866353
1.1065477932319356
1.1070333918603363
1.1076312030437159
1.1095436248772739
1.1125336190723152
