-2.654069113106064
-2.649327752048928
-2.641716559181498
-2.6405856299048276
-2.630236040476187
-2.6252821503034025
-2.615163707680333
-2.6082049486388637
-2.563987880872575
-2.561071994189087
-2.538876349817953
-2.5324560224947814
-2.499107689581602
-2.4943532614163297
-2.4790156585096983
-2.47592716443692
-2.4183386498259556
-2.415241753139329
-2.389965273288297
-2.384635965279803
-2.343352903474378
-2.338360546767866
-2.324001945058636
-2.3220700874216518
-2.3214111918689984
-2.315899389327615
-2.2810444515716535
-2.2759394428079815
-2.2624084731303835
-2.256358104004213
-2.236734253280081
-2.2294958345669214
-2.2097790879028922
-2.2042892850480165
-2.184087751137312
-2.1811313061598856
-2.1731613681968254
-2.172342348645036
-2.156508516176365
-2.1509766534459307
-2.150251420536196
-2.1475103690970747
-2.146865791881441
-2.144085868562785
-2.1244619462553036
-2.122296245480296
-2.0952318710414275
-2.092954671991371
-2.070013452664785
-2.0632995898627424
-2.0597545861012203
-2.0580629528680583
-2.045261732372622
-2.0408101685896063
-2.01530820341864
-2.0113439482583586
-1.989550619685487
-1.9887856367840884
-1.9654417534840847
-1.962179732061441
-1.9385422101550276
-1.9369151384533647
-1.915761462824238
-1.9141047604100865
-1.886220785643322
-1.8797372511259534
-1.8586091770222635
-1.8486870277795613
-1.8345413130925494
-1.8320153143266078
-1.818299878606856
-1.810607210784606
-1.7976769194102054
-1.7961498058772511
-1.7420683881578205
-1.7380797333826856
-1.6831356666029649
-1.6796402800691468
-1.6762548989747459
-1.674125507345704
-1.6488312269176488
-1.6459766814322978
-1.6048398324577609
-1.5994229936799575
-1.5949483953030954
-1.5898288405303238
-1.576745155449886
-1.569949277077292
-1.555952558896999
-1.5540887284304066
-1.5432587516118983
-1.5367607604951243
-1.4992830431139668
-1.4967226499416253
-1.4348009697609547
-1.431046010508471
-1.4146575725727744
-1.4057888690980156
-1.323285126998631
-1.3167076696962123
-1.2988485317669598
-1.293387802545936
-1.2543773734159767
-1.2532302138007658
-1.201009712993571
-1.1903164585367132
-1.1750616330284775
-1.1711570646303695
-1.0109622537024556
-1.0058098341395467
-0.9984773153491486
-0.99616582469456
-0.9543942147976664
-0.9520640465625702
-0.9142060673060537
-0.911748278448802
-0.8664706559797473
-0.8639675953397846
-0.8066362368973028
-0.8039038202319103
-0.739390791438477
-0.7354152430956843
-0.6794825920431384
-0.6749295219300787
-0.624345254504255
-0.6184690887725413
-0.5689395602423029
-0.567399930063764
0.5673999390507445
0.5689395515635078
0.6184690905382066
0.6243452527193979
0.6749295217944069
0.6794825920936596
0.7354152458965824
0.7393907885911006
0.8039038178719919
0.8066362392140537
0.863967596648295
0.8664706539806466
0.9117482795946452
0.9142060669472554
0.9520640467476893
0.9543942148935132
0.9961658211541027
0.9984773156995256
1.0058098318928845
1.0109622593363088
1.1711570647774894
1.1750616330099826
1.1903164600733278
1.2010097120814336
1.2532302121864223
1.2543773741734667
1.293387800651219
1.298848534420597
1.3167076661533859
1.3232851304115159
1.4057888706353818
1.4146575707504303
1.431046008013505
1.4348009719183479
1.4967226468204484
1.499283046428906
1.5367607626935647
1.5432587507631041
1.554088728429234
1.5559525575220428
1.5699492768143144
1.5767451551585518
1.5898288419354276
1.5949483972573002
1.599422993441067
1.604839830821599
1.6459766857516636
1.6488312225535529
1.6741255064547964
1.676254896512348
1.6796402839317979
1.683135665212225
1.738079731189163
1.7420683905612062
1.7961498047969573
1.7976769212684174
1.8106072100445816
1.818299879424047
1.8320153206848195
1.8345413077528074
1.8486870307925087
1.8586091729257137
1.8797372508579426
1.886220785977553
1.9141047621110057
1.9157614613544567
1.936915138203369
1.9385422120071438
1.9621797350328656
1.965441749637497
1.988785633319988
1.989550620291672
2.0113439500879995
2.015308202063064
2.0408101674900134
2.0452617307779484
2.058062950123872
2.0597545865021925
2.0632995892650463
2.0700134568569197
2.0929546708547693
2.0952318724884904
2.1222962454199403
2.1244619465877252
2.144085868974549
2.1468657944755654
2.1475103697250275
2.1502514150612293
2.1509766493439955
2.1565085219865154
2.1723423575346534
2.1731613604521782
2.18113130035865
2.184087755983233
2.2042892883347363
2.2097790863564173
2.2294958323655485
2.2367342534776724
2.256358107872985
2.2624084697259623
2.2759394460426514
2.2810444491627924
2.315899385612491
2.3214111981001615
2.3220700867886848
2.3240019397985936
2.3383605379206833
2.3433529151253003
2.3846359692028964
2.3899652709640495
2.415241758041511
2.418338644288564
2.475927169795085
2.4790156526211824
2.4943532587474166
2.4991076885286896
2.5324560288721636
2.5388763483724386
2.5610719950278695
2.5639878784326227
2.608204960076713
2.61516369995534
2.62528215251874
2.6302360411682204
2.640585637267717
2.6417165579406294
2.6493277483275355
2.654069103990626
