-8.249168668140033
-8.239385038253625
-8.235673765704169
-8.225226030695545
-8.214817827188169
-8.201130141033834
-8.187442964413625
-8.177054716177143
-8.134142288130688
-8.100348504018264
-8.087942673161539
-8.078823567522445
-8.011777725682668
-7.983059186922239
-7.975902766732629
-7.938569980760764
-7.855652158614253
-7.839349511902981
-7.816791886847269
-7.798329446522012
-7.716709829098714
-7.709935975976055
-7.665700313503765
-7.652945092250795
-7.63293686380983
-7.6064626371002655
-7.591327929997858
-7.581888942847593
-7.5342764758918515
-7.507948135568287
-7.488296979254147
-7.4798049029038856
-7.459407625517532
-7.439628148222552
-7.433053203780915
-7.429184268943899
-7.424597937458493
-7.391217422955695
-7.3610800810398045
-7.359305788019891
-7.3452265137858
-7.328943729582144
-7.312128638281995
-7.275117755703812
-7.247710600371209
-7.225561378672764
-7.209306140559966
-7.189137324719773
-7.102145954872953
-7.079830323965414
-7.050821452679828
-7.026818289851817
-6.91122979289513
-6.885950363670516
-6.86794211361165
-6.860307563728819
-6.748087507045544
-6.740993839201868
-6.700303275310571
-6.685350176834971
-6.674952327961001
-6.662487905061517
-6.650863389095353
-6.644353570726179
-6.622277490791126
-6.607337549273215
-6.595585013623585
-6.5830280730277675
-6.167938325447883
-6.119070669142579
-6.113955999139025
-6.103149167787491
-6.024680873345745
-5.99569526891174
-5.9806655129058095
-5.959161981239552
-5.84567692576108
-5.83996476796368
-5.783339187343891
-5.764947281951158
-5.761587296597901
-5.741228751460322
-5.678331590167976
-5.614373688207804
-5.521653649791547
-5.485762092354029
-5.445652424891503
-5.430230668871964
-5.18473074281799
-5.144380152227401
-5.093389105372831
-5.085344584689485
-4.887564540922625
-4.863131540617764
-4.821565328218088
-4.8118362712460145
-4.788043034439642
-4.766192552322899
-4.722130905260478
-4.662052381879475
-4.5376769106726575
-4.505276300149154
-4.486481115758233
-4.472810060336809
-4.332137774693103
-4.276828682711001
-4.264621248198124
-4.241167816184569
-0.7701515041991688
-0.7640735564298171
-0.7634586216045214
-0.7615575010202205
-0.7455371191269309
-0.741142954379409
-0.7347709247197022
-0.7309000257100573
-0.719989808102081
-0.7162703011600356
-0.6919842220211729
-0.6860191589094577
-0.683093514530089
-0.6782005050655506
-0.6755396740509508
-0.6731228833236961
-0.05539394572943349
-0.05473286021009255
-0.0036550407605926627
-0.003547807755739585
0.0035477970582977357
0.0036550514315525093
0.05473285982615687
0.055393945691115984
0.673122883485478
0.6755396747392545
0.6782005055605858
0.6830935147199019
0.6860191591273244
0.6919842210784481
0.7162703010242282
0.7199898080318811
0.7309000257006105
0.7347709250748357
0.7411429549769555
0.7455371192980345
0.7615575016009632
0.7634586215242868
0.7640735565266628
0.7701515029982366
4.241167797411298
4.264621248183463
4.2768286825477055
4.332137793666113
4.472810049805117
4.486481116093711
4.505276292922413
4.537676928049402
4.662052382365077
4.722130905440903
4.766192542600927
4.788043035524646
4.811836271005645
4.821565319464374
4.863131540196746
4.887564558126391
5.0853445777537205
5.093389107919748
5.14438014058333
5.184730759080341
5.430230660582362
5.445652426318409
5.485762082216949
5.521653666682627
5.614373687763683
5.6783315904626015
5.741228739924889
5.761587297368629
5.764947281025237
5.783339180332267
5.839964784936902
5.845676927351326
5.959161964898564
5.980665513816321
5.995695267637619
6.024680890103715
6.103149156964549
6.113955991067002
6.11907066873412
6.167938344712911
6.583028077674383
6.5955850064450035
6.607337553323633
6.622277493152249
6.644353574018413
6.650863382799406
6.662487909048306
6.674952324845441
6.685350172610429
6.700303280571195
6.7409938348943115
6.748087510990222
6.860307566712412
6.867942114776785
6.8859503608298
6.9112297871696855
7.026818283615667
7.050821455934386
7.079830324046353
7.102145955408289
7.189137325657996
7.20930614107743
7.225561378093306
7.247710600948809
7.275117761710542
7.312128642398582
7.328943732770183
7.345226511419419
7.359305789512966
7.361080081188125
7.391217426450596
7.424597941963848
7.429184271417026
7.4330532058867655
7.439628149904144
7.4594076229607
7.479804896432114
7.4882969772659145
7.50794813357582
7.534276475306487
7.581888944066243
7.591327927919863
7.606462635570553
7.63293686660171
7.652945088023435
7.665700305292224
7.709935975677739
7.716709829662669
7.7983294448722615
7.816791887879443
7.839349515328881
7.85565215501809
7.9385699836885255
7.975902767545168
7.983059188185363
8.011777729939727
8.078823566988673
8.087942665808109
8.100348508455685
8.134142284629146
8.177054717496773
8.18744296250705
8.201130149268755
8.214817821412444
8.225226028026867
8.235673769816705
8.239385039021895
8.249168663654
