-8.38668709620527
-8.366011713345863
-8.350261199745761
-8.336827474345691
-8.307559013536459
-8.296115945481953
-8.280524241347525
-8.25004992476332
-8.212090120590767
-8.187004828734594
-8.169963546034184
-8.157570936271505
-8.140612570047633
-8.120995063902841
-8.107734212776284
-8.073953653350992
-8.045972475178495
-8.019625736191806
-8.006620540565201
-7.995715452826785
-7.984477796420099
-7.9730356093482015
-7.950173334303066
-7.933281157876374
-7.9017419656891175
-7.888583028680023
-7.877599384279734
-7.855359220137169
-7.850221474584904
-7.840000413229131
-7.822534594915721
-7.810793358266026
-7.784813856502037
-7.77469128748881
-7.764641679450977
-7.751941960900556
-7.7174168184764005
-7.712128970919976
-7.6932781370401395
-7.684560294921902
-7.674607965214543
-7.662796166494286
-7.653964868517416
-7.6510183504077185
-7.612822402982667
-7.595514669668708
-7.5848293790428505
-7.570295225437534
-7.566351133281031
-7.540549962887409
-7.526484308899311
-7.5149619201680355
-7.501981528151918
-7.494573185173448
-7.489195810417385
-7.46259116686107
-7.441548898969996
-7.431069907831441
-7.406068581407358
-7.396141006685329
-7.383350800198158
-7.3623027652288595
-7.343646969306935
-7.33089290118262
-7.325726784343416
-7.31830559396288
-7.299190646575139
-7.2928117815248825
-7.249787693258417
-7.243138407624068
-7.226101817110018
-7.222542590838668
-7.193307409850369
-7.169479049361837
-7.1592460213627245
-7.1464593507734815
-7.137939785774326
-7.129600201684755
-7.11455110160387
-7.11103060339567
-7.070178565137027
-7.063312604052655
-7.049514849301459
-7.03212484059263
-6.998665407072021
-6.984001166136205
-6.968020586756854
-6.961192036244341
-6.9511103352086065
-6.945253695951629
-6.933310513748223
-6.9196566174009755
-6.8866932074767
-6.879181724795197
-6.85722997803046
-6.850940391682196
-6.810902292686335
-6.781287063211346
-6.7707429340035965
-6.7550385402156605
-6.741526997922333
-6.728651043976303
-6.716946717858364
-6.696105752832026
-6.66431952388779
-6.644241590035815
-6.614154633670483
-6.607247118173381
-6.590641493783827
-6.579575180267461
-6.576736697133381
-6.548860088822958
-6.4987961619162755
-6.470725225292242
-6.450615957092645
-6.43295251348315
-6.4126434778976575
-6.398206245454204
-6.377898784975118
-6.342551570487481
-6.288844628329032
-6.269007038369782
-6.237503202207664
-6.224494884913359
-6.2148744605837205
-6.187626742494112
-6.175966171739241
-6.155923247999506
6.155923235749673
6.175966167967078
6.1876267305836645
6.214874460999446
6.224494889792309
6.237503214276667
6.269007036117639
6.288844640446566
6.342551561145719
6.377898790008217
6.398206238011764
6.412643467471475
6.432952518563476
6.4506159651635855
6.470725220337971
6.498796174048156
6.548860078709989
6.576736703342938
6.579575178851426
6.590641488062404
6.607247124242843
6.614154634160731
6.64424158350342
6.664319534248594
6.696105745375554
6.71694672413994
6.7286510432158435
6.74152700147328
6.755038536730079
6.770742923731193
6.781287064698499
6.810902301377669
6.850940388883959
6.8572299682552025
6.879181727712137
6.88669321688916
6.919656623823353
6.933310503285424
6.945253686087473
6.9511103237375735
6.96119202915986
6.968020599409565
6.984001176507908
6.998665417388712
7.032124831282241
7.049514838094043
7.063312614799087
7.070178575064782
7.111030600107074
7.114551095032125
7.129600192572868
7.137939789545044
7.14645935503891
7.159246014267334
7.1694790572341045
7.193307416860847
7.22254258089627
7.226101809561469
7.243138417251323
7.249787703628045
7.292811776947262
7.29919063519913
7.318305583366599
7.325726783278175
7.330892901332015
7.343646976021873
7.362302771514096
7.383350797545034
7.396141007340843
7.406068582755831
7.431069916729302
7.441548903439579
7.462591156708741
7.489195801246309
7.494573193042648
7.501981526108887
7.514961923397174
7.526484305245598
7.540549968785643
7.5663511239925505
7.570295227484706
7.5848293788035175
7.59551467581164
7.61282241558416
7.6510183472011
7.65396485976694
7.662796159379921
7.674607960503268
7.684560290620913
7.693278144236685
7.712128980404038
7.71741682481479
7.75194195613855
7.764641670672418
7.774691296329558
7.784813861850555
7.810793363633872
7.82253459243707
7.84000040828988
7.850221473692395
7.855359217638465
7.877599374216591
7.888583037118454
7.901741977081357
7.9332811485427115
7.950173341314512
7.973035598246146
7.984477791579601
7.99571545596964
8.006620546305351
8.01962573084193
8.04597248847527
8.07395364493589
8.107734203322277
8.120995060955906
8.140612571607026
8.157570945145826
8.169963549121642
8.18700482675398
8.212090128388521
8.25004991431517
8.280524235964615
8.296115934137143
8.307559010307399
8.336827478737987
8.35026120945007
8.366011722983455
8.38668710659893
