-1.49618060761896
-1.4797734630700765
-1.4784782061690835
-1.461914307114815
-1.4527954285996594
-1.4365655583694357
-1.4295208334646683
-1.4276174918010351
-1.4261879773729007
-1.4086658368828657
-1.4023841225315712
-1.397674497717618
-1.3906377604025075
-1.3805273374292213
-1.3796343686978045
-1.37644855352833
-1.366766134701806
-1.360505948331025
-1.354843256859247
-1.3474626000837073
-1.3444721821622005
-1.3328793903385723
-1.329904947718688
-1.3197277965016196
-1.316385509689138
-1.3130506693063129
-1.3084589589073439
-1.3000595790074527
-1.2981065879268057
-1.2930773931384851
-1.2886223167188307
-1.281384048646166
-1.2741167841278562
-1.2724299828471368
-1.2686471643481818
-1.265608362712111
-1.2583725175074159
-1.252595187568964
-1.2501770116239928
-1.2448905795057121
-1.241136841022661
-1.2347558028232875
-1.2345399218504787
-1.2310418782988304
-1.2252273220314203
-1.2197187345396379
-1.2156115463238768
-1.213531289097776
-1.2075583582666543
-1.2050750021697882
-1.199306503410867
-1.1971452811365688
-1.1915725722246084
-1.1903378304594652
-1.1826752145100068
-1.1805552272269937
-1.177006204254818
-1.1704330868394528
-1.16652531521835
-1.1639678883444255
-1.1603338611682799
-1.1586916850354567
-1.1539195979383605
-1.1488255374213883
-1.1464700988702685
-1.1410215920925457
-1.1383156920253636
-1.1346192932529473
-1.130115742048998
-1.126546701165161
-1.1245330492762013
-1.1195563753335456
-1.1167464852297173
-1.1084883938021386
-1.1079365805827293
-1.1019649913370273
-1.0984374519630529
-1.0972623899136675
-1.090592660927149
-1.0891350278162024
-1.0828670191378837
-1.0808499827290259
-1.076799808722725
-1.0719270071817142
-1.065491109437248
-1.0646474755585065
-1.058118830695497
-1.0559342042301267
-1.052863253885182
-1.048015803390192
-1.0456099147284605
-1.0416789266917077
-1.0371185523247175
-1.0333155815892643
-1.0317991052794284
-1.0269444594297277
-1.021371912288428
-1.0188182810068502
-1.017204056718237
-1.0106311307220501
-1.0103535150392353
-1.0058473968303594
-1.0030675746326267
-0.998229155491148
-0.9915707366228363
-0.9872729566027543
-0.9813352588310997
-0.9766346382566108
-0.9738116933475234
-0.9638651947658593
-0.9576274160936377
-0.9553639707194451
-0.9453312244595667
-0.9428274908125148
-0.9415196553566171
-0.9357032885393531
-0.9350854526224864
-0.9286634044579786
-0.9237607325204239
-0.9176732531142068
-0.9098765327898583
-0.9053316047085519
-0.9031408625133875
-0.8974794309189266
-0.892444354088022
-0.8844401866385492
-0.8828713725814726
-0.8796107478313558
-0.8638715424978048
-0.8579655049761667
-0.8470771769600358
-0.8403537741151983
-0.8357723540000581
-0.8330915970356377
-0.8218957392572772
-0.8172572005958991
-0.8097603301142883
-0.8000280805937876
-0.7993326533217859
-0.7892784697813621
-0.7757638522675374
-0.7677031980122004
-0.7551388373686897
-0.7391837501918537
-0.7379729466829132
-0.7351119896792794
-0.7065993227182072
-0.7029222783572945
-0.7006406407898972
-0.683942207357105
-0.6559760959134759
-0.6318928761391102
-0.622331114776466
-0.5958349497645371
-0.5647090834005439
-0.548655086339175
-0.5448029895356756
-0.4963383242431862
-0.4844505363347879
-0.46419834305480684
-0.00016584583661104647
-8.059383228477326e-05
8.059383228578919e-05
0.00016584583661148904
0.46419834305480623
0.4844505363347882
0.496338324243186
0.5448029895356753
0.5486550863391749
0.5647090834005445
0.5958349497645369
0.6223311147764659
0.6318928761391097
0.6559760959134763
0.6839422073571051
0.7006406407898972
0.7029222783572939
0.7065993227182072
0.7351119896792794
0.7379729466829131
0.7391837501918531
0.7551388373686899
0.7677031980122009
0.7757638522675374
0.7892784697813623
0.7993326533217859
0.8000280805937866
0.8097603301142885
0.8172572005958991
0.8218957392572771
0.8330915970356377
0.8357723540000581
0.8403537741151983
0.8470771769600359
0.8579655049761671
0.863871542497805
0.879610747831356
0.8828713725814726
0.8844401866385488
0.8924443540880224
0.8974794309189267
0.9031408625133874
0.9053316047085522
0.9098765327898584
0.9176732531142069
0.9237607325204237
0.9286634044579782
0.9350854526224865
0.9357032885393533
0.9415196553566167
0.9428274908125146
0.9453312244595669
0.955363970719445
0.9576274160936378
0.9638651947658591
0.9738116933475233
0.9766346382566118
0.9813352588310995
0.9872729566027542
0.9915707366228367
0.9982291554911482
1.0030675746326265
1.0058473968303594
1.0103535150392355
1.0106311307220501
1.0172040567182372
1.0188182810068507
1.021371912288428
1.0269444594297277
1.0317991052794282
1.0333155815892643
1.037118552324718
1.0416789266917077
1.0456099147284608
1.0480158033901918
1.0528632538851825
1.055934204230127
1.0581188306954976
1.0646474755585065
1.0654911094372475
1.0719270071817142
1.076799808722724
1.0808499827290259
1.0828670191378837
1.0891350278162033
1.0905926609271488
1.0972623899136675
1.0984374519630529
1.101964991337027
1.107936580582729
1.1084883938021388
1.1167464852297182
1.1195563753335458
1.1245330492762016
1.126546701165161
1.1301157420489985
1.1346192932529473
1.138315692025364
1.1410215920925462
1.1464700988702685
1.1488255374213885
1.1539195979383605
1.1586916850354572
1.1603338611682796
1.1639678883444255
1.16652531521835
1.1704330868394528
1.177006204254818
1.1805552272269937
1.1826752145100063
1.1903378304594647
1.1915725722246087
1.197145281136569
1.1993065034108668
1.205075002169788
1.207558358266654
1.213531289097776
1.2156115463238766
1.2197187345396376
1.22522732203142
1.2310418782988304
1.2345399218504782
1.2347558028232872
1.241136841022661
1.2448905795057126
1.2501770116239928
1.2525951875689645
1.2583725175074156
1.265608362712111
1.268647164348182
1.272429982847137
1.2741167841278564
1.2813840486461663
1.2886223167188307
1.2930773931384851
1.2981065879268057
1.3000595790074527
1.3084589589073436
1.3130506693063126
1.316385509689138
1.3197277965016196
1.329904947718688
1.3328793903385716
1.3444721821622005
1.3474626000837078
1.3548432568592468
1.3605059483310242
1.3667661347018059
1.3764485535283304
1.379634368697806
1.3805273374292215
1.3906377604025075
1.3976744977176183
1.4023841225315705
1.4086658368828653
1.4261879773729005
1.4276174918010354
1.4295208334646679
1.4365655583694354
1.4527954285996596
1.4619143071148153
1.4784782061690833
1.479773463070076
1.4961806076189605
