-1.5605325108947894
-1.4902237921071808
-1.4848356808456435
-1.468130135075022
-1.4638120608016405
-1.4552564601476634
-1.448026900086574
-1.4419869904155023
-1.4391294813247597
-1.4221832801106773
-1.4080482227518167
-1.4073839218857265
-1.4028214516187438
-1.3948903514291606
-1.3862902061809232
-1.370687026541078
-1.3695818968412494
-1.3638252016069392
-1.3601958963330432
-1.3513780605771637
-1.3443425968682086
-1.3402397624676259
-1.3364965058426057
-1.3296163079441552
-1.3213017229979336
-1.31603497594802
-1.3048790768254828
-1.296955541914805
-1.2861368707402283
-1.2773764214124275
-1.2752687697382086
-1.271528927470416
-1.2647926198980446
-1.2597019358615302
-1.2573686261940287
-1.2565583498821944
-1.2492596724888119
-1.2472749362910764
-1.2459095001888145
-1.2438208591647224
-1.2428723746819152
-1.2320297306845729
-1.2233527733707434
-1.2201827033803758
-1.2166384085427604
-1.2135614618961397
-1.2123422471413432
-1.2064664369441807
-1.1968150501730335
-1.1859443213167078
-1.1851181184378765
-1.180293285511575
-1.1755849859045577
-1.1720145907374928
-1.1685086290484006
-1.1660885369010054
-1.1625105544328374
-1.1612385629193778
-1.1565413058830554
-1.1553582441834946
-1.1529981211278748
-1.1465052691646576
-1.1419338093177775
-1.1386961159684441
-1.1314869473680125
-1.1310345603312175
-1.1281077719154653
-1.1251414888698372
-1.1215204500596045
-1.1174588478634586
-1.1153158676460704
-1.1107361264627325
-1.1087495665288531
-1.0968007786088496
-1.0935527723334284
-1.09231151650204
-1.0880286103873515
-1.08363672005395
-1.0796872607524914
-1.0794863868618072
-1.0719487266476753
-1.06665672909867
-1.0650102180008163
-1.0625062738965219
-1.0602544127759816
-1.0538270128757485
-1.0435050509243924
-1.0417628292286376
-1.0377236511816885
-1.0349703676387332
-1.0298677699036018
-1.0257939150986062
-1.0179292013033596
-1.0113402449863313
-1.0091877050740206
-1.0063304161906277
-1.0028730536295476
-0.9950760500201318
-0.9932619056495648
-0.9866175275870966
-0.9793239472417152
-0.9773466688315091
-0.9756241159932509
-0.9741525924236419
-0.971719183276691
-0.9628707794203903
-0.9577307760366297
-0.9557052627749487
-0.9525797370585042
-0.9473955619046774
-0.9454975613522494
-0.943712961810099
-0.9374184307131822
-0.9316007085791629
-0.9271099870669689
-0.9240471329393609
-0.9220154811092216
-0.9187681450527824
-0.9151471210808813
-0.9127190252958827
-0.9114473865679795
-0.9090475264773364
-0.9061269199040248
-0.9040697889705877
-0.894815658793054
-0.8934134064488704
-0.8755553045410948
-0.8730816329723691
-0.8704037920880225
-0.8671114670912203
-0.8646193682396519
-0.8528305254430385
-0.8448606409269946
-0.8431399433409236
-0.8396357094675149
-0.8300269768641972
-0.8297884659691886
-0.8267806919381907
-0.8238705484864175
-0.8201987746934728
-0.8133478131616504
-0.80793685383023
-0.7993578017787867
-0.7910426211966118
-0.787166930144911
-0.7770753907267223
-0.7701038793954019
-0.7658723995532902
-0.7606589108319549
-0.7499559377662106
-0.7458499499336141
-0.7422756491963688
-0.7307529078525696
-0.7240725246352423
-0.7025423007571454
-0.691193078281051
-0.6820001114667504
-0.6683349330954562
-0.6633137628361093
-0.6591498960891937
-0.6117912212275056
-0.5412117172357521
0.5412117172357518
0.6117912212275054
0.6591498960891943
0.6633137628361093
0.6683349330954568
0.6820001114667505
0.6911930782810508
0.7025423007571451
0.7240725246352421
0.7307529078525693
0.7422756491963693
0.7458499499336141
0.7499559377662108
0.760658910831955
0.7658723995532906
0.7701038793954024
0.7770753907267224
0.787166930144911
0.7910426211966121
0.7993578017787866
0.8079368538302302
0.8133478131616504
0.8201987746934728
0.8238705484864176
0.8267806919381909
0.8297884659691889
0.8300269768641971
0.839635709467514
0.8431399433409236
0.8448606409269944
0.8528305254430385
0.8646193682396519
0.8671114670912204
0.8704037920880224
0.8730816329723692
0.8755553045410948
0.8934134064488701
0.8948156587930538
0.9040697889705878
0.9061269199040245
0.9090475264773363
0.9114473865679795
0.9127190252958827
0.9151471210808811
0.9187681450527821
0.9220154811092215
0.9240471329393609
0.9271099870669689
0.9316007085791629
0.9374184307131828
0.9437129618100989
0.9454975613522492
0.9473955619046774
0.9525797370585043
0.9557052627749478
0.9577307760366297
0.9628707794203902
0.9717191832766913
0.9741525924236422
0.9756241159932509
0.9773466688315087
0.9793239472417156
0.9866175275870971
0.9932619056495648
0.9950760500201314
1.0028730536295478
1.0063304161906277
1.0091877050740206
1.0113402449863313
1.0179292013033596
1.0257939150986064
1.029867769903602
1.0349703676387334
1.0377236511816883
1.0417628292286376
1.0435050509243924
1.0538270128757488
1.0602544127759816
1.062506273896521
1.0650102180008152
1.0666567290986702
1.071948726647675
1.0794863868618072
1.0796872607524917
1.0836367200539503
1.0880286103873515
1.0923115165020403
1.0935527723334284
1.0968007786088496
1.1087495665288534
1.1107361264627325
1.1153158676460706
1.1174588478634586
1.1215204500596045
1.125141488869837
1.1281077719154653
1.1310345603312175
1.1314869473680125
1.1386961159684446
1.1419338093177775
1.1465052691646576
1.1529981211278748
1.1553582441834946
1.1565413058830556
1.1612385629193775
1.1625105544328371
1.166088536901006
1.1685086290484006
1.172014590737493
1.175584985904558
1.180293285511575
1.185118118437876
1.1859443213167082
1.196815050173033
1.2064664369441809
1.212342247141343
1.2135614618961406
1.2166384085427606
1.2201827033803758
1.2233527733707434
1.2320297306845727
1.242872374681915
1.2438208591647226
1.2459095001888143
1.2472749362910767
1.2492596724888119
1.2565583498821937
1.257368626194029
1.2597019358615298
1.264792619898044
1.2715289274704158
1.2752687697382088
1.2773764214124275
1.2861368707402294
1.2969555419148053
1.3048790768254825
1.3160349759480199
1.3213017229979331
1.3296163079441559
1.3364965058426064
1.3402397624676252
1.344342596868208
1.3513780605771637
1.3601958963330427
1.3638252016069388
1.3695818968412494
1.370687026541078
1.386290206180922
1.3948903514291602
1.4028214516187438
1.4073839218857267
1.4080482227518165
1.4221832801106769
1.43912948132476
1.441986990415502
1.4480269000865749
1.4552564601476634
1.4638120608016407
1.4681301350750218
1.484835680845644
1.4902237921071821
1.560532510894789
