-1.7401712373779377
-1.7401712373779374
-1.7111422211028962
-1.7111422211028955
-1.711142221102895
-1.711142221102895
-1.6816121628617091
-1.681612162861709
-1.665314592886373
-1.6653145928863726
-1.665314592886372
-1.665314592886372
-1.6349570204515438
-1.6349570204515438
-1.6349570204515436
-1.6349570204515436
-1.6065540770839815
-1.606554077083981
-1.606554077083981
-1.606554077083981
-1.5869308274663847
-1.5869308274663847
-1.575064369490546
-1.5750643694905455
-1.5750643694905455
-1.5750643694905446
-1.5403160614600777
-1.5403160614600773
-1.5403160614600768
-1.5403160614600766
-1.525153356380271
-1.5251533563802708
-1.5251533563802702
-1.52515335638027
-1.5074433105876235
-1.5074433105876224
-1.5074433105876222
-1.5074433105876222
-1.473615773123744
-1.4736157731237431
-1.4736157731237431
-1.4736157731237427
-1.460765576604564
-1.4607655766045637
-1.4552148731629735
-1.4552148731629733
-1.455214873162973
-1.4552148731629726
-1.4392203487453115
-1.439220348745311
-1.4392203487453108
-1.4392203487453106
-1.414866294802761
-1.4148662948027608
-1.41486629480276
-1.4148662948027593
-1.3875855420079832
-1.3875855420079826
-1.3875855420079826
-1.3875855420079826
-1.3844205302876482
-1.384420530287648
-1.3844205302876473
-1.3844205302876473
-1.3790063080393724
-1.3790063080393717
-1.3790063080393717
-1.3790063080393715
-1.373443055763972
-1.373443055763972
-1.3734430557639716
-1.3734430557639714
-1.3364720696182784
-1.336472069618278
-1.3364720696182775
-1.3364720696182766
-1.321712294734272
-1.3217122947342719
-1.3217122947342717
-1.3217122947342714
-1.3131502252205545
-1.3131502252205536
-1.3131502252205536
-1.3131502252205531
-1.310324846359219
-1.3103248463592185
-1.2772715393795948
-1.2772715393795946
-1.2772715393795941
-1.277271539379594
-1.2468627427935257
-1.2468627427935255
-1.2468627427935255
-1.246862742793525
-1.2312274690704041
-1.2312274690704041
-1.231227469070404
-1.231227469070403
-1.2304868862055243
-1.230486886205524
-1.2304868862055234
-1.230486886205523
-1.199652405750923
-1.199652405750923
-1.1996524057509228
-1.1996524057509226
-1.1890793676484557
-1.1890793676484557
-1.1890793676484555
-1.1890793676484546
-1.1602690489551633
-1.160269048955163
-1.1602690489551624
-1.1602690489551613
-1.1466869486484603
-1.14668694864846
-1.1221295535750802
-1.12212955357508
-1.12212955357508
-1.1221295535750795
-1.1093797642019172
-1.1093797642019168
-1.1093797642019165
-1.109379764201916
-1.0701374414394256
-1.0701374414394256
-1.0701374414394254
-1.0701374414394247
-1.032917249503303
-1.0329172495033012
-1.0329172495033012
-1.032917249503301
-1.0147380641465586
-1.0147380641465584
-1.0147380641465582
-1.0147380641465578
-0.987672683099176
-0.9876726830991748
-0.9273599755206755
-0.9273599755206752
-0.9273599755206752
-0.9273599755206743
-0.9265395895039724
-0.9265395895039723
-0.9265395895039719
-0.9265395895039713
-0.8628416537552482
-0.8628416537552482
-0.8108301230994037
-0.8108301230994032
-0.8108301230994026
-0.8108301230994021
-0.6983900585598254
-0.6983900585598252
-0.6983900585598247
-0.6983900585598245
-0.6101211921844552
-0.610121192184455
-0.610121192184455
-0.6101211921844546
-0.00013729555185004624
-0.00013729555184985445
0.00013729555184938282
0.00013729555184957128
0.6101211921844538
0.6101211921844542
0.6101211921844545
0.6101211921844546
0.6983900585598247
0.6983900585598248
0.6983900585598253
0.6983900585598253
0.8108301230994024
0.8108301230994032
0.8108301230994032
0.8108301230994036
0.8628416537552474
0.8628416537552482
0.9265395895039719
0.9265395895039723
0.9265395895039723
0.926539589503974
0.9273599755206748
0.9273599755206752
0.9273599755206754
0.9273599755206754
0.9876726830991751
0.9876726830991759
1.0147380641465573
1.0147380641465578
1.014738064146558
1.0147380641465589
1.0329172495033
1.0329172495033017
1.0329172495033017
1.0329172495033028
1.0701374414394247
1.0701374414394254
1.0701374414394258
1.0701374414394258
1.1093797642019159
1.1093797642019165
1.1093797642019165
1.1093797642019172
1.1221295535750793
1.1221295535750793
1.1221295535750795
1.1221295535750802
1.1466869486484597
1.1466869486484605
1.1602690489551613
1.160269048955162
1.1602690489551624
1.1602690489551626
1.189079367648455
1.1890793676484552
1.1890793676484557
1.1890793676484561
1.1996524057509221
1.1996524057509228
1.199652405750923
1.1996524057509237
1.2304868862055232
1.2304868862055236
1.2304868862055238
1.230486886205524
1.2312274690704041
1.2312274690704041
1.2312274690704044
1.2312274690704048
1.2468627427935244
1.2468627427935253
1.2468627427935255
1.2468627427935257
1.2772715393795941
1.2772715393795946
1.2772715393795946
1.2772715393795948
1.3103248463592188
1.310324846359219
1.3131502252205536
1.3131502252205536
1.3131502252205538
1.3131502252205538
1.3217122947342717
1.3217122947342719
1.321712294734272
1.3217122947342723
1.3364720696182775
1.3364720696182775
1.3364720696182781
1.3364720696182781
1.3734430557639714
1.3734430557639714
1.3734430557639714
1.3734430557639714
1.3790063080393709
1.3790063080393713
1.3790063080393715
1.3790063080393717
1.3844205302876467
1.384420530287647
1.3844205302876473
1.3844205302876482
1.3875855420079826
1.3875855420079826
1.3875855420079826
1.3875855420079828
1.414866294802758
1.4148662948027602
1.4148662948027604
1.4148662948027606
1.4392203487453104
1.4392203487453106
1.439220348745311
1.4392203487453115
1.4552148731629726
1.455214873162973
1.4552148731629733
1.4552148731629737
1.4607655766045635
1.4607655766045644
1.4736157731237431
1.4736157731237434
1.4736157731237438
1.4736157731237454
1.5074433105876222
1.5074433105876222
1.5074433105876224
1.5074433105876224
1.5251533563802702
1.5251533563802706
1.5251533563802708
1.5251533563802722
1.540316061460077
1.5403160614600777
1.540316061460078
1.540316061460078
1.5750643694905444
1.575064369490545
1.5750643694905455
1.5750643694905462
1.5869308274663854
1.5869308274663854
1.60655407708398
1.6065540770839801
1.6065540770839803
1.606554077083981
1.6349570204515438
1.634957020451544
1.634957020451544
1.634957020451544
1.6653145928863708
1.6653145928863715
1.665314592886372
1.665314592886372
1.681612162861708
1.68161216286171
1.7111422211028946
1.711142221102895
1.711142221102895
1.7111422211028962
1.7401712373779363
1.7401712373779366
