-10.951292023282443
-10.823866647202555
-10.760472008424205
-10.72734594141914
-10.708644167854056
-10.666985114939031
-10.579293745746678
-10.54213865013678
-10.503201370502598
-10.44005971271049
-10.41906543933662
-10.396215531873088
-10.380446348576077
-10.308500733444017
-10.287362433185027
-10.276600835451065
-10.237740544870919
-10.152439951141123
-10.124889345173752
-10.10875713959765
-10.094165742426993
-10.078826798265997
-10.056277387360405
-10.03499505023029
-9.986689870316509
-9.96889898594163
-9.919618113871639
-9.885709519329959
-9.83259456210328
-9.808240283829917
-9.7955549863702
-9.78085869741316
-9.76568851282177
-9.716083973607399
-9.68671864124144
-9.679072712015843
-9.635481225281223
-9.6251843648608
-9.606907020276308
-9.583625541218288
-9.568471988845948
-9.527017238843737
-9.512943826613242
-9.500538514520056
-9.463539649020031
-9.430418612999723
-9.428395989558801
-9.38591060699389
-9.381999083835314
-9.357400138228769
-9.338297047235939
-9.332702749190569
-9.30996954230937
-9.270433198933404
-9.252712547682016
-9.217226496682168
-9.197262673684927
-9.170625877501154
-9.16604005431725
-9.131144815947614
-9.12620168992281
-9.106058005115887
-9.095604363872951
-9.082806776571127
-9.067869191112399
-9.029082568462455
-9.002177620095637
-8.99104182074138
-8.948800891113084
-8.922280704589067
-8.908924514659564
-8.89373645343483
-8.869244947482587
-8.831534535269114
-8.8077418434217
-8.790508491162292
-8.78127399323096
-8.763333883046599
-8.755672663407482
-8.70732934911147
-8.675324219985743
-8.66522323796882
-8.653045453543438
-8.625608584654419
-8.596368551444959
-8.574876569781894
-8.56301940252673
-8.531345841702812
-8.455678178374585
-8.436060984228336
-8.387438060663335
-8.381363817163654
-8.353908739649443
-8.334934988646236
-8.324800270018365
-8.311637852630996
-8.252319111245555
-8.220290005287692
-8.210326703121956
-8.197428517330861
-8.153784283804258
-8.105164281190076
-8.095070162845687
-8.063530226642072
-7.995566582071633
-7.9676142736502475
-7.943599163069717
-7.929887827821994
-7.889215374236277
-7.853792987270205
-7.81867719424645
-7.798457769387891
-7.777979387818429
-7.758998641297246
-7.732127085502544
-7.716766644372933
-7.705323270323349
-7.682788634442956
-7.653536808360097
-7.646417752113304
-7.5912709357553565
-7.584167794592613
-7.54942090706105
-7.465118803007898
-7.447058564839312
-7.423430672078564
-7.414126907833947
-7.397821666094828
-7.372525429371078
-7.353961507115944
-7.3157756801286045
-7.304846194137038
-7.291176757623051
-7.248951968852677
-7.174924604176593
-7.065024869642105
-7.060614809234276
-7.016325825646726
-6.971992296792696
-6.919031914819713
-6.857543229534882
-6.808570768169905
-6.792569589095565
-6.717502453440405
-6.441701611753451
-6.3851508143751365
-6.243416887932037
-6.153299352542923
-6.144362034520412
-6.033295709775748
-5.836619363957349
-5.810563493728319
-5.722045749595739
-5.693384632189986
-5.4291834559825425
-5.347025142135033
-5.1364413074613555
-5.070308602617449
-5.006423050669874
-4.8691884362841895
-3.4425179048477315e-06
-3.0385862112434733e-06
3.0469618625111905e-06
3.434141781085196e-06
4.869188436281224
5.0064230506846075
5.070308622591596
5.136441287478793
5.347025142151479
5.429183455989159
5.69338465212988
5.722045729646057
5.810563493705617
5.8366193639866495
6.033295729680771
6.144362033829043
6.153299333617927
6.243416887731147
6.385150794552004
6.441701631536
6.717502453560453
6.792569585661718
6.808570751950328
6.85754324084069
6.919031934347937
6.9719922971502895
7.016325833372595
7.060614806485227
7.065024861291648
7.174924602044659
7.248951969826698
7.291176765373927
7.304846199814071
7.315775682946204
7.353961499036288
7.372525417661435
7.397821666214076
7.414126907682581
7.423430675102042
7.447058567184941
7.465118796627492
7.5494209119871645
7.584167795365273
7.59127092315711
7.6464177563514735
7.653536816496972
7.682788641092804
7.705323280105142
7.7167666394670364
7.732127087719104
7.758998652841329
7.777979384517573
7.798457772506989
7.818677190803203
7.853792984604972
7.889215370876779
7.929887826213432
7.9435991489052675
7.96761427508661
7.995566580600869
8.063530225038198
8.09507016315127
8.105164284395052
8.153784285198748
8.19742851696151
8.21032670100618
8.220290000002313
8.252319109724288
8.311637852526506
8.324800267176297
8.334934989988348
8.353908739511132
8.381363820344795
8.387438066703105
8.43606098673571
8.45567817842224
8.531345842148495
8.563019400329141
8.574876571485627
8.59636855029859
8.625608583604551
8.653045450750234
8.665223239186208
8.675324221906966
8.707329348698096
8.75567266024082
8.763333879054963
8.781273990129586
8.790508486764692
8.807741840399673
8.83153453320802
8.86924494810823
8.893736450592506
8.908924516446085
8.922280706627305
8.948800888147273
8.99104182414069
9.002177625407077
9.029082567570944
9.067869188652386
9.082806779446972
9.095604362146023
9.106058009559902
9.126201683000431
9.131144814193414
9.166040053429287
9.170625877261077
9.197262673241461
9.217226497357517
9.252712545772324
9.270433203637939
9.309969541353958
9.33270274836612
9.338297045525033
9.357400139921387
9.381999083911067
9.385910603798807
9.428395990657554
9.430418615545328
9.463539649086675
9.500538515457691
9.512943827010263
9.527017235437244
9.568471984490941
9.583625547288275
9.606907019273685
9.625184365788568
9.635481221895164
9.67907270761609
9.68671864658535
9.71608397230598
9.765688509612588
9.78085869840861
9.795554990077518
9.808240285170486
9.832594559941324
9.885709519110785
9.919618115793659
9.968898989344892
9.986689870265351
10.03499504926348
10.056277389049585
10.078826797139252
10.094165740482833
10.108757144302418
10.124889345073777
10.152439950986562
10.237740544835427
10.276600835234028
10.287362436047745
10.3085007356637
10.380446341219837
10.396215528262818
10.41906543773391
10.440059709039568
10.503201371493333
10.54213864989708
10.579293739252735
10.666985113337514
10.708644179953467
10.727345945611473
10.760472009697143
10.823866658281029
10.951292018226116
