-11.019748108147704
-10.903518256151962
-10.874218916601196
-10.833892186628118
-10.81757155440403
-10.77956653967679
-10.726583872573007
-10.680347210324832
-10.641272282926323
-10.606301921294449
-10.590534030970275
-10.575955350344568
-10.53386827102326
-10.496290080470486
-10.462977972294805
-10.446881884930084
-10.441784373458473
-10.39714345866753
-10.333671680385443
-10.31447917075717
-10.28642782947279
-10.276635752172666
-10.275245997692899
-10.249675189236259
-10.233435422374551
-10.11972413586622
-10.072958218346033
-10.054458962556815
-10.0356238096941
-10.010406806025816
-10.004426457137711
-9.9762588845134
-9.925402456461873
-9.89988791877609
-9.880303609172023
-9.86763903897518
-9.859833745807927
-9.834375634400653
-9.824363502569847
-9.79730529355911
-9.778880494636562
-9.763024082151327
-9.756400961067511
-9.730803635934548
-9.707500538013925
-9.686543557045821
-9.661846004746913
-9.625513408268622
-9.619023628777699
-9.613469492168377
-9.606256496722986
-9.576196480151888
-9.554727605037597
-9.54770815938259
-9.525328042543173
-9.494235314888636
-9.486267546721185
-9.464210552819193
-9.438425548396426
-9.406969533367235
-9.385551781229806
-9.382088308620421
-9.363039211497071
-9.340090443747751
-9.338025886605557
-9.2891804332759
-9.281752415270194
-9.268720876159573
-9.259150784195919
-9.24972440597614
-9.228357640092076
-9.203711976860882
-9.196666936914081
-9.176651991759178
-9.152922945543935
-9.130246724996931
-9.128097067597395
-9.113457473258842
-9.095278390358356
-9.089071120916083
-9.067421532120619
-9.044988181359148
-9.018116152879147
-8.998849234487292
-8.964493360884608
-8.934231048805719
-8.925233072942621
-8.908933752324852
-8.897406583511154
-8.88784006546988
-8.829551216529243
-8.819631649381913
-8.81434588013252
-8.779472453093925
-8.774354331993509
-8.748526726037747
-8.730490115044216
-8.702856932521955
-8.677082745545944
-8.655584677704583
-8.649942094965581
-8.634666324182907
-8.601805710210757
-8.599115712150981
-8.586601616537521
-8.570762596868494
-8.534342590063503
-8.513189724598398
-8.508375683292531
-8.483317098622047
-8.47694185498384
-8.454795418937596
-8.427629256111125
-8.410883608341143
-8.381842146009804
-8.353807869905815
-8.333681200364271
-8.312380715573473
-8.294409622300229
-8.276422177667952
-8.257737953730606
-8.219011950453261
-8.194136273239058
-8.15557303340479
-8.142525672407679
-8.136572348552296
-8.09493167332152
-8.065396419159041
-8.014814500801155
-7.995122753709871
-7.983451358877813
-7.936174613395343
-7.901101084745775
-7.883857405854208
-7.877594997137763
-7.851550691250738
-7.798845283919548
-7.791198038701753
-7.7589099880972885
-7.7066961933289635
-7.6776212391761565
-7.655339119464027
-7.629319374554522
-7.59767703283712
-7.5782141365877065
-7.540924010216103
-7.52706086344339
-7.504096735982653
-7.455802563942605
-7.433246933816327
-7.363063673021327
-7.342061158740623
-7.328623525036121
-7.279761608676357
-7.241197340955785
-7.197565421695481
-7.137845205097973
-7.09949305514398
-6.8874268666634215
-6.857936088417942
-6.779078839515156
-6.669379833462431
6.669379847708797
6.77907882940212
6.857936099765751
6.887426878886604
7.099493044093636
7.137845194033152
7.1975654284039265
7.241197344931187
7.279761608045839
7.328623523351087
7.342061160808983
7.36306367753892
7.433246933985629
7.455802569786078
7.5040967423356735
7.527060861879254
7.540924009872124
7.578214135516548
7.5976770313005515
7.629319371424807
7.655339119284005
7.677621245627635
7.706696193052722
7.75890999112654
7.791198042377318
7.798845282358921
7.851550694248975
7.877594996737033
7.8838574004998065
7.9011010905145955
7.9361746121312455
7.983451357322619
7.995122758245761
8.01481450293884
8.065396415297887
8.09493167651764
8.136572348827727
8.142525669928341
8.155573032932008
8.194136276457165
8.21901194969877
8.257737954374
8.276422180196692
8.29440961844438
8.312380711281229
8.33368120070587
8.353807865931586
8.381842142849024
8.410883607977942
8.427629252850016
8.454795420913127
8.476941853987684
8.483317104445748
8.508375681044848
8.51318972599647
8.534342590243872
8.570762596600563
8.586601615156841
8.59911571330749
8.601805706513803
8.634666325524595
8.649942089240334
8.655584678716236
8.677082741746073
8.702856936509985
8.730490116459059
8.748526731155296
8.774354331432
8.77947245396826
8.81434587588004
8.819631650422316
8.82955121264055
8.88784006162122
8.897406582517716
8.908933749941399
8.925233070550942
8.934231053089142
8.964493357286358
8.998849233510962
9.018116150727632
9.044988181273093
9.067421532634997
9.089071119245576
9.095278391510831
9.113457472792197
9.128097066934853
9.1302467223741
9.152922945829497
9.176651987711713
9.196666933640993
9.203711973512384
9.228357637250326
9.249724405998261
9.259150785551121
9.268720877706336
9.281752418909381
9.28918043505414
9.338025885692208
9.340090445211638
9.363039207538796
9.382088306456376
9.385551782792913
9.406969533232798
9.438425548847263
9.464210557053892
9.486267549889261
9.494235317584945
9.525328039779886
9.547708155208822
9.554727606291031
9.576196476260744
9.606256500325651
9.613469491049132
9.619023633200282
9.625513406904748
9.661846006420973
9.686543553863675
9.707500537400536
9.73080363378724
9.756400965772947
9.763024086181648
9.778880496901193
9.797305295026291
9.824363503769566
9.834375630016813
9.859833748361206
9.867639037534396
9.880303604507615
9.899887912974167
9.92540246293429
9.97625888579746
10.004426456699209
10.010406804887944
10.035623807552476
10.054458953380992
10.072958219289267
10.11972413066626
10.2334354247664
10.249675195510024
10.275245996146039
10.276635752304529
10.286427825258693
10.314479168585242
10.333671683009003
10.397143456917371
10.441784366966427
10.446881890119965
10.462977973081328
10.496290077800989
10.533868274749707
10.575955351901852
10.59053403146841
10.606301928479242
10.64127227615385
10.680347208501503
10.726583872190293
10.779566535727886
10.817571560215974
10.833892180987203
10.874218923323042
10.903518265538619
11.0197480999175
