-3.5382609727206717
-3.530348941526237
-3.478471541509234
-3.4462344530385343
-3.4260416512623113
-3.396599947107893
-3.394037550057815
-3.352184658281716
-3.3394467076076313
-3.3099505851925075
-3.2975809229882977
-3.2795259881252616
-3.2653759178751756
-3.2458591410459445
-3.2264491431350137
-3.2084564360372783
-3.1927192301816136
-3.179240948299257
-3.1623901980034823
-3.146861374556995
-3.1222857951976835
-3.108621509549925
-3.10177300151384
-3.095130674662888
-3.0638059325813427
-3.060548198165065
-3.0355131554504533
-3.0209190128502508
-3.0030900250204704
-2.994573331476011
-2.9839247990482796
-2.963253797805696
-2.9539794659872407
-2.94865995496606
-2.9339836858375796
-2.918344867612785
-2.9023594826702688
-2.894651330721968
-2.8829688227976025
-2.8607214068120133
-2.833478014251775
-2.8291909805172053
-2.816557938169332
-2.809310175817806
-2.791146394290129
-2.779077377052871
-2.772029605720371
-2.769191506250907
-2.7477445889507965
-2.7342767353661936
-2.7198411640492006
-2.7136086982829237
-2.7030293600125397
-2.6815031839896197
-2.673751474906418
-2.656172853042663
-2.647187649747295
-2.6422895936435
-2.6384879953768503
-2.6273432065227906
-2.6086145578091275
-2.5979905135130226
-2.5891889165479243
-2.575389751502297
-2.573734216615579
-2.563961239020328
-2.5576410232146167
-2.5511707415943436
-2.5437519756443643
-2.530408122033502
-2.51533212964085
-2.5087721825155667
-2.494244805051738
-2.486146707860874
-2.47520929477067
-2.4703611625229356
-2.4642817651452424
-2.4470300312447293
-2.43672472472408
-2.432157160788101
-2.4203014475064424
-2.410717477676293
-2.4066379031246363
-2.3988055745448444
-2.392965529088675
-2.385538686177879
-2.373917271224139
-2.3620639387311706
-2.350650151108046
-2.3492993620440217
-2.346149513717403
-2.3315582552128515
-2.319637547495652
-2.299532996707767
-2.2843677700776683
-2.2669529616340727
-2.2589405543530745
-2.2463427658865713
-2.226407281578612
-2.222661025162879
-2.215769677636568
-2.2055095639489557
-2.200467080875001
-2.187949463267294
-2.177867791045308
-2.1669838856541848
-2.146760698807775
-2.129140462750333
-2.115801263534259
-2.112200522224786
-2.075787709020887
-2.059982450810346
-2.0454639625907514
-2.0186642190187865
-2.0035653879114714
-1.9880988527203574
-1.9712178403394816
-1.959392088605709
-1.9544157644744797
-1.9437483782998055
-1.93261466737645
-1.8973597309474692
-1.894249809121619
-1.8782864882941692
-1.811736058154971
-1.803153536576085
-1.7785389181679996
-1.7400812124806995
-1.7306942311222222
-1.7044843549706068
-1.6926646228183655
-1.683763202534634
-1.6750897692699647
-1.663026830587048
-1.6523845179111765
-1.6393954898566812
-1.534408547076578
-1.493423345925508
-1.4645659760292957
-1.460815929534104
-1.4187298051109403
-1.4060874566848516
-1.3812859083371472
-1.3602662389692377
-1.3465658322926566
-1.332037144217499
-1.1903879293994468
-1.181957271146589
-1.1510611625397624
-1.1298224157784558
-1.0429586156530286
-1.0231318952081874
-1.0088138675855682
-0.973776574194153
-0.8851528172866924
-0.8278221690090254
-0.6560486648673909
-0.640892087694527
-0.6109385907286372
-0.5983204316078228
-0.2756776085164906
-0.25875216575225485
0.2587521574963397
0.27567761667697105
0.5983204482049719
0.6109385870830633
0.6408920847339857
0.6560486549147113
0.827822176163217
0.8851528100081906
0.9737765723664321
1.008813879904931
1.0231318806850438
1.0429586197334955
1.1298224164066921
1.151061157339632
1.1819572821878002
1.1903879229467542
1.3320371550353023
1.3465658324105623
1.360266237619835
1.3812859029458238
1.4060874507902563
1.4187298049554682
1.460815936931001
1.4645659797110202
1.493423347259232
1.5344085371451694
1.6393954900556547
1.652384530418528
1.6630268365262315
1.6750897651098273
1.6837632039116741
1.6926646207110223
1.7044843500801963
1.730694221807625
1.7400812154276935
1.7785389318723086
1.8031535267378123
1.8117360521271904
1.878286490128058
1.8942498121864022
1.8973597357046963
1.932614673912731
1.943748378454499
1.9544157611934732
1.959392093378852
1.9712178363829425
1.9880988517793434
2.0035653787301353
2.0186642193597084
2.0454639585286727
2.059982453880582
2.075787706930904
2.1122005321203585
2.1158012722242256
2.129140457637205
2.1467606990126473
2.166983882863995
2.1778677887979474
2.1879494587014996
2.200467076168905
2.205509561537199
2.2157696801675506
2.2226610251430805
2.2264072797707257
2.246342769643822
2.2589405530264237
2.2669529668719988
2.284367765728884
2.2995329966670512
2.3196375469318555
2.331558259451095
2.346149509707281
2.349299365993417
2.3506501485290876
2.3620639419455958
2.3739172692755357
2.385538685405542
2.392965522637703
2.3988055780305086
2.4066379027699893
2.410717480644522
2.420301437489127
2.432157162427556
2.4367247263405813
2.4470300297193086
2.464281766503274
2.470361167567906
2.475209297748253
2.4861467070089813
2.4942448037706484
2.508772182139943
2.5153321261082584
2.530408114582521
2.543751971245711
2.551170752868186
2.557641015181646
2.5639612410309147
2.573734220638525
2.5753897584417227
2.589188919132991
2.5979905144153395
2.608614555044523
2.6273431992890064
2.6384879988049907
2.6422895903011403
2.6471876436461756
2.6561728561174305
2.6737514762706542
2.6815031826613076
2.703029360495139
2.713608700463907
2.719841172629102
2.7342767320553443
2.747744589283996
2.769191512326904
2.7720296052347275
2.779077369476721
2.791146390757298
2.809310178804012
2.816557942729429
2.8291909762602576
2.8334780131489463
2.860721399601998
2.8829688301813468
2.8946513266232374
2.9023594766424066
2.918344875852452
2.933983685163487
2.948659956533576
2.953979463273052
2.9632537941232435
2.9839248002209997
2.99457333063219
3.0030900294409544
3.020919012642996
3.035513153830517
3.060548187851467
3.063805932524148
3.095130679593925
3.1017730089961573
3.1086215043741334
3.122285806283237
3.1468613769999787
3.1623901923123166
3.179240939004588
3.1927192283287296
3.2084564433494682
3.226449144247511
3.245859135026617
3.265375917429934
3.2795259882050267
3.2975809236941145
3.309950587895567
3.339446707823498
3.3521846528935084
3.3940375544114656
3.396599950554556
3.4260416425170184
3.4462344599796726
3.478471543339105
3.5303489474641454
3.538260970503551
