-1.6436651683897445
-1.643665168389744
-1.6367169781267372
-1.6367169781267359
-1.6259509731968247
-1.6259509731968236
-1.6125274709980248
-1.612527470998023
-1.5979471059961188
-1.5979471059961188
-1.5935300848214737
-1.5935300848214735
-1.5863623205124873
-1.5863623205124873
-1.5839242603340902
-1.5839242603340895
-1.5752522060588086
-1.5752522060588086
-1.572219813571984
-1.5722198135719838
-1.5644242471496723
-1.564424247149672
-1.5613929006424756
-1.5613929006424756
-1.5463304624221879
-1.5463304624221874
-1.531835176488756
-1.5318351764887552
-1.519729610043105
-1.519729610043104
-1.5127903414277948
-1.5127903414277948
-1.5116633787068008
-1.5116633787068008
-1.5052381531929941
-1.5052381531929937
-1.4935246896450138
-1.4935246896450134
-1.4811706524876
-1.4811706524875994
-1.4788996842459659
-1.4788996842459656
-1.462988169774763
-1.4629881697747624
-1.4476586247504724
-1.4476586247504724
-1.4348430483951404
-1.4348430483951402
-1.4262968332045582
-1.4262968332045582
-1.425331346474912
-1.4253313464749118
-1.405899416529456
-1.4058994165294558
-1.3977698129908578
-1.397769812990857
-1.385147844405021
-1.3851478444050205
-1.3693658489766192
-1.369365848976619
-1.3521660168712828
-1.3521660168712824
-1.3355650662154464
-1.335565066215446
-1.334453421116705
-1.3344534211167047
-1.321663015223056
-1.3216630152230557
-1.3123799787751995
-1.3123799787751995
-1.2796545445495646
-1.2796545445495644
-1.2707175272644133
-1.2707175272644133
-1.2568202476282617
-1.2568202476282617
-1.2394052655737535
-1.2394052655737535
-1.2203751559131475
-1.2203751559131475
-1.2119341918646898
-1.2119341918646895
-1.2019553361433857
-1.2019553361433855
-1.1864888157066587
-1.1864888157066584
-1.1761393593781657
-1.1761393593781655
-1.1440611874395756
-1.1440611874395756
-1.1340561191212204
-1.1340561191212202
-1.1184620610765765
-1.1184620610765765
-1.0988565236423022
-1.0988565236423016
-1.0773466333494233
-1.0773466333494233
-1.0628956060682575
-1.062895606068257
-1.0564359314709326
-1.0564359314709322
-1.0388050620863796
-1.0388050620863796
-1.026968373367837
-1.0269683733678363
-1.0139664482827166
-1.0139664482827162
-1.0026640708401282
-1.002664070840128
-0.9849920505796377
-0.9849920505796367
-0.9626721234089312
-0.9626721234089308
-0.938044629016526
-0.938044629016526
-0.9139523154630509
-0.9139523154630509
-0.9119026868392892
-0.9119026868392885
-0.899318514751779
-0.899318514751778
-0.8950459857563222
-0.8950459857563219
-0.8935143617501078
-0.8935143617501072
-0.8797249556169221
-0.8797249556169215
-0.8795725619451332
-0.8795725619451329
-0.854503463544944
-0.8545034635449439
-0.8266597111559261
-0.8266597111559258
-0.799216733409604
-0.7992167334096034
-0.7757618620912917
-0.7757618620912915
-0.7598385022864014
-0.7598385022864013
-0.721359323954381
-0.7213593239543806
-0.7125804023833359
-0.712580402383335
-0.6964036979880482
-0.6964036979880472
-0.6707102290280121
-0.6707102290280119
-0.6374797948220703
-0.63747979482207
-0.5996420579349666
-0.5996420579349663
-0.5690323596049414
-0.5690323596049413
-0.5612055831493498
-0.5612055831493495
-0.5272672816242552
-0.5272672816242545
-0.5035462929591724
-0.5035462929591719
-0.0014648800807256401
-0.0014648800807254632
0.0014648800807257186
0.0014648800807263809
0.5035462929591721
0.5035462929591726
0.527267281624255
0.5272672816242553
0.5612055831493487
0.56120558314935
0.5690323596049413
0.5690323596049416
0.5996420579349664
0.5996420579349666
0.6374797948220702
0.6374797948220708
0.6707102290280119
0.6707102290280121
0.6964036979880476
0.6964036979880479
0.7125804023833358
0.7125804023833366
0.7213593239543805
0.7213593239543805
0.7598385022864013
0.759838502286402
0.7757618620912918
0.7757618620912922
0.799216733409604
0.7992167334096044
0.8266597111559263
0.8266597111559264
0.8545034635449433
0.8545034635449446
0.8795725619451329
0.8795725619451329
0.8797249556169221
0.8797249556169225
0.8935143617501075
0.8935143617501078
0.8950459857563219
0.895045985756322
0.8993185147517779
0.8993185147517786
0.9119026868392881
0.9119026868392891
0.913952315463051
0.913952315463051
0.938044629016526
0.9380446290165261
0.9626721234089304
0.9626721234089306
0.984992050579637
0.9849920505796373
1.0026640708401282
1.0026640708401284
1.0139664482827162
1.0139664482827166
1.0269683733678363
1.0269683733678363
1.0388050620863791
1.0388050620863791
1.0564359314709326
1.0564359314709328
1.0628956060682568
1.0628956060682575
1.0773466333494233
1.0773466333494235
1.0988565236423016
1.0988565236423016
1.1184620610765763
1.1184620610765763
1.1340561191212197
1.13405611912122
1.144061187439575
1.1440611874395756
1.176139359378165
1.1761393593781655
1.186488815706658
1.1864888157066582
1.2019553361433855
1.2019553361433855
1.2119341918646893
1.2119341918646898
1.2203751559131473
1.2203751559131475
1.239405265573753
1.2394052655737533
1.2568202476282613
1.2568202476282617
1.2707175272644131
1.2707175272644133
1.2796545445495644
1.2796545445495644
1.3123799787751993
1.3123799787751993
1.3216630152230555
1.3216630152230557
1.3344534211167047
1.334453421116705
1.335565066215446
1.3355650662154466
1.3521660168712824
1.3521660168712826
1.3693658489766192
1.3693658489766192
1.3851478444050205
1.3851478444050207
1.3977698129908565
1.397769812990857
1.4058994165294543
1.4058994165294554
1.425331346474912
1.4253313464749122
1.426296833204558
1.4262968332045585
1.4348430483951398
1.4348430483951404
1.4476586247504724
1.4476586247504724
1.4629881697747624
1.4629881697747624
1.4788996842459656
1.4788996842459656
1.4811706524875994
1.4811706524876
1.4935246896450138
1.4935246896450138
1.5052381531929937
1.5052381531929941
1.5116633787068
1.5116633787068012
1.5127903414277941
1.512790341427795
1.5197296100431046
1.5197296100431046
1.5318351764887561
1.5318351764887566
1.5463304624221879
1.5463304624221879
1.561392900642476
1.5613929006424763
1.564424247149672
1.5644242471496723
1.5722198135719834
1.5722198135719834
1.5752522060588083
1.5752522060588086
1.5839242603340888
1.5839242603340895
1.5863623205124875
1.5863623205124875
1.5935300848214728
1.593530084821473
1.5979471059961186
1.5979471059961192
1.612527470998023
1.6125274709980248
1.6259509731968236
1.6259509731968242
1.6367169781267372
1.6367169781267388
1.6436651683897445
1.6436651683897452
