-1.56963114980025
-1.5696311498002495
-1.5629693634068755
-1.5629693634068726
-1.5526147117918079
-1.5526147117918068
-1.5396272746902269
-1.5396272746902258
-1.5253646089754225
-1.5253646089754216
-1.5170513807635857
-1.5170513807635848
-1.5113531589236722
-1.5113531589236722
-1.510157666073955
-1.5101576660739544
-1.4994383577612649
-1.4994383577612649
-1.499123752819685
-1.4991237528196846
-1.4900082397758307
-1.4900082397758305
-1.4859862349374218
-1.4859862349374213
-1.4848305956936148
-1.4848305956936148
-1.4712036350445126
-1.4712036350445117
-1.4566713137980056
-1.4566713137980054
-1.4439788681700363
-1.4439788681700358
-1.434512983577811
-1.4345129835778105
-1.4320060676417508
-1.4320060676417499
-1.4291342985742446
-1.4291342985742443
-1.4247009027469688
-1.4247009027469684
-1.4133336034397155
-1.413333603439715
-1.3990538146581728
-1.3990538146581726
-1.383342553980856
-1.3833425539808557
-1.3678771152147031
-1.3678771152147031
-1.3543527818141445
-1.354352781814144
-1.3442559227838293
-1.3442559227838289
-1.338514598070335
-1.338514598070335
-1.3185825457829443
-1.3185825457829443
-1.310645342786777
-1.310645342786777
-1.2982797953032055
-1.2982797953032046
-1.282719816869696
-1.2827198168696956
-1.2655651598929696
-1.2655651598929694
-1.2486418039649079
-1.2486418039649076
-1.2338111727036485
-1.2338111727036483
-1.2227193211117773
-1.2227193211117766
-1.2164044892748593
-1.2164044892748591
-1.183056428929711
-1.1830564289297107
-1.1742034740866498
-1.1742034740866498
-1.160384854641347
-1.1603848546413469
-1.1429491294798362
-1.1429491294798362
-1.1236626530784974
-1.1236626530784972
-1.1045673083145404
-1.10456730831454
-1.0877741465381692
-1.0877741465381685
-1.075176786490731
-1.075176786490731
-1.0679899182653936
-1.0679899182653931
-1.0348829698334103
-1.0348829698334099
-1.0247507237257538
-1.0247507237257538
-1.0088871384353753
-1.0088871384353744
-0.9887835758132384
-0.9887835758132381
-0.9664253748441758
-0.9664253748441758
-0.9441552763272192
-0.9441552763272187
-0.9244527251818447
-0.9244527251818447
-0.9095962672679748
-0.9095962672679747
-0.901089736228207
-0.9010897362282069
-0.8889514716162152
-0.8889514716162148
-0.8771351112650045
-0.8771351112650041
-0.8585483188136439
-0.8585483188136439
-0.834832269042967
-0.8348322690429669
-0.8082264303894803
-0.8082264303894799
-0.781460903343182
-0.7814609033431816
-0.7705019603545991
-0.7705019603545988
-0.7575386450429806
-0.7575386450429803
-0.7568385266591006
-0.7568385266590999
-0.7393357336591059
-0.7393357336591055
-0.7352168168366255
-0.7352168168366252
-0.7288447505286946
-0.7288447505286941
-0.7073778830703401
-0.707377883070339
-0.675772531849118
-0.675772531849118
-0.6435213248025186
-0.6435213248025184
-0.6142502346399238
-0.6142502346399233
-0.5916552028731723
-0.5916552028731721
-0.5784921973500431
-0.5784921973500428
-0.5194974403270567
-0.5194974403270566
-0.49900789075083923
-0.49900789075083885
-0.46556211976004225
-0.46556211976004197
-0.4202234989302229
-0.42022349893022237
-0.36451726213973806
-0.36451726213973795
-0.30053953994719523
-0.30053953994719496
-0.2313172504403513
-0.23131725044035095
-0.16204998822270242
-0.1620499882227015
-0.10419952970606192
-0.10419952970606058
0.10419952970606013
0.10419952970606056
0.1620499882227011
0.16204998822270136
0.23131725044035104
0.23131725044035134
0.30053953994719484
0.30053953994719523
0.36451726213973784
0.36451726213973795
0.4202234989302226
0.4202234989302228
0.46556211976004197
0.4655621197600422
0.4990078907508389
0.4990078907508389
0.5194974403270564
0.5194974403270565
0.578492197350043
0.5784921973500431
0.5916552028731715
0.5916552028731723
0.6142502346399236
0.6142502346399237
0.6435213248025179
0.6435213248025186
0.675772531849118
0.6757725318491181
0.7073778830703393
0.7073778830703398
0.7288447505286939
0.7288447505286946
0.7352168168366255
0.7352168168366264
0.7393357336591055
0.7393357336591059
0.7568385266591001
0.756838526659101
0.7575386450429801
0.7575386450429806
0.7705019603545984
0.7705019603545991
0.781460903343182
0.781460903343182
0.8082264303894797
0.80822643038948
0.8348322690429669
0.8348322690429674
0.8585483188136435
0.8585483188136435
0.8771351112650042
0.8771351112650045
0.8889514716162145
0.8889514716162157
0.9010897362282069
0.901089736228207
0.9095962672679747
0.909596267267975
0.9244527251818447
0.9244527251818447
0.9441552763272185
0.9441552763272187
0.9664253748441758
0.9664253748441761
0.9887835758132378
0.9887835758132384
1.0088871384353744
1.0088871384353748
1.0247507237257538
1.024750723725754
1.0348829698334103
1.0348829698334103
1.067989918265393
1.0679899182653931
1.0751767864907298
1.075176786490731
1.0877741465381687
1.0877741465381687
1.1045673083145402
1.1045673083145402
1.123662653078497
1.1236626530784974
1.142949129479836
1.1429491294798362
1.1603848546413473
1.160384854641348
1.1742034740866498
1.17420347408665
1.183056428929711
1.1830564289297116
1.2164044892748596
1.2164044892748598
1.2227193211117773
1.2227193211117775
1.233811172703648
1.2338111727036485
1.2486418039649076
1.248641803964908
1.2655651598929696
1.26556515989297
1.2827198168696958
1.282719816869696
1.2982797953032046
1.2982797953032046
1.3106453427867772
1.3106453427867775
1.3185825457829445
1.3185825457829445
1.338514598070335
1.338514598070335
1.344255922783829
1.344255922783829
1.354352781814144
1.354352781814144
1.3678771152147033
1.3678771152147033
1.3833425539808553
1.383342553980856
1.399053814658173
1.3990538146581732
1.4133336034397148
1.413333603439715
1.4247009027469686
1.4247009027469688
1.4291342985742446
1.429134298574245
1.4320060676417508
1.432006067641751
1.4345129835778105
1.434512983577811
1.4439788681700356
1.4439788681700363
1.4566713137980054
1.456671313798006
1.4712036350445126
1.471203635044513
1.4848305956936148
1.484830595693616
1.4859862349374213
1.485986234937422
1.4900082397758305
1.4900082397758307
1.4991237528196844
1.4991237528196846
1.4994383577612647
1.4994383577612649
1.5101576660739555
1.5101576660739555
1.5113531589236722
1.5113531589236728
1.5170513807635835
1.517051380763585
1.525364608975421
1.5253646089754214
1.5396272746902235
1.539627274690225
1.5526147117918063
1.5526147117918074
1.5629693634068749
1.5629693634068753
1.5696311498002489
1.5696311498002504
