-1.6436651683897447
-1.6436651683897445
-1.6367169781267372
-1.6367169781267372
-1.6259509731968238
-1.6259509731968231
-1.6125274709980242
-1.6125274709980233
-1.5979471059961194
-1.597947105996118
-1.593530084821473
-1.593530084821473
-1.5863623205124877
-1.5863623205124875
-1.5839242603340902
-1.5839242603340895
-1.5752522060588086
-1.5752522060588086
-1.5722198135719838
-1.5722198135719834
-1.5644242471496717
-1.5644242471496717
-1.5613929006424765
-1.5613929006424765
-1.5463304624221879
-1.5463304624221874
-1.5318351764887554
-1.5318351764887552
-1.519729610043105
-1.5197296100431046
-1.5127903414277948
-1.5127903414277943
-1.5116633787068001
-1.5116633787068001
-1.5052381531929944
-1.5052381531929937
-1.4935246896450134
-1.4935246896450134
-1.4811706524876
-1.4811706524876
-1.4788996842459652
-1.4788996842459652
-1.462988169774763
-1.462988169774762
-1.4476586247504728
-1.4476586247504721
-1.4348430483951404
-1.4348430483951398
-1.426296833204559
-1.4262968332045582
-1.4253313464749129
-1.4253313464749118
-1.4058994165294558
-1.405899416529455
-1.3977698129908573
-1.397769812990857
-1.3851478444050211
-1.3851478444050205
-1.3693658489766196
-1.369365848976619
-1.352166016871283
-1.3521660168712824
-1.3355650662154464
-1.3355650662154457
-1.3344534211167052
-1.3344534211167052
-1.321663015223056
-1.3216630152230557
-1.3123799787751995
-1.3123799787751995
-1.2796545445495646
-1.2796545445495644
-1.2707175272644136
-1.2707175272644133
-1.2568202476282617
-1.2568202476282613
-1.2394052655737535
-1.239405265573753
-1.2203751559131475
-1.2203751559131475
-1.2119341918646895
-1.2119341918646895
-1.2019553361433855
-1.201955336143385
-1.1864888157066582
-1.1864888157066582
-1.1761393593781657
-1.1761393593781655
-1.1440611874395756
-1.1440611874395754
-1.1340561191212202
-1.1340561191212202
-1.1184620610765768
-1.118462061076576
-1.0988565236423016
-1.0988565236423016
-1.0773466333494235
-1.0773466333494233
-1.0628956060682573
-1.0628956060682573
-1.056435931470933
-1.0564359314709324
-1.0388050620863798
-1.0388050620863796
-1.026968373367837
-1.0269683733678363
-1.013966448282717
-1.0139664482827166
-1.0026640708401289
-1.0026640708401287
-0.9849920505796373
-0.9849920505796372
-0.962672123408931
-0.9626721234089307
-0.9380446290165267
-0.9380446290165262
-0.913952315463051
-0.9139523154630509
-0.9119026868392888
-0.9119026868392884
-0.8993185147517794
-0.899318514751778
-0.8950459857563223
-0.8950459857563215
-0.8935143617501082
-0.8935143617501076
-0.8797249556169225
-0.8797249556169221
-0.8795725619451329
-0.8795725619451322
-0.8545034635449446
-0.8545034635449443
-0.826659711155926
-0.8266597111559258
-0.7992167334096044
-0.7992167334096042
-0.775761862091292
-0.7757618620912917
-0.7598385022864017
-0.7598385022864017
-0.7213593239543807
-0.7213593239543803
-0.712580402383336
-0.7125804023833359
-0.6964036979880481
-0.6964036979880471
-0.670710229028012
-0.6707102290280114
-0.6374797948220708
-0.6374797948220697
-0.5996420579349664
-0.5996420579349662
-0.5690323596049417
-0.5690323596049411
-0.5612055831493505
-0.5612055831493504
-0.527267281624255
-0.5272672816242546
-0.5035462929591722
-0.5035462929591719
-0.0014648800807258878
-0.0014648800807258657
0.0014648800807259275
0.0014648800807260168
0.5035462929591723
0.5035462929591733
0.527267281624255
0.5272672816242551
0.5612055831493493
0.5612055831493501
0.5690323596049415
0.5690323596049417
0.5996420579349659
0.599642057934966
0.63747979482207
0.6374797948220706
0.6707102290280118
0.670710229028012
0.6964036979880474
0.6964036979880477
0.712580402383335
0.7125804023833354
0.7213593239543808
0.7213593239543808
0.7598385022864014
0.7598385022864017
0.7757618620912917
0.775761862091292
0.7992167334096044
0.7992167334096045
0.8266597111559258
0.8266597111559261
0.8545034635449442
0.8545034635449442
0.8795725619451328
0.8795725619451334
0.8797249556169219
0.8797249556169221
0.8935143617501075
0.8935143617501076
0.895045985756322
0.8950459857563222
0.8993185147517786
0.8993185147517788
0.9119026868392883
0.9119026868392884
0.913952315463051
0.913952315463051
0.938044629016526
0.9380446290165261
0.9626721234089307
0.9626721234089308
0.9849920505796369
0.9849920505796377
1.0026640708401287
1.0026640708401287
1.0139664482827162
1.0139664482827164
1.0269683733678365
1.026968373367837
1.0388050620863793
1.0388050620863796
1.056435931470933
1.0564359314709333
1.0628956060682573
1.0628956060682575
1.0773466333494235
1.0773466333494237
1.0988565236423018
1.0988565236423022
1.1184620610765763
1.1184620610765765
1.1340561191212202
1.1340561191212204
1.1440611874395756
1.1440611874395756
1.1761393593781655
1.1761393593781655
1.1864888157066582
1.1864888157066584
1.2019553361433855
1.2019553361433857
1.2119341918646895
1.21193419186469
1.2203751559131473
1.220375155913148
1.2394052655737535
1.2394052655737537
1.2568202476282617
1.256820247628262
1.2707175272644131
1.2707175272644133
1.2796545445495642
1.2796545445495644
1.312379978775199
1.3123799787751995
1.3216630152230557
1.321663015223056
1.3344534211167047
1.3344534211167052
1.3355650662154461
1.3355650662154464
1.3521660168712824
1.3521660168712828
1.3693658489766192
1.3693658489766194
1.3851478444050207
1.385147844405021
1.3977698129908565
1.3977698129908576
1.4058994165294543
1.4058994165294558
1.4253313464749116
1.4253313464749118
1.4262968332045582
1.4262968332045585
1.4348430483951398
1.4348430483951404
1.4476586247504724
1.4476586247504726
1.462988169774762
1.4629881697747624
1.4788996842459656
1.4788996842459656
1.4811706524875994
1.4811706524876
1.4935246896450138
1.4935246896450138
1.5052381531929944
1.5052381531929944
1.5116633787068001
1.5116633787068006
1.5127903414277948
1.512790341427795
1.519729610043105
1.519729610043105
1.5318351764887554
1.5318351764887561
1.5463304624221865
1.5463304624221879
1.561392900642476
1.561392900642476
1.5644242471496714
1.5644242471496717
1.572219813571984
1.5722198135719845
1.5752522060588083
1.5752522060588086
1.5839242603340902
1.5839242603340904
1.5863623205124868
1.5863623205124875
1.5935300848214724
1.5935300848214735
1.59794710599612
1.59794710599612
1.6125274709980233
1.6125274709980233
1.625950973196823
1.6259509731968238
1.636716978126737
1.6367169781267377
1.6436651683897439
1.6436651683897439
