-1.0692818812481801
-1.06928188124818
-0.9404413041087212
-0.940441304108721
-0.9404413041087206
-0.9404413041087202
-0.7908830200363237
-0.7908830200363232
-0.7565527818702336
-0.7565527818702334
-0.7565527818702333
-0.756552781870233
-0.5598555319577124
-0.5598555319577121
-0.5598555319577119
-0.5598555319577118
-0.03715483744453323
-0.037154837444532955
0.03715483744453327
0.037154837444533406
0.5598555319577113
0.5598555319577118
0.5598555319577118
0.5598555319577124
0.7565527818702329
0.756552781870233
0.7565527818702336
0.7565527818702342
0.7908830200363226
0.7908830200363236
0.9404413041087193
0.9404413041087201
0.9404413041087204
0.9404413041087212
1.0692818812481801
1.0692818812481801
