-1.0940125664310618
-1.0940125664310614
-0.9958005455898159
-0.9958005455898155
-0.9958005455898152
-0.9958005455898142
-0.9000141562262345
-0.9000141562262345
-0.9000141562262339
-0.9000141562262327
-0.886777287533274
-0.8867772875332728
-0.7776764831827673
-0.7776764831827668
-0.7776764831827667
-0.7776764831827666
-0.6505286060629182
-0.6505286060629182
0.6505286060629182
0.6505286060629182
0.7776764831827659
0.7776764831827667
0.7776764831827668
0.7776764831827673
0.886777287533273
0.886777287533273
0.9000141562262344
0.9000141562262345
0.9000141562262349
0.9000141562262349
0.9958005455898137
0.995800545589815
0.9958005455898155
0.9958005455898157
1.0940125664310612
1.0940125664310618
