-7.92813459554423
-7.9281345955442255
-7.280008647224118
-7.280008647224113
-7.280008647224113
-7.280008647224111
-6.568236722458356
-6.568236722458355
-5.6061693409024675
-5.6061693409024675
-5.606169340902464
-5.606169340902462
-4.644603580228072
-4.644603580228072
-4.644603580228066
-4.644603580228065
-0.05432488089544084
-0.05432488089543833
0.05432488089543637
0.05432488089543858
4.644603580228066
4.644603580228066
4.644603580228068
4.644603580228068
5.60616934090246
5.606169340902466
5.606169340902466
5.606169340902469
6.568236722458356
6.568236722458356
7.2800086472241095
7.280008647224116
7.280008647224118
7.280008647224118
7.928134595544229
7.928134595544229
