-8.104558067935981
-8.104558067935965
-7.638351833949506
-7.638351833949504
-7.6383518339495
-7.638351833949495
-7.1761768023839485
-7.176176802383944
-7.176176802383937
-7.176176802383933
-7.141776809859942
-7.141776809859935
-6.645153930626964
-6.645153930626964
-6.645153930626963
-6.645153930626953
-6.108286627328546
-6.1082866273285426
6.1082866273285426
6.108286627328548
6.645153930626958
6.645153930626961
6.645153930626963
6.6451539306269645
7.1417768098599375
7.14177680985994
7.176176802383936
7.176176802383939
7.176176802383942
7.176176802383946
7.638351833949495
7.638351833949496
7.6383518339495
7.638351833949502
8.104558067935974
8.104558067935976
