-2.548324980734392
-2.5483249807343906
-2.191332639241439
-2.1913326392414376
-2.1913326392414367
-2.1913326392414367
-1.8560826673164732
-1.8560826673164719
-1.8560826673164719
-1.8560826673164716
-1.7634957511076528
-1.7634957511076523
-1.3240171435002397
-1.3240171435002395
-1.324017143500239
-1.3240171435002386
-0.6293850398526515
-0.6293850398526515
0.6293850398526506
0.6293850398526514
1.3240171435002384
1.324017143500239
1.3240171435002395
1.3240171435002395
1.7634957511076526
1.7634957511076532
1.856082667316472
1.8560826673164725
1.8560826673164725
1.856082667316473
2.1913326392414367
2.1913326392414367
2.1913326392414367
2.1913326392414385
2.5483249807343906
2.548324980734392
