-1.5932678723221914
-1.59326787232219
-1.5919022228385908
-1.5919022228385897
-1.570900057470918
-1.570900057470917
-1.5517355393385817
-1.5517355393385812
-1.547397005647206
-1.5473970056472055
-1.5421872140341193
-1.5421872140341188
-1.4964722141022957
-1.4964722141022953
-1.4875153417736255
-1.4875153417736255
-1.4860074273460395
-1.4860074273460393
-1.467848340004169
-1.4678483400041689
-1.4644740028362315
-1.464474002836231
-1.4632497411129486
-1.4632497411129481
-1.4535119562626482
-1.453511956262648
-1.4308987530812332
-1.4308987530812332
-1.415779239021167
-1.415779239021166
-1.3788072691202946
-1.378807269120294
-1.376713310624873
-1.376713310624873
-1.3501450401984278
-1.3501450401984272
-1.3445269566206102
-1.3445269566206102
-1.339589205145243
-1.3395892051452418
-1.3334704324726891
-1.3334704324726887
-1.3269628982460855
-1.3269628982460853
-1.3228977875227383
-1.322897787522738
-1.2227221898670246
-1.2227221898670244
-1.2204213226398055
-1.2204213226398055
-1.2104537148179715
-1.210453714817971
-1.2038689594181733
-1.2038689594181728
-1.1575190306729939
-1.1575190306729934
-1.1520434049995227
-1.1520434049995225
-1.1363312849994225
-1.136331284999422
-1.130333108025336
-1.1303331080253356
-1.093330891311051
-1.0933308913110507
-1.08201328259644
-1.08201328259644
-1.06726572547209
-1.0672657254720899
-1.033638845921715
-1.0336388459217147
-0.9767789135861218
-0.976778913586121
-0.9749375429127097
-0.9749375429127097
-0.9403793985838989
-0.9403793985838986
-0.9036070516453002
-0.9036070516453
-0.9014596913553181
-0.9014596913553179
-0.8995536563696196
-0.8995536563696194
-0.8340033428326037
-0.8340033428326037
-0.8291537305957005
-0.8291537305957
-0.826642170310465
-0.826642170310465
-0.8249106564940817
-0.8249106564940815
-0.771322129048405
-0.7713221290484045
-0.7651766860151283
-0.7651766860151283
-0.7645389777673739
-0.7645389777673739
-0.7602061378520016
-0.7602061378520011
-0.7290916259939512
-0.729091625993951
-0.7260800731631972
-0.7260800731631969
-0.611848979409125
-0.6118489794091244
-0.6103304149736987
-0.6103304149736982
-0.580940651205507
-0.5809406512055068
-0.2546047575041091
-0.25460475750410877
-0.25158009459197717
-0.2515800945919771
-0.20674881220499428
-0.20674881220499422
-0.19984641127412245
-0.1998464112741221
-0.19450220147016073
-0.19450220147016054
-0.19067636923080378
-0.19067636923080356
-0.13159030890415596
-0.13159030890415585
-0.11668941133609774
-0.11668941133609767
-0.038972861779483864
-0.0389728617794838
-0.015485200157786705
-0.015485200157786231
0.01548520015778659
0.015485200157786748
0.03897286177948383
0.038972861779484176
0.1166894113360969
0.1166894113360976
0.13159030890415557
0.13159030890415632
0.1906763692308033
0.1906763692308036
0.1945022014701605
0.19450220147016073
0.1998464112741226
0.1998464112741227
0.20674881220499397
0.20674881220499491
0.25158009459197644
0.2515800945919769
0.2546047575041086
0.2546047575041094
0.5809406512055062
0.5809406512055069
0.6103304149736974
0.6103304149736979
0.6118489794091237
0.6118489794091243
0.7260800731631967
0.7260800731631976
0.7290916259939508
0.729091625993951
0.7602061378520013
0.7602061378520015
0.7645389777673735
0.7645389777673736
0.7651766860151281
0.7651766860151281
0.7713221290484045
0.7713221290484046
0.8249106564940815
0.8249106564940818
0.8266421703104638
0.8266421703104644
0.8291537305957
0.8291537305957002
0.8340033428326038
0.834003342832604
0.8995536563696187
0.8995536563696194
0.9014596913553172
0.9014596913553177
0.9036070516452993
0.9036070516453
0.9403793985838977
0.9403793985838986
0.9749375429127096
0.9749375429127097
0.9767789135861212
0.9767789135861216
1.0336388459217147
1.033638845921715
1.0672657254720899
1.0672657254720899
1.0820132825964397
1.08201328259644
1.0933308913110504
1.0933308913110509
1.1303331080253356
1.130333108025336
1.1363312849994225
1.136331284999423
1.1520434049995232
1.1520434049995232
1.157519030672994
1.157519030672994
1.2038689594181728
1.2038689594181737
1.2104537148179713
1.2104537148179715
1.220421322639805
1.2204213226398053
1.2227221898670246
1.222722189867025
1.3228977875227388
1.322897787522739
1.3269628982460855
1.3269628982460864
1.3334704324726887
1.3334704324726894
1.3395892051452423
1.3395892051452432
1.3445269566206102
1.3445269566206104
1.3501450401984272
1.3501450401984276
1.3767133106248732
1.3767133106248735
1.3788072691202933
1.3788072691202937
1.4157792390211668
1.4157792390211672
1.430898753081233
1.4308987530812332
1.4535119562626484
1.4535119562626484
1.463249741112948
1.4632497411129484
1.4644740028362315
1.4644740028362317
1.4678483400041693
1.4678483400041697
1.4860074273460397
1.4860074273460404
1.4875153417736253
1.4875153417736258
1.496472214102294
1.4964722141022968
1.542187214034118
1.542187214034119
1.5473970056472062
1.5473970056472064
1.5517355393385814
1.5517355393385819
1.5709000574709173
1.5709000574709178
1.5919022228385904
1.5919022228385915
1.5932678723221905
1.5932678723221914
