-1.528796871755702
-1.5287968717557014
-1.5277733647273148
-1.5277733647273146
-1.5232229116145677
-1.5232229116145675
-1.5129400658430696
-1.5129400658430694
-1.4798137038454884
-1.4798137038454864
-1.4790532077363985
-1.4790532077363971
-1.4735124659194925
-1.4735124659194916
-1.458568241770543
-1.4585682417705428
-1.4170885629951713
-1.4170885629951713
-1.4128026772981033
-1.4128026772981022
-1.4022554485922127
-1.4022554485922125
-1.3988855943916045
-1.3988855943916043
-1.3856448566866255
-1.3856448566866255
-1.3737418331285967
-1.3737418331285967
-1.3693385305870323
-1.3693385305870318
-1.3687285232168644
-1.3687285232168642
-1.2871507747274546
-1.2871507747274544
-1.2850364166947463
-1.2850364166947457
-1.2717953703776534
-1.271795370377653
-1.2684911374824979
-1.2684911374824974
-1.2595008196890032
-1.2595008196890027
-1.2543888844918956
-1.2543888844918956
-1.2394548233327871
-1.2394548233327864
-1.234163836053218
-1.2341638360532174
-1.13042650640004
-1.130426506400039
-1.129126764192934
-1.1291267641929335
-1.125491535190626
-1.1254915351906258
-1.1045027435582748
-1.1045027435582744
-1.0394452929552027
-1.039445292955202
-1.0355497760392802
-1.0355497760392798
-1.0244328946223076
-1.0244328946223076
-1.0195628987820389
-1.0195628987820384
-0.9746018482704965
-0.9746018482704959
-0.9628482797723095
-0.9628482797723091
-0.9540784281695105
-0.95407842816951
-0.9464276262502171
-0.9464276262502165
-0.8240772221195876
-0.8240772221195871
-0.8223312865041071
-0.8223312865041068
-0.8136405609736285
-0.8136405609736284
-0.7840399310082731
-0.7840399310082727
-0.7099165679287819
-0.7099165679287814
-0.7094486082946877
-0.7094486082946876
-0.681505102256726
-0.6815051022567259
-0.6601061581909575
-0.6601061581909573
-0.6564425279579416
-0.6564425279579412
-0.652217255652642
-0.6522172556526419
-0.6461467269050073
-0.646146726905007
-0.6423600957154724
-0.642360095715472
-0.6072149032062386
-0.6072149032062385
-0.6050885673507529
-0.6050885673507529
-0.6021768290915266
-0.6021768290915265
-0.6017979004157702
-0.60179790041577
-0.42784062134342676
-0.42784062134342593
-0.4129461093039266
-0.4129461093039257
-0.3566295176932765
-0.35662951769327644
-0.3530564754945015
-0.3530564754945014
-0.33646034857055146
-0.33646034857055124
-0.3297327452931723
-0.32973274529317215
-0.3071118581359354
-0.30711185813593517
-0.2831036128931692
-0.2831036128931686
-0.27759446930760473
-0.2775944693076044
-0.2743525801027294
-0.2743525801027292
-0.2073696289721817
-0.2073696289721816
-0.19057047524766121
-0.19057047524766066
0.1905704752476602
0.19057047524766085
0.2073696289721817
0.20736962897218186
0.2743525801027289
0.27435258010272945
0.2775944693076044
0.27759446930760473
0.2831036128931687
0.28310361289316904
0.30711185813593567
0.3071118581359357
0.3297327452931727
0.32973274529317287
0.3364603485705512
0.33646034857055146
0.35305647549450137
0.3530564754945016
0.3566295176932762
0.35662951769327655
0.41294610930392606
0.4129461093039262
0.4278406213434267
0.4278406213434276
0.60179790041577
0.6017979004157702
0.6021768290915263
0.6021768290915263
0.6050885673507526
0.6050885673507529
0.6072149032062386
0.6072149032062387
0.6423600957154719
0.642360095715472
0.6461467269050064
0.6461467269050069
0.652217255652642
0.6522172556526421
0.6564425279579411
0.6564425279579414
0.6601061581909575
0.6601061581909576
0.6815051022567258
0.6815051022567259
0.7094486082946876
0.7094486082946877
0.7099165679287814
0.7099165679287818
0.7840399310082727
0.7840399310082735
0.813640560973628
0.8136405609736284
0.8223312865041068
0.8223312865041068
0.8240772221195876
0.8240772221195879
0.9464276262502165
0.9464276262502169
0.9540784281695094
0.9540784281695105
0.962848279772309
0.9628482797723095
0.9746018482704965
0.9746018482704965
1.0195628987820387
1.019562898782039
1.0244328946223076
1.0244328946223087
1.0355497760392804
1.0355497760392804
1.039445292955202
1.0394452929552025
1.104502743558275
1.104502743558275
1.125491535190626
1.125491535190626
1.1291267641929332
1.1291267641929335
1.1304265064000396
1.1304265064000398
1.2341638360532179
1.234163836053218
1.2394548233327862
1.239454823332787
1.254388884491895
1.2543888844918951
1.259500819689002
1.2595008196890023
1.268491137482497
1.2684911374824972
1.2717953703776523
1.2717953703776526
1.2850364166947463
1.2850364166947466
1.2871507747274542
1.2871507747274549
1.3687285232168633
1.3687285232168633
1.3693385305870314
1.3693385305870318
1.373741833128596
1.3737418331285964
1.3856448566866248
1.3856448566866248
1.3988855943916039
1.3988855943916043
1.4022554485922119
1.4022554485922123
1.4128026772981017
1.4128026772981024
1.417088562995171
1.4170885629951713
1.4585682417705421
1.4585682417705428
1.4735124659194916
1.473512465919493
1.4790532077363978
1.4790532077363978
1.4798137038454875
1.4798137038454877
1.5129400658430696
1.51294006584307
1.5232229116145686
1.5232229116145692
1.5277733647273142
1.5277733647273146
1.528796871755702
1.5287968717557028
