-1.5932678723221911
-1.5932678723221905
-1.591902222838591
-1.5919022228385897
-1.5709000574709173
-1.5709000574709162
-1.5517355393385817
-1.5517355393385817
-1.5473970056472066
-1.5473970056472062
-1.5421872140341195
-1.5421872140341168
-1.4964722141022975
-1.4964722141022972
-1.4875153417736253
-1.4875153417736253
-1.4860074273460395
-1.486007427346039
-1.4678483400041693
-1.467848340004169
-1.4644740028362322
-1.4644740028362315
-1.4632497411129486
-1.4632497411129484
-1.453511956262648
-1.4535119562626477
-1.4308987530812332
-1.430898753081233
-1.4157792390211663
-1.415779239021166
-1.3788072691202937
-1.3788072691202933
-1.3767133106248735
-1.376713310624873
-1.3501450401984278
-1.3501450401984278
-1.3445269566206104
-1.3445269566206102
-1.3395892051452427
-1.3395892051452427
-1.3334704324726885
-1.3334704324726885
-1.3269628982460857
-1.3269628982460855
-1.3228977875227383
-1.3228977875227383
-1.2227221898670244
-1.2227221898670244
-1.220421322639805
-1.2204213226398044
-1.2104537148179717
-1.2104537148179708
-1.2038689594181728
-1.2038689594181728
-1.157519030672994
-1.1575190306729932
-1.1520434049995227
-1.1520434049995227
-1.1363312849994223
-1.1363312849994218
-1.1303331080253356
-1.1303331080253356
-1.0933308913110509
-1.0933308913110504
-1.0820132825964397
-1.0820132825964397
-1.0672657254720896
-1.0672657254720896
-1.0336388459217152
-1.0336388459217143
-0.9767789135861213
-0.9767789135861203
-0.9749375429127094
-0.9749375429127092
-0.9403793985838992
-0.9403793985838983
-0.9036070516453005
-0.9036070516452996
-0.9014596913553172
-0.9014596913553169
-0.8995536563696196
-0.8995536563696188
-0.8340033428326041
-0.8340033428326037
-0.8291537305957005
-0.8291537305957005
-0.8266421703104647
-0.8266421703104645
-0.8249106564940818
-0.8249106564940818
-0.7713221290484048
-0.7713221290484046
-0.7651766860151282
-0.7651766860151274
-0.7645389777673737
-0.7645389777673737
-0.7602061378520014
-0.7602061378520013
-0.7290916259939508
-0.7290916259939508
-0.7260800731631969
-0.7260800731631967
-0.6118489794091242
-0.6118489794091239
-0.6103304149736972
-0.6103304149736971
-0.5809406512055066
-0.5809406512055065
-0.2546047575041088
-0.25460475750410855
-0.2515800945919771
-0.2515800945919769
-0.20674881220499436
-0.2067488122049943
-0.19984641127412237
-0.19984641127412214
-0.19450220147016084
-0.19450220147016034
-0.19067636923080356
-0.19067636923080333
-0.13159030890415596
-0.13159030890415557
-0.11668941133609817
-0.11668941133609748
-0.0389728617794848
-0.038972861779483406
-0.015485200157786568
-0.015485200157786462
0.01548520015778636
0.015485200157786561
0.038972861779483295
0.03897286177948376
0.11668941133609771
0.11668941133609821
0.13159030890415613
0.13159030890415632
0.19067636923080356
0.19067636923080378
0.19450220147016029
0.19450220147016045
0.1998464112741221
0.1998464112741221
0.20674881220499436
0.20674881220499447
0.25158009459197705
0.25158009459197705
0.25460475750410866
0.25460475750410905
0.5809406512055064
0.5809406512055066
0.6103304149736979
0.610330414973698
0.6118489794091244
0.6118489794091246
0.7260800731631967
0.7260800731631972
0.7290916259939507
0.7290916259939508
0.760206137852001
0.7602061378520013
0.7645389777673735
0.7645389777673736
0.7651766860151278
0.7651766860151282
0.7713221290484044
0.7713221290484045
0.8249106564940815
0.8249106564940817
0.8266421703104647
0.826642170310465
0.8291537305957
0.8291537305957002
0.8340033428326035
0.8340033428326037
0.8995536563696191
0.8995536563696196
0.9014596913553172
0.9014596913553173
0.9036070516453002
0.9036070516453004
0.9403793985838983
0.9403793985838985
0.9749375429127091
0.9749375429127092
0.9767789135861209
0.9767789135861213
1.0336388459217143
1.0336388459217154
1.0672657254720899
1.0672657254720903
1.082013282596439
1.0820132825964393
1.0933308913110507
1.0933308913110509
1.1303331080253354
1.1303331080253356
1.136331284999422
1.1363312849994223
1.152043404999522
1.1520434049995223
1.1575190306729932
1.1575190306729937
1.2038689594181726
1.2038689594181728
1.2104537148179713
1.2104537148179713
1.220421322639805
1.220421322639805
1.2227221898670244
1.2227221898670246
1.322897787522738
1.3228977875227381
1.3269628982460855
1.3269628982460855
1.3334704324726887
1.333470432472689
1.3395892051452427
1.339589205145243
1.3445269566206104
1.3445269566206106
1.3501450401984265
1.3501450401984267
1.3767133106248726
1.376713310624873
1.3788072691202937
1.3788072691202944
1.4157792390211663
1.415779239021167
1.4308987530812332
1.4308987530812336
1.4535119562626475
1.4535119562626482
1.4632497411129477
1.463249741112948
1.4644740028362313
1.4644740028362315
1.4678483400041686
1.4678483400041689
1.4860074273460393
1.4860074273460402
1.4875153417736253
1.4875153417736253
1.4964722141022964
1.4964722141022966
1.5421872140341188
1.542187214034119
1.547397005647206
1.5473970056472066
1.5517355393385814
1.551735539338582
1.5709000574709167
1.570900057470917
1.5919022228385902
1.5919022228385908
1.5932678723221905
1.5932678723221907
