-1.72009869744644
-1.6636097437778758
-1.651345938563871
-1.6502972051717917
-1.6166123767616283
-1.6031024407900447
-1.5987636023141092
-1.571428582479488
-1.5524033985378434
-1.5362681296599903
-1.5325004651000722
-1.5196131056235118
-1.5185212341394412
-1.497912739650871
-1.4895259046856968
-1.4866733542754196
-1.4805448626996642
-1.4803445198686764
-1.4760376798257944
-1.4708590328652704
-1.4570354088639699
-1.4406472541958968
-1.4305385927060765
-1.4274390340248575
-1.4101413078131242
-1.3999288319105954
-1.3898413345436709
-1.3860570942366397
-1.3771625393557867
-1.3700830133728363
-1.365946006990866
-1.3563303275356517
-1.3544407514591323
-1.3524850193850944
-1.329556944327802
-1.3263188611054488
-1.3175460799634657
-1.3127124050132148
-1.309139819444329
-1.3026812034429527
-1.2966054282809159
-1.2895990194379165
-1.2764494505348498
-1.2659722535214746
-1.2614293577911813
-1.2563915110458466
-1.2508329472061948
-1.2465689463594527
-1.233983016871974
-1.2282798183719166
-1.2176394633563734
-1.2148904665210793
-1.2086946359356874
-1.2059498946151403
-1.196646839821852
-1.193026307650935
-1.1900149133934939
-1.1824969417354085
-1.1743903755737037
-1.1662939223519682
-1.1624874873061846
-1.1552223269709208
-1.1528883512825836
-1.145394162535578
-1.1295211666490619
-1.1253927456694632
-1.1210080553574295
-1.118513351161929
-1.11105278709646
-1.1040586526496512
-1.0978928901344522
-1.094310338861497
-1.0839663278070937
-1.0746120013998985
-1.070821624653962
-1.0531440915890666
-1.0440608769845316
-1.040380907363334
-1.0362267852825424
-1.0224474392860214
-1.016801426732413
-1.0014304754081162
-0.9952293831190572
-0.9863073399046026
-0.983436612054578
-0.9782714989895673
-0.964625504987623
-0.9505275712531934
-0.9285798121584542
-0.918731936678622
-0.8997134526696938
-0.8907435899575534
-0.8727674940004222
-0.8619795532283148
-0.8486478131429163
-0.8287139323330542
-0.8213558217586877
-0.8006117865470566
-0.7992905520764588
-0.7650361012379138
-0.7423509332940414
-0.7365697945559455
-0.7310304754751107
-0.6736102748007726
-0.646658029944435
-0.628849965057311
-0.6249353040574174
-0.602211323964785
-0.2899305577381995
-0.2780961988324853
-0.2706291012259923
-0.25660662928980066
-0.252561699243018
-0.2439821749868009
-0.2398553470052517
-0.23510853800440104
-0.21772931893243916
-0.2146705412513868
-0.20766152184093578
-0.20214268441467476
-0.19577876189128762
-0.183935068203952
-0.1729572116503319
-0.16688546126966272
-0.05558427547215348
-0.04534622943948742
-0.01942844181790665
-0.016424355726245957
0.01642435572624542
0.019428441817906275
0.045346229439487414
0.05558427547215311
0.16688546126966244
0.1729572116503317
0.18393506820395217
0.195778761891288
0.2021426844146748
0.2076615218409361
0.2146705412513868
0.21772931893243916
0.23510853800440112
0.23985534700525174
0.24398217498680122
0.25256169924301825
0.2566066292898005
0.27062910122599226
0.2780961988324853
0.28993055773819937
0.6022113239647853
0.6249353040574178
0.6288499650573105
0.6466580299444349
0.6736102748007726
0.7310304754751106
0.7365697945559455
0.7423509332940412
0.7650361012379142
0.7992905520764585
0.8006117865470562
0.8213558217586878
0.8287139323330538
0.8486478131429165
0.861979553228315
0.8727674940004222
0.8907435899575539
0.8997134526696944
0.9187319366786217
0.9285798121584541
0.9505275712531932
0.9646255049876227
0.9782714989895671
0.9834366120545779
0.9863073399046026
0.9952293831190572
1.0014304754081162
1.0168014267324128
1.022447439286021
1.036226785282543
1.0403809073633343
1.0440608769845316
1.0531440915890664
1.0708216246539617
1.0746120013998983
1.0839663278070937
1.094310338861496
1.097892890134452
1.1040586526496505
1.1110527870964597
1.118513351161929
1.12100805535743
1.125392745669464
1.1295211666490619
1.1453941625355777
1.1528883512825834
1.1552223269709205
1.1624874873061843
1.166293922351968
1.1743903755737035
1.1824969417354083
1.1900149133934932
1.1930263076509353
1.1966468398218517
1.20594989461514
1.208694635935687
1.2148904665210807
1.2176394633563739
1.228279818371917
1.2339830168719739
1.246568946359453
1.2508329472061925
1.2563915110458466
1.2614293577911813
1.2659722535214744
1.2764494505348492
1.289599019437916
1.2966054282809156
1.3026812034429516
1.3091398194443287
1.312712405013215
1.3175460799634653
1.3263188611054493
1.329556944327801
1.3524850193850944
1.3544407514591326
1.3563303275356517
1.365946006990866
1.370083013372836
1.3771625393557858
1.386057094236639
1.3898413345436702
1.3999288319105954
1.4101413078131244
1.4274390340248573
1.430538592706076
1.440647254195897
1.4570354088639696
1.4708590328652704
1.4760376798257944
1.4803445198686764
1.4805448626996636
1.4866733542754198
1.4895259046856968
1.4979127396508711
1.5185212341394418
1.5196131056235118
1.5325004651000724
1.536268129659991
1.5524033985378436
1.571428582479488
1.5987636023141085
1.6031024407900454
1.6166123767616283
1.6502972051717917
1.6513459385638705
1.6636097437778758
1.7200986974464394
