-1.7016241784966897
-1.691385335859623
-1.673117512503949
-1.6684070690621033
-1.6635117220937783
-1.655891060621151
-1.6398670511023052
-1.6313515980263384
-1.628982838396827
-1.6175911639100358
-1.6122166680381635
-1.6027814456287586
-1.5938515830211708
-1.5779613714567833
-1.5760744692147979
-1.5612191116761893
-1.558199501486455
-1.5552622099016675
-1.5453573534713712
-1.5393435774572757
-1.5346118495225227
-1.5295994167088147
-1.5270881318427738
-1.5208181394004945
-1.5063659583073168
-1.501372393697185
-1.4995317578610676
-1.4956779022807465
-1.4909655357939053
-1.4860440926934797
-1.4754061263406564
-1.4742664571940698
-1.4679571811732535
-1.461721797823905
-1.4560047870761603
-1.4482023730971727
-1.4385009868244132
-1.4369618905266004
-1.431575851032576
-1.4271320169993622
-1.4213825526568284
-1.4158049334401852
-1.4120759000469154
-1.4010220904313382
-1.3910270654052979
-1.3887612017334081
-1.3868997153156102
-1.3798223401377974
-1.3761035097296126
-1.3700683947294259
-1.3667873566524062
-1.3583919073994248
-1.3523577003822767
-1.3464837486225603
-1.3443318272973526
-1.3352615787217206
-1.3299203018551125
-1.327899739736346
-1.321038571330575
-1.3167689209626157
-1.3107046889853575
-1.3096983504309225
-1.3054196878121993
-1.3002555943831584
-1.296928828910541
-1.2836734152161529
-1.283080553436106
-1.28219548533035
-1.2749694355817662
-1.27177123967596
-1.259919593137854
-1.2480594635651718
-1.2467396679820704
-1.2435604880858186
-1.2369988153077645
-1.232584201822955
-1.2242253327312829
-1.2115349529754746
-1.2051542460234845
-1.201983500376318
-1.193769063002948
-1.1888842384339815
-1.1834122395027744
-1.1801944381055167
-1.172830985399405
-1.17207235256999
-1.1655772938252185
-1.163491377655085
-1.1560114136050161
-1.1540522884176037
-1.1498264231312916
-1.13868537965421
-1.1336507268217817
-1.1254088595707226
-1.1194515795962603
-1.1115060734007354
-1.1041062334314284
-1.1020540296151844
-1.1010035037700892
-1.0865884958789298
-1.076665940914247
-1.0662954833224902
-1.0615395787137052
-1.0583676000009608
-1.051405861588411
-1.0467948648954495
-1.0334078262388775
-1.0310868407959806
-1.0252179051396697
-1.0222653134926352
-1.0086859515892976
-1.0049920831693049
-0.998299460444402
-0.9936332224995409
-0.9907179190179706
-0.9860342790079581
-0.9696876351013115
-0.9638381201374199
-0.9602569820347038
-0.9531790041281097
-0.9343736119607102
-0.9207872581380413
-0.905783464499607
-0.8942684582663182
-0.8801995247743888
-0.8725371170897054
-0.8610631753937377
-0.828623823580344
0.8286238235803441
0.8610631753937378
0.8725371170897052
0.8801995247743889
0.8942684582663183
0.9057834644996069
0.9207872581380412
0.9343736119607102
0.9531790041281097
0.960256982034704
0.9638381201374197
0.9696876351013115
0.9860342790079583
0.990717919017971
0.9936332224995412
0.9982994604444019
1.0049920831693047
1.0086859515892974
1.0222653134926352
1.02521790513967
1.0310868407959803
1.0334078262388775
1.0467948648954497
1.051405861588411
1.0583676000009608
1.061539578713705
1.0662954833224902
1.076665940914247
1.0865884958789296
1.1010035037700905
1.1020540296151842
1.1041062334314284
1.1115060734007354
1.1194515795962603
1.1254088595707228
1.133650726821782
1.13868537965421
1.1498264231312916
1.154052288417604
1.1560114136050164
1.1634913776550855
1.1655772938252185
1.1720723525699905
1.1728309853994052
1.1801944381055174
1.1834122395027744
1.1888842384339815
1.1937690630029478
1.2019835003763177
1.2051542460234848
1.2115349529754746
1.2242253327312829
1.232584201822955
1.2369988153077647
1.2435604880858189
1.2467396679820706
1.248059463565172
1.259919593137854
1.2717712396759604
1.2749694355817662
1.2821954853303499
1.2830805534361054
1.283673415216153
1.296928828910541
1.3002555943831586
1.3054196878121993
1.3096983504309223
1.3107046889853573
1.3167689209626157
1.321038571330575
1.327899739736346
1.329920301855112
1.3352615787217208
1.344331827297353
1.346483748622561
1.3523577003822769
1.3583919073994246
1.3667873566524058
1.3700683947294259
1.3761035097296124
1.3798223401377971
1.3868997153156093
1.3887612017334074
1.3910270654052976
1.4010220904313377
1.4120759000469156
1.4158049334401852
1.4213825526568284
1.4271320169993622
1.4315758510325762
1.4369618905266006
1.4385009868244134
1.448202373097173
1.4560047870761608
1.4617217978239054
1.4679571811732546
1.47426645719407
1.4754061263406568
1.4860440926934804
1.490965535793906
1.4956779022807465
1.4995317578610676
1.5013723936971852
1.5063659583073161
1.520818139400494
1.527088131842774
1.529599416708815
1.5346118495225227
1.539343577457276
1.5453573534713716
1.5552622099016677
1.558199501486455
1.5612191116761893
1.5760744692147985
1.5779613714567826
1.5938515830211708
1.6027814456287586
1.6122166680381635
1.6175911639100353
1.628982838396827
1.6313515980263382
1.6398670511023048
1.655891060621151
1.6635117220937776
1.668407069062103
1.6731175125039497
1.6913853358596227
1.701624178496689
