-1.544131598655037
-1.5302765473977646
-1.523685667270179
-1.5031988990208152
-1.493398098760316
-1.4925438281953418
-1.4886381577440178
-1.4844033422657366
-1.4760495726476872
-1.4684170805339718
-1.4608137566488884
-1.4591955590786063
-1.4488366284518448
-1.4413416029230082
-1.4241504106188356
-1.4235729261315269
-1.4036512422781287
-1.4030817704019884
-1.398589084847148
-1.3971353527328558
-1.395915274943161
-1.393831686772992
-1.3705560280162317
-1.3620311204425108
-1.3569616872588959
-1.3561615558879176
-1.3509114164428224
-1.3478268830335074
-1.340275400414426
-1.3370222658713733
-1.3264621049060186
-1.3225918995319987
-1.3179246557844482
-1.3131360819601592
-1.304330043273309
-1.297562166913505
-1.296274176905712
-1.2884707671664684
-1.2856837785851376
-1.2816539572476242
-1.2796715722789285
-1.2736717057894789
-1.2607578134800503
-1.2594353408130432
-1.2557939023601763
-1.2530592490864658
-1.249762128221431
-1.2453745119107535
-1.2314444717368533
-1.2147212149961348
-1.2100045268667081
-1.2041986424768611
-1.1952134985506615
-1.1768882534899008
-1.1763178523737978
-1.172534654374385
-1.1711207338534688
-1.1591640630877311
-1.1516001152303164
-1.148423018266691
-1.1420466203897277
-1.1416288797371306
-1.1346911332977079
-1.133799613197695
-1.1321639515683408
-1.1260972018563424
-1.1229247216703984
-1.1213789078294343
-1.1130567015339186
-1.1124759990718527
-1.1025923262387523
-1.089105256944064
-1.0875052804975094
-1.0863485509217896
-1.0785672600582583
-1.0756357434443446
-1.0726496967309609
-1.0706355338513305
-1.053899030589818
-1.0312023941882527
-1.0260734226597183
-1.017983490174391
-1.0032585315724043
-0.9847472358841334
-0.9811193646067373
-0.9711661873084266
-0.9653060338258799
-0.9536550356789044
-0.9287074390711181
-0.9094423600738344
-0.8982484001375783
-0.8928072200448187
-0.8869100937043005
-0.8557387532727756
-0.8493434144102386
-0.8417127579833894
-0.8267097911210337
-0.8108881282763545
-0.7861197797234748
-0.7782371947120466
-0.7606690415250187
-0.7504523087417498
-0.7147322386157738
-0.7137907476497263
-0.7101493712618532
-0.704539078185256
-0.6790528500014559
-0.6436669966480234
-0.17596224539700517
-0.17523255181369607
-0.16907455487112413
-0.16688010727652647
-0.16482647349224855
-0.16343915730239564
-0.1589286550515094
-0.15614992503014735
-0.15294553657355667
-0.15180985476123152
-0.14854483459237205
-0.1472345597720768
-0.14295881514436926
-0.14114973621010435
-0.13893096234588337
-0.13337949945115388
-0.01719548529193474
-0.015712106368330488
-0.0021398000571692254
-0.0015793801269508377
0.0015793801269508188
0.0021398000571686442
0.015712106368330543
0.01719548529193476
0.13337949945115404
0.1389309623458835
0.14114973621010413
0.14295881514436906
0.14723455977207664
0.1485448345923717
0.15180985476123182
0.15294553657355756
0.15614992503014724
0.15892865505150977
0.16343915730239525
0.16482647349224824
0.16688010727652597
0.1690745548711239
0.1752325518136958
0.17596224539700467
0.6436669966480243
0.6790528500014555
0.7045390781852557
0.710149371261853
0.7137907476497263
0.7147322386157736
0.75045230874175
0.7606690415250184
0.7782371947120464
0.7861197797234751
0.810888128276354
0.8267097911210345
0.8417127579833893
0.8493434144102389
0.8557387532727753
0.8869100937043009
0.8928072200448185
0.8982484001375785
0.909442360073834
0.9287074390711184
0.9536550356789038
0.9653060338258792
0.9711661873084264
0.9811193646067373
0.9847472358841336
1.0032585315724043
1.0179834901743907
1.0260734226597188
1.0312023941882527
1.0538990305898184
1.0706355338513305
1.0726496967309609
1.0756357434443444
1.0785672600582583
1.0863485509217896
1.087505280497509
1.0891052569440638
1.1025923262387527
1.1124759990718527
1.1130567015339183
1.1213789078294336
1.1229247216703984
1.1260972018563424
1.1321639515683413
1.133799613197695
1.1346911332977077
1.141628879737131
1.1420466203897284
1.1484230182666908
1.1516001152303164
1.1591640630877311
1.171120733853469
1.172534654374385
1.176317852373798
1.1768882534899008
1.1952134985506615
1.2041986424768605
1.2100045268667077
1.2147212149961346
1.2314444717368527
1.2453745119107538
1.249762128221431
1.253059249086466
1.2557939023601767
1.2594353408130432
1.260757813480051
1.2736717057894784
1.2796715722789282
1.2816539572476242
1.2856837785851374
1.2884707671664686
1.2962741769057113
1.297562166913505
1.304330043273309
1.3131360819601594
1.3179246557844482
1.3225918995319983
1.3264621049060186
1.3370222658713726
1.3402754004144264
1.3478268830335072
1.3509114164428222
1.356161555887918
1.3569616872588957
1.3620311204425115
1.3705560280162312
1.393831686772992
1.395915274943161
1.3971353527328556
1.398589084847148
1.403081770401989
1.4036512422781289
1.4235729261315277
1.4241504106188354
1.4413416029230075
1.4488366284518448
1.4591955590786063
1.4608137566488877
1.4684170805339718
1.4760495726476877
1.4844033422657368
1.488638157744017
1.4925438281953418
1.4933980987603153
1.503198899020815
1.52368566727018
1.5302765473977642
1.544131598655037
