-11.402691980700627
-11.402691966666712
-11.372984092872573
-11.37298409278662
-11.372532912553472
-11.372532912357853
-11.329179198111524
-11.329179184063168
-11.197464125581133
-11.197464112225626
-11.139561388835125
-11.139561388484852
-11.13663188481511
-11.13663188395819
-11.08416662515825
-11.084166611924212
-10.969433046062187
-10.969433033422405
-10.9244998922598
-10.924499891680822
-10.923595474034716
-10.923595472296554
-10.852301943228003
-10.852301930820666
-10.782297091063349
-10.78229707813026
-10.752660249578913
-10.752660240870151
-10.700069224316959
-10.700069218905124
-10.695077581819156
-10.695077581205085
-10.621352213069256
-10.621352212915028
-10.615409038890636
-10.615409038573032
-10.523272859309204
-10.523272850367398
-10.514843912566182
-10.514843899717796
-10.508704483842351
-10.508704470794036
-10.496528622807304
-10.496528613924397
-10.390187339998002
-10.390187339194732
-10.381413972495345
-10.381413971928197
-10.312100676234442
-10.312100675358229
-10.290093179438763
-10.29009317912327
-10.270085839597503
-10.270085827637777
-10.241818925752433
-10.241818913232835
-10.150806887297273
-10.150806886786405
-10.1385040438986
-10.138504043250006
-10.053731860720264
-10.05373185957841
-10.04131838611414
-10.041318383900466
-10.0334313952974
-10.033431394864426
-10.020046774685502
-10.020046773706097
-9.934794433137395
-9.934794431961556
-9.92469589001393
-9.924695888947394
-9.845053852684456
-9.845053839719133
-9.780866813709105
-9.78086680888993
-9.766204598873037
-9.76620459080382
-9.753081296816267
-9.753081296753574
-9.665375597988726
-9.665375597114288
-9.662449750998993
-9.662449750657155
-9.547238607615975
-9.547238597591752
-9.531194035056622
-9.531194022771649
-9.524796289812796
-9.524796277191296
-9.515381087625984
-9.515381077846198
-9.422157031586341
-9.42215703083429
-9.407738844408104
-9.407738844027865
-9.30066872414561
-9.300668722747961
-9.258249224990973
-9.258249224358359
-9.229827837783635
-9.229827825879319
-9.209038821990072
-9.209038809411838
-9.1136070462018
-9.113607033437496
-9.049808881168628
-9.049808880515963
-9.02918672071219
-9.029186719111964
-8.994305485030297
-8.994305472472519
-8.881800510308059
-8.881800497074998
-8.819116007350113
-8.819116007172733
-8.806194159810572
-8.80619415918064
-8.73117235169075
-8.73117233815592
-8.59351408419429
-8.593514070168121
-8.5296547617846
-8.529654761718675
-8.527991124981023
-8.52799112474746
-8.486654765664992
-8.486654751700888
8.486654751700888
8.486654765664992
8.527991124747459
8.527991124981021
8.529654761718678
8.529654761784602
8.59351407016812
8.593514084194283
8.73117233815592
8.731172351690748
8.80619415918064
8.806194159810579
8.81911600717274
8.819116007350122
8.881800497074995
8.881800510308059
8.994305472472519
8.994305485030301
9.029186719111966
9.029186720712195
9.04980888051596
9.049808881168632
9.1136070334375
9.113607046201796
9.209038809411838
9.20903882199007
9.229827825879315
9.229827837783636
9.258249224358364
9.258249224990976
9.300668722747956
9.300668724145607
9.407738844027863
9.407738844408106
9.422157030834294
9.422157031586341
9.515381077846197
9.515381087625977
9.524796277191292
9.524796289812802
9.531194022771649
9.531194035056622
9.547238597591749
9.547238607615975
9.662449750657153
9.662449750998993
9.665375597114295
9.665375597988726
9.753081296753576
9.75308129681627
9.766204590803817
9.766204598873037
9.780866808889929
9.780866813709101
9.845053839719133
9.845053852684458
9.924695888947397
9.924695890013927
9.934794431961556
9.934794433137395
10.020046773706097
10.020046774685508
10.033431394864428
10.033431395297406
10.041318383900467
10.041318386114135
10.053731859578408
10.053731860720267
10.138504043250004
10.138504043898601
10.150806886786405
10.150806887297275
10.241818913232837
10.241818925752437
10.270085827637782
10.270085839597506
10.290093179123268
10.290093179438763
10.312100675358232
10.31210067623444
10.381413971928193
10.381413972495347
10.390187339194735
10.390187339997999
10.496528613924397
10.496528622807304
10.508704470794031
10.508704483842353
10.51484389971779
10.514843912566175
10.523272850367398
10.523272859309204
10.615409038573029
10.615409038890636
10.62135221291503
10.621352213069262
10.695077581205087
10.695077581819154
10.700069218905119
10.70006922431696
10.752660240870153
10.752660249578916
10.782297078130256
10.78229709106335
10.852301930820662
10.852301943228003
10.923595472296558
10.92359547403472
10.924499891680819
10.924499892259794
10.969433033422403
10.969433046062187
11.084166611924214
11.08416662515825
11.13663188395819
11.13663188481511
11.13956138848485
11.139561388835121
11.197464112225626
11.197464125581138
11.329179184063172
11.329179198111529
11.372532912357858
11.372532912553472
11.37298409278662
11.372984092872576
11.402691966666717
11.40269198070063
