-10.261243933229272
-10.172678510183731
-9.981986729330776
-9.93439685791433
-9.851566785114521
-9.845977945190224
-9.755799213151477
-9.712251078326577
-9.69177595683699
-9.660150529829387
-9.609129164683832
-9.536950425950398
-9.520274455497486
-9.477876566463372
-9.41464196689241
-9.3650442767593
-9.289789653679577
-9.281128674487412
-9.218872888774282
-9.1910168443778
-9.17794412490956
-9.136297691505833
-9.13348178426948
-9.12116961189484
-9.09384391560644
-9.051441545842726
-9.021009270823892
-8.978980582095769
-8.891902573911292
-8.869944779490668
-8.825585031882952
-8.80380019086151
-8.763506214472457
-8.722219258513404
-8.690662378920225
-8.675525175249835
-8.61578373894659
-8.604514571016676
-8.510895750575711
-8.4338666464902
-8.426058377655062
-8.382166151001957
-8.363179770023134
-8.352139778074845
-8.325918473117929
-8.20802940174744
-8.18540546214139
-8.133222947630058
-8.087333295349513
-8.031731764414271
-8.029819598928803
-8.004701132747668
-7.956285770672223
-7.830254761843201
-7.79892317337725
-7.72893054378198
-7.70632744602461
-7.658730828484743
-7.6452903882975205
-7.5036557068650955
-7.421621809262855
-7.413180885927809
-7.396098200535369
-7.366262250728412
-7.331362768713472
-7.297094770535886
-7.293381972576006
-7.252311430827675
-7.250249117696379
-7.22652324326166
-7.165587970936319
-7.1493230825095475
-7.14859981944264
-7.1215022168409625
-7.098865553141936
-6.938105453739464
-6.9002596400339025
-6.874841922416797
-6.859478380016808
-6.681184963603576
-6.591571766976333
-6.536585994339104
-6.504378036926646
-6.485925125404885
-6.378266133933518
-6.262827382250902
-6.261708942551835
-5.9541192150842726
-5.940218537615867
-5.76899662614891
-5.680996546140846
-5.6574692771904695
-5.598832612246635
-5.54168584325844
-5.503588814911293
-5.386689637116117
-5.35998181923486
-5.3531406222377775
-5.301043614664301
-5.264956138520713
-5.081081109446139
-5.068186852323776
-4.994341987728396
-4.845814662017322
-4.731872059943298
-4.696837487321312
-4.631581983390372
-4.460558442491958
-0.9569804413827093
-0.9458511691504292
-0.918256550190095
-0.9083599311549327
-0.9045342612171389
-0.8853833660322568
-0.8787670603798106
-0.8570129488645524
-0.8335038006047373
-0.8171392790535033
-0.8055841890288729
-0.7869411862560209
-0.7692285529199743
-0.7434059475072962
-0.7368692194971789
-0.6941278087428565
-0.09075497539629618
-0.055908594332745316
-0.006127683109625704
-0.003979687816076869
0.003979680786814632
0.006127690124916999
0.05590859530851769
0.0907549777754653
0.6941278092160866
0.7368692212281452
0.7434059506583897
0.769228551089682
0.7869411875557072
0.8055841880870073
0.8171392821871135
0.8335038004068906
0.8570129476922845
0.8787670616242743
0.885383365432237
0.9045342597705074
0.9083599295887577
0.9182565486055122
0.9458511671885191
0.9569804411862639
4.460558423504484
4.631581983155351
4.696837486850468
4.731872040869767
4.845814661994719
4.9943419894127405
5.068186852398108
5.0810811277317525
5.264956157566836
5.301043626033389
5.35314061071584
5.359981817589717
5.386689624211357
5.503588816578884
5.541685838438882
5.598832628386416
5.657469276077716
5.6809965302907175
5.768996622459126
5.940218523609421
5.954119211001384
6.261708957066445
6.262827385014522
6.378266152836011
6.485925126437047
6.5043780259329305
6.5365860090797
6.59157176595476
6.681184946113038
6.859478397751598
6.874841918731939
6.900259622888044
6.938105453219839
7.098865536192127
7.121502226554555
7.148599815838634
7.149323076301168
7.165587969509754
7.226523237206212
7.250249124860465
7.252311435948598
7.2933819733518215
7.297094770586478
7.331362763895893
7.36626225538401
7.396098197279085
7.4131808885341215
7.421621815253118
7.503655713375644
7.645290389418044
7.658730829683579
7.706327447476275
7.728930543836171
7.79892318298186
7.830254758046468
7.956285776356562
8.004701139981856
8.029819590987122
8.031731771534325
8.087333300822369
8.133222954259095
8.185405465391831
8.208029395349449
8.325918467792619
8.352139778573713
8.363179764883274
8.382166147360797
8.426058373127049
8.433866639381543
8.510895756353671
8.604514562702354
8.615783741434196
8.675525173542123
8.6906623777973
8.72221926143172
8.763506219305674
8.80380019154291
8.825585036629581
8.869944778527067
8.891902575809015
8.97898058508462
9.021009274708572
9.051441541484706
9.093843917233599
9.121169610327705
9.133481773058737
9.136297700517952
9.177944116347348
9.191016847287825
9.218872896261225
9.281128667854068
9.28978965794041
9.36504427243774
9.41464196373696
9.477876570596704
9.520274458123536
9.536950424743408
9.609129165547259
9.66015052747648
9.691775962526156
9.712251072101132
9.755799216053722
9.845977951642546
9.851566780197048
9.934396864559933
9.981986730109949
10.172678516839111
10.261243920327043
