-3.1953287016142924
-3.1852516580721577
-3.1755765218111778
-3.150087345470899
-3.1271252665550895
-3.1189188656871445
-3.1004051911020274
-3.094787875083524
-3.0617801509820115
-3.0409732455701755
-3.0323747431326415
-3.001232301024083
-2.985837209833008
-2.972933489850821
-2.9444517261630803
-2.91989882407308
-2.913792182825644
-2.8456740965326155
-2.828578921190509
-2.8240964923202787
-2.7936856067550444
-2.775196630485208
-2.7690447330025947
-2.7513583638839183
-2.743249405485918
-2.732458952410187
-2.726485159511725
-2.71793373988899
-2.6929147168133993
-2.680133354696558
-2.6711047926819864
-2.6596135216035317
-2.6362860340189265
-2.6309694195374305
-2.6065505770181874
-2.590515063104371
-2.585902729757675
-2.571765762757208
-2.5561191158944814
-2.5279900383943303
-2.5220884393092398
-2.516736167710139
-2.4976437819916026
-2.493528431419352
-2.4846558268770496
-2.4667889173233153
-2.4523317647077714
-2.4491164662342317
-2.432664927370656
-2.4179603708268513
-2.4006969689569004
-2.384602903426117
-2.359203799646115
-2.351862748993756
-2.3341116426107034
-2.3287745310801333
-2.313165801991092
-2.2827226750310374
-2.2749458421106725
-2.263033204333236
-2.2564631326568136
-2.2384507434975807
-2.2288085922954006
-2.2114913544370745
-2.208073768241494
-2.186227704604116
-2.172146593503408
-2.154022367785482
-2.1357417853246163
-2.118847558708041
-2.093989939396559
-2.0611075511494
-2.042799488831838
-2.0321212523172454
-2.0062691175021348
-1.9853474429367124
-1.9725915912216059
-1.9594678419936218
-1.9523355061781873
-1.9427825071051885
-1.9216269527185794
-1.9025782629830874
-1.886457911909915
-1.851874388946863
-1.8430978229191057
-1.8304136690969146
-1.7956597385517101
-1.7822396015926991
-1.76359755834051
-1.7496667320651595
-1.7298569775407435
-1.7194309854139431
-1.7132898274578872
-1.679203706906026
-1.654255369690552
-1.6143155455766276
-1.5957520624973291
-1.5353069445494312
-1.4899577009583336
-1.4686397108933293
-1.4456755380278041
-1.4264346141275892
-1.4033149348167517
-1.3683603224706666
-1.3351351071399902
-1.3069294470820063
-1.2911272521851485
-1.2802593036408072
-1.199065413808562
-1.1841468604582617
-1.152278079244692
-1.1290315287999386
-1.1088392118962416
-1.0921971378807374
-1.0674307785041832
-1.043429953886457
-1.029227722161792
-0.9984700268619333
-0.9540007055847762
-0.9014711891619375
-0.8823007338510046
-0.8640764508043125
-0.7881139351586097
-0.7673941207952154
-0.7397964352257443
-0.7094921811062789
-0.6647052018365844
-0.6531133693846207
0.6531133843971383
0.6647051887207107
0.7094921896628348
0.739796434330693
0.7673941205981777
0.7881139267377354
0.8640764522345302
0.8823007319366957
0.9014711982680332
0.9540006982603403
0.9984700322966086
1.0292277270536345
1.0434299454451779
1.0674307699323835
1.0921971445847507
1.1088392073422362
1.129031529928064
1.1522780691498271
1.1841468612096595
1.1990654241956527
1.280259304868065
1.2911272527604285
1.3069294513620575
1.3351351052390512
1.368360323126125
1.4033149350324527
1.4264346192965967
1.4456755370248773
1.4686397056788252
1.4899577025300645
1.5353069437453346
1.595752063127685
1.614315546871539
1.6542553698366882
1.6792037100549175
1.7132898319451182
1.719430984772959
1.7298569758516724
1.7496667323632735
1.7635975602230733
1.7822396030578904
1.7956597391715843
1.8304136603531704
1.8430978167983858
1.8518743862382214
1.8864579129630432
1.9025782628729868
1.9216269554761796
1.9427825092690225
1.9523355127476958
1.9594678506914898
1.9725915919333965
1.9853474389591002
2.0062691195773663
2.0321212507282778
2.042799483291936
2.0611075521665394
2.0939899406023432
2.1188475592012166
2.1357417918903265
2.1540223641575893
2.172146598259941
2.1862277037355957
2.208073770282428
2.2114913578195616
2.2288085899589127
2.2384507451110713
2.256463135395277
2.2630332053886777
2.2749458396612035
2.2827226733128585
2.3131658023091246
2.3287745244763514
2.334111643517821
2.351862751476655
2.359203794748035
2.384602895669843
2.400696965972545
2.417960369364511
2.4326649301438974
2.44911647284611
2.4523317609697455
2.4667889194803987
2.4846558255387343
2.4935284362548584
2.497643787830881
2.5167361635844534
2.52208843866289
2.5279900385033627
2.5561191175627793
2.571765760465873
2.58590273098225
2.590515062039826
2.6065505790984735
2.6309694176736382
2.6362860336903546
2.6596135247705552
2.6711047941369683
2.680133352753717
2.6929147120519823
2.717933742142642
2.7264851592200774
2.7324589535385138
2.74324940452841
2.7513583657963405
2.76904474369615
2.7751966303427946
2.7936856113137503
2.8240964820109036
2.828578919715681
2.84567409363336
2.913792182700504
2.9198988297230177
2.9444517263828227
2.9729335005373523
2.985837212257252
3.0012322946358516
3.032374750730292
3.0409732370126585
3.0617801400908924
3.094787866002761
3.100405199300171
3.118918870278348
3.1271252576463113
3.150087337155393
3.17557650742398
3.1852516469294883
3.1953287106577077
