-1.4247439151147145
-1.3856793181248475
-1.3796120417248015
-1.3627412698073986
-1.3570815636161946
-1.3306777093817967
-1.3136282405825586
-1.3125108463384338
-1.3057124855927709
-1.2898612345130063
-1.2721114136288139
-1.270356424313972
-1.2668294714528627
-1.2576082248944336
-1.243139751614645
-1.2376297786597996
-1.2317909313607334
-1.2160095273331193
-1.2081189491028124
-1.1960629779013658
-1.194231852092381
-1.1848661263246323
-1.183772070798399
-1.1726985262475502
-1.1658836544584394
-1.1563025876151427
-1.151197613680495
-1.1389767290254096
-1.1373592976944387
-1.127129342147074
-1.1246755208503527
-1.1142327403843124
-1.1049800955917133
-1.0929959281414823
-1.0880154485647011
-1.082566522162535
-1.0747417937084414
-1.0694974453815347
-1.0649451272181911
-1.0611190196749012
-1.0516217708320865
-1.0493087947402233
-1.0311234343198254
-1.0294160129690755
-1.028355939669256
-1.0214205648810823
-1.0155958177495854
-1.0090939070576774
-1.0050645715644706
-1.0011459079758303
-0.9977717907081561
-0.9931272213836742
-0.9914196091641031
-0.9828146262023819
-0.9815620140091399
-0.974811615325812
-0.9740565087715752
-0.9663442870234843
-0.9577633885356618
-0.9515614834413462
-0.9493378224703218
-0.9354362419297353
-0.9306698771581543
-0.9209627775483032
-0.9086072548569547
-0.9081101759496345
-0.887317266445531
-0.8798413829997666
-0.8704928959950311
-0.8606374407052383
-0.8572953077553123
-0.8492808342405178
-0.8405932130003543
-0.8353664038581857
-0.8275899468538731
-0.8262238658202441
-0.8217181320779688
-0.8097036853531057
-0.7999030044835962
-0.7872771621464567
-0.7831726604717428
-0.7766758548462787
-0.7662766048258965
-0.754572049557617
-0.7446999051410396
-0.7410363775227405
-0.7327858521536754
-0.7240364839005969
-0.7095524960545446
-0.7011035226370818
-0.6847771010452243
-0.6817127659746371
-0.68015373081633
-0.6604038362106858
-0.6490148824381683
-0.6453701409232121
-0.6370311165337457
-0.6339722532165242
-0.6169222091292885
-0.5968659637799286
-0.5930824155773721
-0.5504498370711622
-0.5405052778264855
-0.5196199720252513
-0.48229227482738335
-0.42131084557980486
-0.39447042287062706
-0.3397991588709027
-0.26122019765796534
-0.24542125828482625
-0.24110343346829996
-0.22635443405851186
-0.22548146762121327
-0.2231089083244633
-0.19535458313486476
-0.18791156644677437
-0.1872307027442913
-0.15505817812829056
-0.15168246940153104
-0.14121238490462798
-0.13030849662619978
-0.12186607815983704
-0.10771829146001338
-0.10665314814199356
-0.09217945710451352
-0.052790537575917874
-0.025315794104096345
-0.00016539824272293233
0.00016539824272302192
0.025315794104096474
0.052790537575917715
0.09217945710451377
0.10665314814199345
0.10771829146001358
0.12186607815983708
0.1303084966262
0.14121238490462856
0.15168246940153143
0.155058178128291
0.18723070274429132
0.18791156644677448
0.195354583134865
0.22310890832446312
0.22548146762121332
0.22635443405851216
0.24110343346829996
0.24542125828482633
0.2612201976579648
0.33979915887090256
0.39447042287062684
0.42131084557980475
0.4822922748273835
0.5196199720252515
0.5405052778264856
0.5504498370711628
0.5930824155773721
0.5968659637799283
0.6169222091292886
0.6339722532165243
0.6370311165337456
0.6453701409232121
0.6490148824381682
0.6604038362106854
0.68015373081633
0.6817127659746369
0.6847771010452242
0.7011035226370818
0.7095524960545445
0.7240364839005969
0.7327858521536759
0.7410363775227407
0.7446999051410396
0.754572049557617
0.7662766048258965
0.7766758548462789
0.7831726604717428
0.7872771621464568
0.7999030044835962
0.809703685353106
0.8217181320779692
0.8262238658202441
0.8275899468538738
0.8353664038581857
0.8405932130003541
0.8492808342405177
0.8572953077553125
0.8606374407052384
0.8704928959950313
0.8798413829997666
0.887317266445531
0.9081101759496342
0.908607254856955
0.920962777548303
0.9306698771581541
0.935436241929735
0.9493378224703217
0.9515614834413461
0.9577633885356619
0.9663442870234841
0.974056508771575
0.974811615325812
0.9815620140091396
0.9828146262023819
0.9914196091641031
0.9931272213836745
0.9977717907081566
1.0011459079758307
1.0050645715644697
1.0090939070576772
1.0155958177495854
1.0214205648810821
1.0283559396692559
1.0294160129690755
1.0311234343198254
1.049308794740223
1.0516217708320863
1.0611190196749016
1.0649451272181907
1.0694974453815345
1.074741793708441
1.0825665221625347
1.0880154485647016
1.0929959281414823
1.1049800955917137
1.114232740384312
1.1246755208503525
1.1271293421470738
1.1373592976944387
1.13897672902541
1.151197613680495
1.1563025876151427
1.1658836544584392
1.1726985262475504
1.1837720707983985
1.1848661263246318
1.1942318520923811
1.1960629779013654
1.2081189491028126
1.2160095273331193
1.2317909313607336
1.2376297786597998
1.2431397516146452
1.2576082248944338
1.266829471452863
1.270356424313972
1.2721114136288134
1.2898612345130058
1.3057124855927706
1.3125108463384343
1.3136282405825583
1.3306777093817965
1.3570815636161944
1.362741269807397
1.3796120417248012
1.3856793181248472
1.4247439151147152
