-1.4730094042543547
-1.4424180907986786
-1.4328808140246374
-1.418304619502674
-1.4142888091693753
-1.4052186524457906
-1.4010568761963416
-1.38371621328269
-1.3698642566378076
-1.3671276008679134
-1.364116097965002
-1.345951553429547
-1.3428416977033117
-1.328593645271131
-1.317463754992462
-1.3144651307467372
-1.3076166637098572
-1.3005610191475017
-1.2939689040046667
-1.2841149361091644
-1.278926626437825
-1.2727261751352188
-1.2636376470153703
-1.262664191666147
-1.2458686205780531
-1.2425109694845147
-1.2327927859230376
-1.2271896692221202
-1.224687023164726
-1.2088055891559613
-1.2032448710002623
-1.1982306691570335
-1.1928049431938914
-1.1855090725733064
-1.182689322499343
-1.1782617457144213
-1.1759578286611962
-1.172441391045499
-1.1636929851615623
-1.1624363986739714
-1.1541929123812515
-1.1492398802756278
-1.1470150390693388
-1.1384061986479874
-1.1366008135793557
-1.1287574691785933
-1.1261030774492855
-1.1209829620298761
-1.1158514702306728
-1.1096810160046033
-1.1054785489727872
-1.1026998117863722
-1.0951831617836512
-1.090304942480402
-1.0840947119505284
-1.080679033197333
-1.0715845178821612
-1.0622589540032825
-1.061128558408184
-1.0518275256410003
-1.048879078340766
-1.0456575561695198
-1.0443598576784776
-1.0325551899798968
-1.0242930564932688
-1.022805349396037
-1.0080630918854367
-1.0051071060914138
-0.9933388393080537
-0.9902845216989781
-0.9863292520652526
-0.984714252310979
-0.970388348864487
-0.9673447577278481
-0.9650841195674996
-0.9612479602844637
-0.9531427375883511
-0.9509531759294103
-0.9468008130425811
-0.9409198047068393
-0.9331604783060182
-0.9249740159809805
-0.9221943568820915
-0.9175830747370363
-0.911169894308518
-0.90970922993533
-0.8972198585161553
-0.8960314431800663
-0.8855887242304552
-0.8785650945619964
-0.8733447480209022
-0.8674299306253453
-0.8632628981454249
-0.8592669666482791
-0.8567377965664901
-0.854156267691709
-0.8483671719541979
-0.8443619822451306
-0.8386700313279851
-0.8234344440389988
-0.8220581977754469
-0.8083848688896528
-0.7997308937150573
-0.7963679241065587
-0.7839486356138307
-0.7733386841405551
-0.759453773481369
-0.7511358624625477
-0.7436172267891742
-0.7343950370579326
-0.7272720005233579
-0.7183025323888484
-0.695886104304047
-0.6714819058460155
-0.6591207483204534
-0.6519232793541029
-0.646827164654156
-0.6348623397816767
-0.626210033455056
-0.6012945491699576
-0.5783022584076902
-0.5707776022478402
-0.5644601860856326
-0.5608778108561979
-0.5529048663932605
-0.5434083333553777
-0.5054635161322901
-0.5009420754486519
0.5009420754486514
0.5054635161322893
0.5434083333553774
0.5529048663932605
0.5608778108561984
0.5644601860856331
0.5707776022478402
0.5783022584076903
0.6012945491699577
0.626210033455056
0.6348623397816767
0.6468271646541561
0.6519232793541031
0.6591207483204535
0.6714819058460159
0.6958861043040473
0.7183025323888483
0.7272720005233577
0.7343950370579326
0.7436172267891742
0.7511358624625478
0.7594537734813689
0.7733386841405551
0.7839486356138305
0.7963679241065587
0.7997308937150578
0.8083848688896528
0.822058197775447
0.8234344440389989
0.8386700313279852
0.8443619822451305
0.848367171954198
0.8541562676917088
0.8567377965664899
0.859266966648279
0.8632628981454245
0.8674299306253452
0.8733447480209023
0.8785650945619962
0.8855887242304551
0.8960314431800662
0.8972198585161552
0.9097092299353297
0.9111698943085179
0.9175830747370363
0.9221943568820915
0.9249740159809806
0.933160478306018
0.9409198047068392
0.9468008130425809
0.9509531759294103
0.9531427375883511
0.961247960284464
0.9650841195674997
0.9673447577278481
0.970388348864487
0.984714252310979
0.986329252065252
0.9902845216989778
0.9933388393080537
1.005107106091414
1.0080630918854367
1.0228053493960367
1.0242930564932688
1.032555189979897
1.0443598576784778
1.04565755616952
1.048879078340766
1.0518275256410008
1.0611285584081838
1.0622589540032825
1.071584517882162
1.080679033197333
1.0840947119505286
1.0903049424804017
1.0951831617836512
1.1026998117863722
1.1054785489727876
1.1096810160046038
1.1158514702306728
1.1209829620298764
1.1261030774492857
1.1287574691785933
1.1366008135793553
1.1384061986479872
1.1470150390693388
1.1492398802756283
1.1541929123812513
1.1624363986739714
1.1636929851615627
1.1724413910454987
1.1759578286611971
1.1782617457144213
1.1826893224993427
1.1855090725733062
1.1928049431938914
1.1982306691570337
1.2032448710002623
1.2088055891559615
1.224687023164726
1.2271896692221202
1.2327927859230374
1.2425109694845156
1.2458686205780531
1.262664191666147
1.2636376470153705
1.2727261751352184
1.278926626437825
1.2841149361091644
1.2939689040046667
1.3005610191475017
1.307616663709857
1.3144651307467368
1.3174637549924613
1.3285936452711322
1.3428416977033122
1.345951553429547
1.3641160979650027
1.3671276008679134
1.3698642566378076
1.3837162132826897
1.4010568761963413
1.4052186524457906
1.4142888091693753
1.4183046195026738
1.4328808140246367
1.4424180907986792
1.4730094042543538
