-1.4454951819963304
-1.4028780565769758
-1.3986588515481326
-1.359178832903373
-1.3425089490456328
-1.3180121099622266
-1.3143889303500345
-1.2936280223160754
-1.2924822717049422
-1.2895277015271225
-1.279457935764435
-1.2755545193411921
-1.2614575184657746
-1.2584863553943624
-1.2544893456028496
-1.2422089745365024
-1.2396899034041073
-1.210724218000306
-1.207530511091202
-1.1998764223405736
-1.195228348727398
-1.193150959697332
-1.1693090928444159
-1.1605236805298886
-1.1548507398213168
-1.1421243413351974
-1.1392562134226656
-1.136976084822496
-1.1252133498579822
-1.1211484065712256
-1.114765207023677
-1.1142079895912642
-1.10313014914264
-1.1006315922930014
-1.0858551904903457
-1.0800837274787878
-1.0762867959795142
-1.0731626716259892
-1.060119574283895
-1.0528526033526222
-1.0498918802215336
-1.0434497522312633
-1.0380853964686672
-1.031241198058144
-1.0230243007916444
-1.0188394959131295
-1.0092819862919074
-1.005800187995081
-0.995707405694915
-0.9888454541182001
-0.9849620154731351
-0.9811911189887689
-0.9766748402272707
-0.9624819509733967
-0.9587610275462719
-0.9544996373046087
-0.9489507566692945
-0.9457243447113827
-0.9421121556680588
-0.9367661137829028
-0.9219453757358143
-0.901386482068676
-0.8935484749538869
-0.8932485154887176
-0.8898001726900315
-0.8882946099034165
-0.8764034006365942
-0.8717193502056279
-0.8702491303790352
-0.8624802537548416
-0.8599476875146443
-0.848810230489167
-0.8404311477414692
-0.8305942699328949
-0.8190347949119337
-0.8128219597987096
-0.8030402321332553
-0.7965473449098379
-0.7873756736357206
-0.7786267131519117
-0.7728295202128013
-0.7574675522175536
-0.7552398261012132
-0.7485186778818905
-0.7463022162417617
-0.7358774556545785
-0.7338153996444362
-0.7292948231029048
-0.7156590291298968
-0.7033265682823187
-0.7003676384087111
-0.6939696401664226
-0.688466469358049
-0.6857062384306644
-0.6746017044293309
-0.6511908046654432
-0.6475012933181017
-0.6365993930122299
-0.6223006849802746
-0.5761137370407673
-0.5687902380080003
-0.5284786197611288
-0.5247126554919876
-0.5099601585716972
-0.4840350357817371
-0.452445059529376
-0.39194242588763
-0.3383682290046903
-0.2802030028903406
-0.23657261053350315
-0.23204017495356338
-0.22420158655105113
-0.21659707876865233
-0.21320913549122186
-0.20325582542529774
-0.19685166626522868
-0.19050079626981312
-0.17301968033661497
-0.15370225703949153
-0.1346571385935721
-0.12274503728736597
-0.11502610496864357
-0.10547464613548903
-0.09346596638464501
-0.07357095221872582
-0.04731129462328747
-0.026980916991557694
-0.0003029227952932617
0.00030292279529311
0.026980916991557517
0.04731129462328723
0.07357095221872599
0.0934659663846446
0.10547464613548917
0.11502610496864316
0.12274503728736573
0.134657138593572
0.15370225703949134
0.17301968033661524
0.19050079626981306
0.1968516662652287
0.20325582542529777
0.213209135491222
0.21659707876865247
0.2242015865510512
0.2320401749535634
0.23657261053350293
0.28020300289034017
0.33836822900469016
0.39194242588763034
0.45244505952937614
0.4840350357817365
0.5099601585716969
0.5247126554919871
0.5284786197611284
0.5687902380080002
0.5761137370407668
0.6223006849802744
0.6365993930122297
0.6475012933181016
0.6511908046654428
0.6746017044293304
0.6857062384306645
0.6884664693580486
0.6939696401664222
0.700367638408711
0.7033265682823182
0.715659029129897
0.7292948231029048
0.733815399644436
0.7358774556545786
0.7463022162417619
0.7485186778818904
0.7552398261012131
0.7574675522175535
0.7728295202128012
0.7786267131519117
0.7873756736357206
0.7965473449098378
0.8030402321332549
0.8128219597987095
0.8190347949119338
0.8305942699328946
0.8404311477414694
0.8488102304891668
0.8599476875146441
0.8624802537548413
0.8702491303790348
0.8717193502056276
0.8764034006365943
0.8882946099034165
0.8898001726900319
0.8932485154887174
0.8935484749538876
0.9013864820686754
0.9219453757358146
0.9367661137829028
0.9421121556680592
0.9457243447113824
0.9489507566692941
0.954499637304609
0.9587610275462717
0.9624819509733963
0.9766748402272707
0.9811911189887689
0.984962015473135
0.9888454541182006
0.995707405694915
1.0058001879950815
1.0092819862919071
1.0188394959131295
1.0230243007916442
1.0312411980581435
1.038085396468667
1.0434497522312633
1.0498918802215333
1.0528526033526224
1.060119574283895
1.0731626716259897
1.0762867959795146
1.0800837274787882
1.085855190490346
1.1006315922930017
1.10313014914264
1.1142079895912644
1.114765207023677
1.1211484065712256
1.1252133498579822
1.1369760848224963
1.1392562134226656
1.1421243413351967
1.1548507398213164
1.1605236805298889
1.1693090928444156
1.1931509596973315
1.1952283487273978
1.1998764223405733
1.207530511091202
1.2107242180003064
1.2396899034041073
1.2422089745365021
1.2544893456028494
1.2584863553943626
1.2614575184657753
1.275554519341192
1.2794579357644345
1.289527701527122
1.292482271704942
1.2936280223160757
1.3143889303500338
1.3180121099622262
1.342508949045633
1.3591788329033736
1.3986588515481306
1.4028780565769758
1.44549518199633
