-11.782949148418407
-11.563609520082903
-11.500994594328949
-11.38635358872308
-11.193066485565893
-11.091256457168022
-11.073476906207604
-10.953622461312978
-10.92911908145428
-10.923411289907085
-10.872482611908957
-10.824998539657471
-10.775337310985854
-10.656490325295964
-10.650075728864975
-10.585597193821068
-10.534201102570854
-10.523840606158515
-10.437231460188261
-10.38369933618449
-10.329171742490583
-10.291485238191374
-10.266425551265561
-10.210843243403952
-10.194024673614848
-10.000016905380885
-9.982512537743156
-9.868297952093995
-9.862034121840658
-9.793945218768492
-9.735228280369299
-9.721595785722053
-9.630238608675926
-9.618536306085685
-9.57312286901018
-9.504583088207081
-9.490618607232037
-9.482381744538868
-9.449601506954918
-9.35716243205917
-9.301908523761455
-9.265021398838293
-9.232796574674518
-9.20126060762234
-9.189480741873012
-9.115343626455413
-9.109660817139561
-9.028530230734269
-8.970713720276905
-8.968587078615863
-8.933940596409196
-8.87971878624742
-8.875613513944785
-8.82033505781351
-8.76486119532157
-8.757579523186314
-8.739418547511454
-8.678634908407593
-8.601790830906696
-8.51450316388518
-8.487820795365824
-8.371178823679443
-8.255413423556389
-8.233856172908796
-8.22887875491371
-8.166794184162276
-8.120617835608773
-8.103514911105114
-8.091936245836727
-8.001109023946874
-7.978550440730732
-7.936281286747981
-7.924910457654214
-7.832470679721665
-7.823662562284061
-7.7885821847976064
-7.751769344715824
-7.734312025437687
-7.699165309294256
-7.645582884928521
-7.640707822021312
-7.592036070018417
-7.511113435190439
-7.389627397326817
-7.334446255270182
-7.225932689639423
-7.214374409551122
-7.19101466658063
-7.149181123659802
-7.043688823160886
-7.003031913972253
-6.972291358861294
-6.9642433721185615
-6.899675591959618
-6.811641499443439
-6.709498508697999
-6.693858626069135
-6.659539189244952
-6.640614071605597
-6.550987678190142
-6.500447559818874
-6.49404804329417
-6.42120186948575
-6.369915369813411
-6.35230642981033
-6.273978259105582
-6.179535120212021
-6.146869728143239
-6.092243837772658
-6.0478597680756625
-6.0266278556103146
-5.922916599001796
-5.852483870985459
-5.779246932140256
-5.642208945465326
-5.619705659279021
-5.517326695473122
-5.473136239635681
-5.454102142459464
-5.206829303202201
-5.010790145865518
-4.8668962412250245
-4.68046816451598
-4.641869658740522
-4.6309299383975695
-4.413172118533361
-4.365427561419607
-4.267059939517902
4.267059938374737
4.365427560978896
4.4131721188641695
4.630929935654284
4.641869661449077
4.680468164866952
4.866896238496728
5.0107901459825
5.206829304659538
5.454102146587426
5.473136240323345
5.51732669357064
5.619705657447026
5.6422089497854655
5.779246931035471
5.852483867345269
5.922916600367028
6.026627857022582
6.047859767398755
6.092243832756461
6.14686973820162
6.179535118825134
6.273978260353289
6.352306429988148
6.369915369682776
6.421201869905115
6.494048043162383
6.5004475596343125
6.550987677300227
6.640614069965717
6.659539190330456
6.693858624810162
6.709498511815881
6.811641497782815
6.89967559245981
6.96424337067749
6.972291360240794
7.00303191503594
7.0436888238618796
7.149181122272049
7.1910146714698495
7.214374408845877
7.225932690133467
7.334446252916067
7.389627397037931
7.51111343448237
7.592036073101482
7.640707813915215
7.6455828850940355
7.699165319653049
7.7343120286052045
7.751769348040598
7.788582187325716
7.8236625705144185
7.832470682858721
7.9249104588571715
7.936281290603177
7.978550442362729
8.001109033853181
8.091936248139955
8.103514915693546
8.120617831139919
8.166794180566495
8.228878751390772
8.233856177735595
8.255413426141141
8.371178827269159
8.48782078771685
8.514503160738933
8.601790835013226
8.678634908627776
8.739418546572965
8.757579518772946
8.764861194848079
8.82033505724886
8.875613509285465
8.879718783117626
8.933940602637692
8.968587082616684
8.970713716663068
9.028530230335361
9.109660816279298
9.115343626797083
9.18948074213583
9.201260601972903
9.232796569169558
9.265021393808672
9.30190851597281
9.357162433932363
9.449601504934641
9.482381739802518
9.490618605546336
9.504583091014222
9.573122863955149
9.618536309550002
9.630238607496183
9.721595784070093
9.735228273946282
9.793945218495724
9.862034125768254
9.86829794592347
9.98251253433581
10.000016902322677
10.194024676397078
10.210843245354662
10.266425544518482
10.291485239049917
10.329171741688373
10.383699336459498
10.437231465088269
10.52384060239805
10.534201105234134
10.585597195061982
10.650075728240775
10.656490320873441
10.775337311293038
10.824998537545593
10.87248261987576
10.923411290541914
10.92911908394526
10.95362246296868
11.073476901728279
11.091256459399329
11.19306648366388
11.38635358508546
11.50099459328306
11.563609525050783
11.782949149867719
