-3.3805456767007134
-3.3232376590980763
-3.2661493379997406
-3.261021731176776
-3.2501145457752396
-3.235422070054085
-3.2136608937570315
-3.2114541809080204
-3.1478427691964868
-3.128441395889734
-3.1239579674297495
-3.083215420297515
-3.079196015211166
-3.051574066955489
-3.0170239876822396
-2.988842631427161
-2.958385364352826
-2.9537609450597193
-2.8942897803961536
-2.8799429223442687
-2.8627429526074923
-2.846646124207925
-2.8351128610672593
-2.822573161373161
-2.8095541066163845
-2.8064335783133942
-2.7800839557032018
-2.7449259518230367
-2.722457904771789
-2.716712496627723
-2.7024751267396216
-2.6734852739429256
-2.642692822369392
-2.630359142867587
-2.617370131275497
-2.5653977257193716
-2.559697205173372
-2.5443920296587508
-2.5397817740165753
-2.5112285600400206
-2.493772887205885
-2.4885038845710974
-2.460248837885109
-2.4461071950184294
-2.42929001649042
-2.4208693954032476
-2.4045830964184707
-2.3970401422575978
-2.38416808455247
-2.3776904965029515
-2.3659154183433575
-2.3353042003154783
-2.3163181826908517
-2.2973341040213335
-2.294408577318763
-2.273778306521137
-2.2495369120462643
-2.2367508726792416
-2.2029442026115715
-2.190342083132268
-2.168220170901283
-2.148819364029767
-2.147557514441299
-2.1411850696045116
-2.127054373101999
-2.107873440326623
-2.0933777042182857
-2.0852882861413606
-2.075254861132715
-2.024417950144004
-1.9960276333027684
-1.9799669617412234
-1.9742318837589479
-1.9595197404870612
-1.9310999205761608
-1.9263119675007288
-1.9140781965707832
-1.8961121474597056
-1.8804697112684527
-1.873022627636637
-1.8507510258379138
-1.818428340158467
-1.804346640009014
-1.7880042030617493
-1.7806173158306244
-1.7623528336332466
-1.750246689120843
-1.693171357577193
-1.6828822228968696
-1.6570657312368362
-1.6416869987122253
-1.618148130616051
-1.591705386139278
-1.5811699752255672
-1.5633352369867424
-1.5242322412393285
-1.5139526871245967
-1.4731692939422956
-1.4686972989510167
-1.4342487390783607
-1.4124692184677075
-1.3966933286414593
-1.3707147903278474
-1.2992664669428777
-1.2807279881997446
-1.2655111624503461
-1.2495320923212856
-1.2286334000486219
-1.2156387748317212
-1.2117499658870543
-1.1600782682928188
-1.1204437513830432
-1.0746284841407379
-1.0391726747196595
-1.0035315917658236
-0.9526614220184917
-0.9401780477695776
-0.8592261977209035
-0.783642920848739
-0.7568806537984996
-0.7098358750041753
-0.6577959884578786
-0.6178082343681597
-0.5359241795898588
-0.45493840399588864
-0.3319313024374762
-0.27806922254079197
-0.1965067194868013
0.19650672032663222
0.2780692234943578
0.3319313023404747
0.4549384043247234
0.535924178212767
0.6178082350585954
0.6577959889973791
0.7098358753620365
0.7568806580203241
0.7836429191865558
0.8592261989761563
0.9401780493170968
0.9526614211823279
1.003531589278299
1.039172676110669
1.0746284829435626
1.120443749701677
1.1600782669230616
1.211749966727575
1.2156387735655498
1.228633397981801
1.2495320917372907
1.265511159633057
1.2807279905835667
1.2992664677631696
1.370714787815751
1.3966933283652583
1.412469218623375
1.4342487397209158
1.4686973019821776
1.4731692940216632
1.5139526859582793
1.524232241413328
1.5633352377772398
1.5811699731139655
1.5917053849743883
1.6181481292719762
1.64168699892525
1.6570657331585616
1.682882223182569
1.6931713613353139
1.7502466885690473
1.7623528341120176
1.7806173137268397
1.7880042029676158
1.8043466421813192
1.8184283396743457
1.8507510289012088
1.8730226264162155
1.8804697113071212
1.896112146421018
1.9140781962818916
1.92631196597991
1.9310999224888026
1.9595197391611778
1.9742318835888515
1.9799669633841714
1.9960276342951948
2.0244179512337674
2.075254863130268
2.0852882862313353
2.0933777066020727
2.1078734414199207
2.1270543724221826
2.1411850697243393
2.147557517883795
2.148819362611465
2.168220171951521
2.1903420815054475
2.2029442028376285
2.2367508735227117
2.249536912895753
2.2737783092828385
2.2944085771498153
2.2973341012869843
2.3163181767470715
2.3353041970014057
2.3659154173267747
2.3776904951804743
2.384168083690213
2.3970401406299473
2.4045830944525823
2.4208693913663804
2.429290018667847
2.4461071939683037
2.4602488332340977
2.4885038847680927
2.493772889041553
2.511228559861612
2.539781774842596
2.5443920332509333
2.5596972046593605
2.565397730706685
2.617370130075519
2.630359141943188
2.6426928202177318
2.6734852729234806
2.7024751296489424
2.716712499004105
2.722457903741614
2.74492595484271
2.7800839557630197
2.8064335867565866
2.8095541027268123
2.822573163338962
2.8351128610830894
2.8466461234416176
2.8627429583192714
2.879942925702358
2.894289780635806
2.9537609424447475
2.958385363439695
2.988842630818832
3.0170239798657748
3.051574071365465
3.0791960118477095
3.083215425279937
3.1239579702219498
3.128441392296502
3.147842773119988
3.211454179093557
3.213660894472898
3.2354220755369365
3.2501145391845427
3.261021725341159
3.2661493343956947
3.3232376566237405
3.3805456773459466
