-11.73176739120618
-11.2749179490379
-11.161508293216075
-11.142861209588334
-11.068445294885137
-11.04162831487804
-10.94935821643359
-10.861054509735338
-10.543776069083176
-10.14928202522382
-10.11234188124175
-10.097729533540873
-10.051453081481021
-10.022055875134173
-10.007853835598377
-9.991307545764833
-9.95179601925851
-9.878740106074789
-9.694881206118348
-9.642301400561625
-9.529719928146559
-9.508578104094372
-9.35310386326653
-9.344978356294519
-9.149099536657717
-8.879359937971493
-8.845709630754417
-8.837820857951623
-8.827470626741276
-8.789566208733145
-8.601639465483636
-8.597643302855568
-8.548115583185645
-8.522953193650013
-8.495848342285072
-8.48625434776116
-8.4653058480289
-8.406903954432103
-8.316028002464032
-8.137861321650345
-8.116348786348542
-8.014070758074816
-7.9263701661531245
-7.910390743604935
-7.890542836018952
-7.848720971848015
-7.7395047713805605
-7.7150691663463915
-7.670253795722898
-7.613640413489339
-7.555349695519017
-7.519054442321105
-7.487239351857724
-7.426184475497241
-7.42298293061929
-7.405371670139026
-7.280562584847402
-7.2630295794829705
-7.2161522698125715
-7.208044371131885
-7.153119824749474
-7.120098799281599
-7.087412308147407
-7.049522347684305
-6.976034525813592
-6.919454252387489
-6.872959427848543
-6.849971000063138
-6.764628336851633
-6.683565774221373
-6.629948066101677
-6.519087238624218
-6.516852323255178
-6.4345055701025995
-6.364637481963969
-6.264009650018513
-6.216548170670128
-6.196730731577033
-6.167919381542595
-6.1628204790221535
-6.142897075181687
-6.062663379276138
-6.0463394279534075
-6.0440731035207556
-5.947438240698742
-5.752106246742282
-5.7025853931230905
-5.632582874454427
-5.575585848362984
-5.5506441955017385
-5.545182348993202
-5.398713801337557
-5.377885126254495
-5.2939514607064275
-5.247974320052944
-5.2198283598345885
-5.153486957335651
-5.104576440779947
-5.073259894260448
-4.906652152192403
-4.840163963478204
-4.6089456152844654
-4.377755038079784
-4.262139965098574
-4.226655193315788
-3.2133045637895385
-2.4192046574587045
-2.159295002892881
-1.3806675954824814
-1.2776424261892794
-1.276113162790544
-1.2251587099079562
-1.1874971668375494
-1.143475512504746
-1.0709587240451452
-0.8780639295500657
-0.7300601593720099
-0.7123544736110912
-0.664988134622016
-0.5396100105935162
-0.5001382940946567
-0.4513936891947514
-0.39225534829963005
-0.39101751666847584
-0.19187077643981973
-0.06808593577646628
-0.0498329896608199
-3.089901929713692e-05
3.0898435961110096e-05
0.04983298960433238
0.06808593536866037
0.1918707793829761
0.39101751522478234
0.392255347633111
0.45139368705566446
0.5001382920941135
0.5396100085722776
0.6649881332165175
0.712354475070746
0.7300601631449691
0.8780639287197098
1.0709587230084379
1.1434755115309436
1.1874971693003944
1.2251587092636678
1.276113163498463
1.277642427752332
1.3806675957835448
2.1592950014520964
2.419204656838813
3.213304564851525
4.226655193958926
4.262139964917351
4.3777550376749
4.608945634113148
4.840163963177197
4.906652165382624
5.073259875202642
5.104576440127211
5.153486958464573
5.219828343490779
5.247974318992964
5.293951445196483
5.377885130996748
5.398713812251378
5.545182356045724
5.550644196458014
5.575585854405758
5.632582857725436
5.702585393862014
5.752106248121261
5.947438249283631
6.044073103066745
6.046339427855829
6.062663376322723
6.142897074774837
6.162820478152247
6.167919374673169
6.196730731039625
6.216548170481048
6.264009652635001
6.364637492816526
6.434505573653688
6.51685232037584
6.519087238732606
6.6299480848810965
6.683565759524931
6.764628335968593
6.849971005270672
6.87295942864593
6.9194542580308385
6.976034523716149
7.0495223458629
7.087412308663298
7.120098804048035
7.153119822010867
7.208044369716084
7.216152264831144
7.263029595631427
7.280562588434975
7.405371667501177
7.42298294048258
7.4261844631620635
7.487239346422121
7.519054441700494
7.555349689625986
7.613640417573157
7.670253784588091
7.715069171328338
7.739504768760056
7.848720962912465
7.890542843801419
7.910390736321786
7.926370182868615
8.014070756338795
8.116348770785576
8.137861313965184
8.316028007350118
8.406903950434984
8.46530585345491
8.486254363051383
8.495848333854365
8.52295319311841
8.548115565040062
8.597643302862602
8.601639475175075
8.789566210477375
8.827470632360276
8.837820862337626
8.845709639458468
8.879359948057807
9.14909952847501
9.344978361345266
9.353103862654885
9.508578111639363
9.529719935770364
9.642301387596612
9.694881195233155
9.878740114559532
9.951796014156782
9.991307544447148
10.007853832499277
10.022055877705279
10.051453088833451
10.097729535181632
10.112341882665413
10.149282031387688
10.54377606532484
10.861054513015834
10.949358228189004
11.041628311963112
11.068445290954902
11.142861199955764
11.16150828282586
11.274917939111637
11.731767384100804
