-1.1717152998344786
-1.1717152998344778
-1.1521690955426167
-1.1521690955426167
-1.1521690955426165
-1.1521690955426163
-1.132285522993551
-1.1322855229935507
-1.1213118258768242
-1.121311825876824
-1.1213118258768235
-1.121311825876823
-1.100871060437373
-1.100871060437373
-1.100871060437373
-1.100871060437373
-1.0817464119032145
-1.0817464119032145
-1.0817464119032139
-1.0817464119032134
-1.0685334238273663
-1.0685334238273656
-1.060543342123634
-1.060543342123634
-1.0605433421236332
-1.0605433421236328
-1.0371461480497866
-1.0371461480497859
-1.0371461480497859
-1.0371461480497857
-1.0269365932960495
-1.026936593296049
-1.0269365932960488
-1.0269365932960486
-1.0150118291289996
-1.0150118291289993
-1.0150118291289991
-1.015011829128999
-0.992234620569988
-0.992234620569988
-0.992234620569988
-0.9922346205699875
-0.9835821549137397
-0.9835821549137393
-0.9798446812630701
-0.9798446812630691
-0.9798446812630687
-0.9798446812630686
-0.9690750348218434
-0.9690750348218432
-0.9690750348218431
-0.9690750348218429
-0.9526766385005255
-0.9526766385005253
-0.9526766385005253
-0.9526766385005253
-0.9343075982853752
-0.9343075982853748
-0.9343075982853747
-0.9343075982853742
-0.9321764903936829
-0.9321764903936824
-0.9321764903936823
-0.9321764903936821
-0.928530914079844
-0.928530914079844
-0.9285309140798433
-0.928530914079843
-0.9247849908810746
-0.9247849908810746
-0.9247849908810745
-0.9247849908810739
-0.8998911935429738
-0.8998911935429735
-0.8998911935429733
-0.8998911935429728
-0.8899529451210765
-0.8899529451210765
-0.889952945121076
-0.889952945121076
-0.8841878183151735
-0.8841878183151725
-0.8841878183151725
-0.8841878183151725
-0.8822853965485403
-0.8822853965485403
-0.8600295031822603
-0.8600295031822603
-0.8600295031822601
-0.8600295031822599
-0.8395542468143073
-0.8395542468143072
-0.8395542468143071
-0.839554246814307
-0.8290264958407386
-0.8290264958407386
-0.8290264958407385
-0.8290264958407383
-0.8285278367117194
-0.8285278367117191
-0.8285278367117189
-0.8285278367117189
-0.8077659532056215
-0.8077659532056214
-0.8077659532056214
-0.8077659532056212
-0.8006467742166271
-0.8006467742166269
-0.8006467742166264
-0.8006467742166262
-0.781247826296476
-0.7812478262964759
-0.7812478262964759
-0.7812478262964753
-0.7721025454232964
-0.7721025454232964
-0.755567232740554
-0.755567232740554
-0.7555672327405535
-0.7555672327405532
-0.7469823745626244
-0.7469823745626238
-0.7469823745626237
-0.7469823745626234
-0.7205592105692132
-0.7205592105692131
-0.7205592105692131
-0.720559210569213
-0.6954976146655567
-0.6954976146655565
-0.6954976146655565
-0.6954976146655563
-0.6832569631920161
-0.683256963192016
-0.683256963192016
-0.6832569631920158
-0.665032939953445
-0.6650329399534448
-0.6244223835172554
-0.624422383517255
-0.6244223835172548
-0.6244223835172542
-0.6238699902660084
-0.6238699902660083
-0.6238699902660078
-0.6238699902660078
-0.5809800468618671
-0.5809800468618671
-0.5459589495535982
-0.5459589495535981
-0.5459589495535981
-0.5459589495535975
-0.470249306096949
-0.4702493060969488
-0.4702493060969488
-0.47024930609694876
-0.41081493607086633
-0.41081493607086594
-0.4108149360708658
-0.4108149360708657
-9.24456715785613e-05
-9.244567157852047e-05
9.244567157901823e-05
9.244567157909113e-05
0.41081493607086544
0.41081493607086567
0.4108149360708661
0.41081493607086617
0.47024930609694854
0.4702493060969489
0.47024930609694937
0.47024930609694976
0.5459589495535968
0.5459589495535971
0.5459589495535977
0.545958949553598
0.5809800468618673
0.5809800468618675
0.6238699902660075
0.6238699902660076
0.6238699902660079
0.623869990266008
0.6244223835172542
0.6244223835172544
0.6244223835172548
0.6244223835172548
0.665032939953444
0.6650329399534451
0.683256963192016
0.683256963192016
0.6832569631920166
0.6832569631920172
0.695497614665556
0.6954976146655563
0.6954976146655565
0.695497614665557
0.7205592105692126
0.7205592105692127
0.720559210569213
0.7205592105692133
0.7469823745626237
0.7469823745626245
0.7469823745626245
0.7469823745626245
0.7555672327405534
0.7555672327405535
0.7555672327405536
0.7555672327405543
0.7721025454232967
0.772102545423297
0.781247826296476
0.7812478262964762
0.7812478262964762
0.7812478262964764
0.8006467742166266
0.8006467742166268
0.8006467742166268
0.8006467742166271
0.8077659532056206
0.8077659532056214
0.8077659532056216
0.8077659532056222
0.828527836711719
0.828527836711719
0.8285278367117191
0.8285278367117195
0.8290264958407384
0.8290264958407386
0.8290264958407386
0.8290264958407391
0.8395542468143066
0.8395542468143071
0.8395542468143072
0.8395542468143079
0.8600295031822601
0.8600295031822605
0.8600295031822606
0.8600295031822609
0.8822853965485403
0.8822853965485409
0.8841878183151718
0.8841878183151725
0.8841878183151727
0.8841878183151731
0.8899529451210756
0.8899529451210758
0.8899529451210764
0.889952945121077
0.8998911935429731
0.8998911935429734
0.8998911935429736
0.8998911935429739
0.9247849908810739
0.9247849908810744
0.9247849908810746
0.9247849908810747
0.9285309140798431
0.9285309140798437
0.9285309140798438
0.928530914079844
0.9321764903936823
0.9321764903936828
0.932176490393683
0.9321764903936831
0.9343075982853746
0.9343075982853748
0.934307598285375
0.9343075982853751
0.9526766385005252
0.9526766385005252
0.9526766385005255
0.9526766385005276
0.9690750348218423
0.9690750348218423
0.9690750348218427
0.9690750348218429
0.9798446812630681
0.9798446812630682
0.9798446812630685
0.9798446812630686
0.9835821549137392
0.9835821549137395
0.9922346205699871
0.9922346205699877
0.9922346205699878
0.9922346205699886
1.0150118291289985
1.0150118291289993
1.0150118291289993
1.0150118291289996
1.0269365932960486
1.0269365932960488
1.0269365932960488
1.0269365932960495
1.037146148049785
1.0371461480497854
1.0371461480497857
1.0371461480497859
1.0605433421236337
1.0605433421236339
1.0605433421236339
1.0605433421236345
1.0685334238273654
1.0685334238273665
1.0817464119032134
1.0817464119032136
1.0817464119032139
1.081746411903215
1.100871060437372
1.1008710604373726
1.1008710604373728
1.1008710604373744
1.121311825876824
1.1213118258768242
1.1213118258768242
1.1213118258768247
1.132285522993549
1.1322855229935502
1.1521690955426158
1.152169095542616
1.1521690955426163
1.1521690955426167
1.1717152998344775
1.1717152998344778
