-1.1675174875032588
-1.167096070814467
-1.1497529888691076
-1.1497264961464222
-1.1495542033481023
-1.1494290321399678
-1.1316893115867355
-1.1315541695031486
-1.1219880483870246
-1.1218508988511333
-1.121807081177127
-1.121330524128368
-1.1036229468068377
-1.1035454153132127
-1.1033275143796806
-1.1029330253524883
-1.0862906931320289
-1.086110804576678
-1.0859809299038752
-1.0857864442472318
-1.074374944747519
-1.0741809583507647
-1.0672715628225389
-1.0672572850342252
-1.0669186369971095
-1.0668042269238998
-1.0462344187605968
-1.045912127679041
-1.0457158585888346
-1.0454869608401656
-1.0372323755473163
-1.0371966843588276
-1.0370288395665666
-1.0365640528861215
-1.0262821697146371
-1.0261569353434872
-1.0260408787084476
-1.025731705547468
-1.0047394119189448
-1.0046198809804971
-1.004345406031743
-1.0041009731636175
-0.998336486350806
-0.9981768265197136
-0.995149716453725
-0.9947914030658284
-0.994620072927997
-0.9942503543429564
-0.9842581488324689
-0.9839796557067066
-0.9837818040617041
-0.9837241756016898
-0.9671588463909895
-0.9670166787693911
-0.9664783607739502
-0.9663028118119787
-0.9547842647397834
-0.954299025268311
-0.9541377724593878
-0.9539885311197691
-0.9514521045099843
-0.9512851868335116
-0.9511060749279748
-0.9508230321427182
-0.9456731226038858
-0.9454791623386087
-0.9452843229532133
-0.9449226260980671
-0.9370765454312724
-0.9365786220685003
-0.9364752500056198
-0.9362984146964325
-0.9181174675651147
-0.9176957617233007
-0.9171351237748434
-0.9170797377480375
-0.914813690639397
-0.9146334906173371
-0.9144503246177853
-0.9143201894803556
-0.9114187087517363
-0.9112242232879952
-0.9111442070406106
-0.9110696276734145
-0.908897032284474
-0.9088627140745484
-0.9087994569566366
-0.9085527890052933
-0.9081977495258242
-0.9077608315130931
-0.8954339629029047
-0.8949442736493053
-0.8947651059000385
-0.8945936965871991
-0.8796810559778112
-0.8793861338268365
-0.8792816357692934
-0.878912387829768
-0.8672957670094775
-0.8670737146984768
-0.8669132624361877
-0.8665191638466023
-0.8606248367754215
-0.8601488862643484
-0.8599862356887458
-0.8598571565061554
-0.8592375963425248
-0.8588961600889121
-0.8587247600384097
-0.8583304182974137
-0.8336541166360509
-0.8332749030417956
-0.833162314869641
-0.8329756287478606
-0.8162812209278602
-0.8159105238584329
-0.8156958736716027
-0.8154250206222877
-0.8120932976085816
-0.8115519858220316
-0.811497964697633
-0.8114536098132692
-0.8095397716732946
-0.8092404947995837
-0.7803571240696143
-0.780118719694166
-0.779810972751752
-0.7796180153619152
-0.762400747116034
-0.7622927677655371
-0.7621073512487365
-0.7618616633007013
-0.7574192602319043
-0.7568459631387463
-0.7565377990558698
-0.7564457389524386
-0.7240880150342106
-0.7237866418653813
-0.7235395692969373
-0.7234873882096573
-0.7117579463304503
-0.7116169117139086
-0.6989733981333838
-0.6986999274682945
-0.6985840120607785
-0.6983942134783194
-0.6708220127977919
-0.6704956258094478
-0.6703538998266636
-0.6699809045854871
-0.6436590818004808
-0.6434156513371456
-0.643199685051474
-0.6428446128337746
-0.6265053333039149
-0.6261668606269062
-0.5974694571111666
-0.5972444469282181
-0.597090329336587
-0.5968255912731238
-0.5668606990368137
-0.5661654021986966
0.566165402198697
0.5668606990368135
0.5968255912731233
0.597090329336587
0.5972444469282182
0.5974694571111661
0.6261668606269057
0.6265053333039147
0.6428446128337744
0.6431996850514737
0.6434156513371454
0.6436590818004807
0.6699809045854865
0.6703538998266635
0.6704956258094477
0.6708220127977915
0.6983942134783194
0.6985840120607781
0.6986999274682942
0.6989733981333834
0.7116169117139085
0.7117579463304501
0.7234873882096571
0.7235395692969369
0.723786641865381
0.7240880150342103
0.7564457389524386
0.7565377990558698
0.7568459631387462
0.7574192602319048
0.7618616633007014
0.7621073512487363
0.762292767765536
0.762400747116034
0.7796180153619152
0.7798109727517517
0.7801187196941666
0.7803571240696143
0.8092404947995839
0.8095397716732946
0.811453609813269
0.8114979646976332
0.8115519858220318
0.8120932976085818
0.8154250206222879
0.8156958736716029
0.8159105238584328
0.8162812209278603
0.8329756287478606
0.8331623148696401
0.8332749030417954
0.8336541166360506
0.8583304182974142
0.8587247600384096
0.8588961600889125
0.8592375963425247
0.8598571565061554
0.8599862356887457
0.8601488862643482
0.8606248367754216
0.8665191638466023
0.8669132624361885
0.8670737146984767
0.8672957670094777
0.878912387829768
0.8792816357692936
0.8793861338268365
0.8796810559778111
0.8945936965871989
0.8947651059000381
0.8949442736493051
0.8954339629029044
0.9077608315130928
0.9081977495258244
0.9085527890052933
0.9087994569566376
0.9088627140745491
0.9088970322844748
0.9110696276734145
0.9111442070406108
0.9112242232879953
0.9114187087517353
0.9143201894803553
0.9144503246177852
0.9146334906173369
0.9148136906393963
0.9170797377480372
0.9171351237748433
0.9176957617233005
0.9181174675651145
0.9362984146964324
0.9364752500056196
0.9365786220685002
0.9370765454312724
0.9449226260980672
0.9452843229532137
0.945479162338609
0.9456731226038857
0.950823032142718
0.9511060749279743
0.9512851868335115
0.9514521045099844
0.9539885311197688
0.9541377724593874
0.9542990252683108
0.9547842647397831
0.9663028118119789
0.9664783607739498
0.9670166787693912
0.9671588463909898
0.98372417560169
0.9837818040617043
0.9839796557067066
0.9842581488324686
0.9942503543429562
0.9946200729279968
0.9947914030658281
0.9951497164537252
0.9981768265197136
0.9983364863508062
1.0041009731636168
1.004345406031743
1.0046198809804976
1.0047394119189446
1.0257317055474682
1.0260408787084476
1.0261569353434872
1.0262821697146371
1.0365640528861213
1.0370288395665666
1.0371966843588276
1.0372323755473163
1.0454869608401651
1.0457158585888346
1.0459121276790408
1.0462344187605965
1.0668042269238995
1.0669186369971095
1.0672572850342248
1.0672715628225382
1.0741809583507644
1.0743749447475188
1.0857864442472318
1.0859809299038752
1.086110804576678
1.0862906931320286
1.1029330253524887
1.1033275143796801
1.1035454153132127
1.1036229468068377
1.1213305241283684
1.1218070811771275
1.1218508988511335
1.1219880483870242
1.1315541695031486
1.1316893115867355
1.1494290321399676
1.1495542033481025
1.149726496146422
1.1497529888691076
1.1670960708144673
1.167517487503259
