-1.171715299834478
-1.1717152998344775
-1.1521690955426156
-1.1521690955426156
-1.1521690955426156
-1.1521690955426156
-1.1322855229935507
-1.1322855229935507
-1.121311825876824
-1.121311825876824
-1.1213118258768235
-1.1213118258768233
-1.1008710604373735
-1.100871060437373
-1.1008710604373726
-1.100871060437372
-1.081746411903215
-1.0817464119032145
-1.0817464119032139
-1.0817464119032139
-1.0685334238273665
-1.0685334238273665
-1.0605433421236343
-1.060543342123634
-1.0605433421236334
-1.060543342123633
-1.0371461480497863
-1.0371461480497859
-1.0371461480497859
-1.0371461480497854
-1.0269365932960495
-1.0269365932960492
-1.026936593296049
-1.0269365932960488
-1.0150118291289996
-1.0150118291289996
-1.0150118291289996
-1.0150118291289993
-0.992234620569988
-0.9922346205699875
-0.992234620569987
-0.992234620569987
-0.9835821549137398
-0.9835821549137397
-0.9798446812630687
-0.9798446812630687
-0.9798446812630686
-0.9798446812630682
-0.9690750348218435
-0.969075034821843
-0.9690750348218429
-0.9690750348218423
-0.9526766385005256
-0.9526766385005253
-0.9526766385005251
-0.9526766385005245
-0.9343075982853751
-0.934307598285375
-0.9343075982853746
-0.9343075982853745
-0.932176490393683
-0.932176490393683
-0.9321764903936827
-0.9321764903936824
-0.9285309140798438
-0.9285309140798436
-0.9285309140798431
-0.9285309140798423
-0.9247849908810745
-0.9247849908810742
-0.924784990881074
-0.9247849908810737
-0.899891193542974
-0.8998911935429738
-0.8998911935429738
-0.8998911935429735
-0.8899529451210765
-0.8899529451210764
-0.8899529451210763
-0.8899529451210758
-0.8841878183151732
-0.8841878183151727
-0.8841878183151726
-0.8841878183151726
-0.8822853965485405
-0.8822853965485402
-0.8600295031822608
-0.8600295031822605
-0.8600295031822603
-0.86002950318226
-0.8395542468143073
-0.8395542468143072
-0.8395542468143071
-0.8395542468143065
-0.8290264958407396
-0.8290264958407394
-0.8290264958407393
-0.8290264958407384
-0.8285278367117199
-0.8285278367117194
-0.8285278367117191
-0.8285278367117188
-0.807765953205622
-0.8077659532056216
-0.8077659532056214
-0.8077659532056214
-0.800646774216627
-0.8006467742166269
-0.8006467742166267
-0.8006467742166266
-0.7812478262964764
-0.7812478262964762
-0.781247826296476
-0.7812478262964754
-0.7721025454232969
-0.7721025454232965
-0.7555672327405545
-0.7555672327405542
-0.7555672327405534
-0.7555672327405534
-0.7469823745626245
-0.7469823745626244
-0.7469823745626242
-0.746982374562624
-0.7205592105692137
-0.7205592105692137
-0.720559210569213
-0.7205592105692128
-0.6954976146655567
-0.6954976146655567
-0.6954976146655566
-0.6954976146655566
-0.6832569631920159
-0.6832569631920156
-0.6832569631920153
-0.6832569631920153
-0.6650329399534447
-0.6650329399534441
-0.6244223835172545
-0.6244223835172542
-0.6244223835172542
-0.6244223835172542
-0.6238699902660082
-0.623869990266008
-0.623869990266008
-0.6238699902660075
-0.5809800468618669
-0.5809800468618667
-0.5459589495535987
-0.545958949553598
-0.5459589495535975
-0.5459589495535975
-0.47024930609694987
-0.47024930609694937
-0.47024930609694887
-0.4702493060969484
-0.41081493607086644
-0.41081493607086605
-0.41081493607086583
-0.4108149360708654
-9.244567157894786e-05
-9.244567157881964e-05
9.244567157867433e-05
9.244567157879111e-05
0.41081493607086556
0.41081493607086583
0.41081493607086617
0.41081493607086633
0.47024930609694887
0.47024930609694887
0.4702493060969492
0.47024930609694937
0.545958949553597
0.5459589495535974
0.5459589495535979
0.5459589495535979
0.5809800468618669
0.5809800468618669
0.6238699902660076
0.6238699902660079
0.6238699902660079
0.6238699902660084
0.6244223835172544
0.6244223835172544
0.6244223835172545
0.6244223835172549
0.665032939953444
0.6650329399534445
0.6832569631920151
0.6832569631920153
0.6832569631920159
0.683256963192016
0.6954976146655563
0.6954976146655564
0.6954976146655567
0.695497614665557
0.7205592105692128
0.7205592105692133
0.7205592105692135
0.7205592105692138
0.7469823745626233
0.7469823745626236
0.7469823745626245
0.7469823745626246
0.7555672327405532
0.7555672327405536
0.7555672327405536
0.7555672327405538
0.7721025454232963
0.7721025454232964
0.7812478262964757
0.7812478262964758
0.7812478262964762
0.7812478262964763
0.8006467742166259
0.8006467742166268
0.800646774216627
0.8006467742166272
0.8077659532056212
0.8077659532056213
0.8077659532056214
0.8077659532056215
0.8285278367117185
0.8285278367117188
0.8285278367117191
0.8285278367117194
0.8290264958407383
0.8290264958407383
0.8290264958407387
0.8290264958407388
0.8395542468143063
0.8395542468143066
0.8395542468143072
0.8395542468143073
0.8600295031822601
0.8600295031822603
0.8600295031822605
0.8600295031822607
0.8822853965485403
0.8822853965485404
0.8841878183151723
0.8841878183151725
0.8841878183151728
0.8841878183151729
0.8899529451210763
0.8899529451210764
0.8899529451210765
0.8899529451210767
0.8998911935429725
0.8998911935429731
0.8998911935429735
0.8998911935429736
0.9247849908810737
0.9247849908810742
0.9247849908810744
0.9247849908810747
0.9285309140798433
0.9285309140798436
0.9285309140798436
0.9285309140798442
0.9321764903936817
0.9321764903936823
0.9321764903936827
0.9321764903936832
0.9343075982853748
0.9343075982853749
0.934307598285375
0.9343075982853751
0.9526766385005254
0.9526766385005255
0.9526766385005255
0.952676638500527
0.9690750348218427
0.9690750348218433
0.9690750348218433
0.9690750348218435
0.9798446812630678
0.9798446812630685
0.9798446812630686
0.979844681263069
0.9835821549137395
0.9835821549137398
0.9922346205699871
0.9922346205699873
0.9922346205699876
0.9922346205699879
1.0150118291289987
1.0150118291289987
1.0150118291289993
1.0150118291289996
1.0269365932960488
1.0269365932960488
1.0269365932960492
1.0269365932960492
1.0371461480497843
1.0371461480497859
1.0371461480497859
1.0371461480497863
1.0605433421236337
1.060543342123634
1.060543342123634
1.060543342123634
1.0685334238273663
1.0685334238273663
1.0817464119032139
1.081746411903214
1.0817464119032143
1.0817464119032143
1.1008710604373726
1.100871060437373
1.1008710604373733
1.1008710604373733
1.1213118258768235
1.121311825876824
1.1213118258768244
1.1213118258768244
1.13228552299355
1.1322855229935507
1.1521690955426152
1.152169095542616
1.152169095542616
1.152169095542617
1.1717152998344769
1.1717152998344775
