-8.462716406181961
-8.4589862904302
-8.362512947284317
-8.360488803337672
-8.358646338062648
-8.356618300087485
-8.258426417686588
-8.254149421261161
-8.2043399058546
-8.201834536654077
-8.200963505657153
-8.197312423859985
-8.10104792980906
-8.096712983008132
-8.093493808435719
-8.092688445009829
-8.004543819857782
-8.002910237111752
-7.9990271628862
-7.998498245186232
-7.935286151027752
-7.931636917375405
-7.896599102988744
-7.894469292987559
-7.892545715627473
-7.889600311553979
-7.78318751480289
-7.7821268632992
-7.779796052946915
-7.775724752547122
-7.729691519351805
-7.7269581570474015
-7.725505949225836
-7.723222901110313
-7.673080000262699
-7.669666618503669
-7.668498032725953
-7.665238479501184
-7.566557298818155
-7.562652259369182
-7.561790137174766
-7.5601652215093225
-7.517034204784815
-7.512425772978888
-7.499057379574034
-7.497936479195118
-7.496082846645489
-7.494434050839533
-7.453119351188456
-7.4497637249560675
-7.4473532310528325
-7.444627062408502
-7.380621885813281
-7.379302598007603
-7.378039767316985
-7.373714819936852
-7.281846275989695
-7.28056676250097
-7.2789864205775405
-7.2764050484545795
-7.274515264132724
-7.273758165491517
-7.2702792370801905
-7.269788224409644
-7.262024326890647
-7.261736872506387
-7.260448264900235
-7.257562074753247
-7.256293928338399
-7.25298397275877
-7.251821257642379
-7.2474141864056545
-7.138447418558424
-7.135625509911302
-7.1350971060850386
-7.130927929935241
-7.082779957347576
-7.07999516886525
-7.0764904160480295
-7.073858289057014
-7.047610480672656
-7.046678514606986
-7.044182977967045
-7.041973882724701
-7.034970694373543
-7.0322695019531025
-6.952138593841389
-6.949507823524253
-6.9472922554843315
-6.944858401001673
-6.849847208968698
-6.846564103654328
-6.844929324820133
-6.841119517027362
-6.795439386104227
-6.794619072185554
-6.7904900824186365
-6.7890529874851255
-6.715270536339394
-6.713390367683067
-6.711067462075325
-6.706135737388729
-6.588994251433964
-6.587971051037512
-6.584464158193876
-6.581987225722678
-6.545475371171654
-6.540398240017144
-6.4504783151603915
-6.447737475707294
-6.443696523234586
-6.442905136884993
-6.333117934863887
-6.328384181839569
-6.325277665868029
-6.3239723102194
-6.184992785335451
-6.184174577067351
-6.180706088801771
-6.1783739019577
-6.107898042856453
-6.104066894305843
-5.985778701043681
-5.985377544331992
-5.984283085543964
-5.974829132664732
-5.958840314143731
-5.955132760274387
-5.9539402322026325
-5.950915810955419
-5.841388680322389
-5.837950734391891
-5.836286023703161
-5.835511612314967
-5.8014880958032915
-5.795723433831599
-5.613907659523395
-5.608385160489908
-5.606960067020181
-5.605281278121375
-5.318805685947534
-5.3157735406222795
-5.314094491023178
-5.312912550193113
-4.979157431072944
-4.976405135232837
-4.972751637559707
-4.971954334683704
-4.6302164191586765
-4.62452221200846
-4.624272989121131
-4.6199797795371005
-4.319202876037555
-4.316462624651362
-4.314845504991763
-4.314257941229338
-4.104081556785651
-4.103221399532915
-4.101459204848307
-4.089719737522332
-0.0010000062098085678
-0.0010000060111492039
0.0010000060111472271
0.0010000062098077629
4.089719737522332
4.101459204848305
4.103221399532914
4.104081556785656
4.314257941229337
4.314845504991762
4.316462624651362
4.3192028760375525
4.619979779537101
4.624272989121131
4.62452221200846
4.630216419158678
4.971954334683701
4.9727516375597025
4.976405135232841
4.979157431072948
5.312912550193113
5.314094491023178
5.315773540622283
5.318805685947537
5.605281278121374
5.60696006702018
5.608385160489908
5.613907659523387
5.795723433831601
5.8014880958032915
5.835511612314967
5.8362860237031615
5.83795073439189
5.841388680322385
5.950915810955416
5.953940232202634
5.955132760274383
5.958840314143733
5.974829132664731
5.984283085543959
5.985377544331991
5.985778701043678
6.104066894305841
6.107898042856455
6.178373901957697
6.1807060888017675
6.184174577067351
6.1849927853354485
6.323972310219399
6.325277665868029
6.328384181839571
6.3331179348638855
6.442905136884994
6.443696523234586
6.447737475707295
6.45047831516039
6.540398240017144
6.545475371171652
6.581987225722677
6.5844641581938745
6.587971051037511
6.588994251433964
6.706135737388732
6.711067462075323
6.7133903676830675
6.715270536339399
6.789052987485127
6.79049008241864
6.7946190721855535
6.795439386104228
6.841119517027363
6.844929324820134
6.84656410365433
6.849847208968698
6.944858401001672
6.947292255484336
6.949507823524254
6.95213859384139
7.0322695019531025
7.0349706943735475
7.041973882724707
7.044182977967049
7.046678514606988
7.047610480672659
7.073858289057011
7.0764904160480295
7.079995168865248
7.082779957347577
7.13092792993524
7.1350971060850386
7.1356255099113
7.13844741855842
7.247414186405654
7.251821257642377
7.25298397275877
7.2562939283384
7.257562074753246
7.2604482649002335
7.261736872506385
7.262024326890642
7.269788224409644
7.27027923708019
7.273758165491514
7.2745152641327255
7.276405048454581
7.278986420577538
7.280566762500976
7.281846275989693
7.373714819936854
7.378039767316986
7.379302598007599
7.380621885813284
7.444627062408505
7.447353231052833
7.449763724956071
7.453119351188458
7.494434050839535
7.496082846645489
7.49793647919512
7.499057379574033
7.512425772978887
7.5170342047848155
7.560165221509324
7.5617901371747696
7.562652259369184
7.566557298818155
7.665238479501186
7.668498032725962
7.669666618503673
7.673080000262698
7.723222901110314
7.7255059492258455
7.7269581570474
7.729691519351801
7.775724752547123
7.779796052946913
7.782126863299198
7.78318751480289
7.889600311553979
7.892545715627471
7.894469292987559
7.896599102988746
7.931636917375414
7.935286151027752
7.99849824518623
7.999027162886197
8.00291023711175
8.004543819857782
8.092688445009827
8.093493808435715
8.096712983008128
8.101047929809058
8.197312423859987
8.200963505657157
8.201834536654077
8.2043399058546
8.254149421261161
8.258426417686586
8.35661830008749
8.358646338062648
8.36048880333767
8.362512947284326
8.458986290430197
8.462716406181958
