-8.467462005937103
-8.4643198720939
-8.383710674298413
-8.380585352545653
-8.378710747884345
-8.374548348551508
-8.292222998737577
-8.29129321323375
-8.242458744673502
-8.241115665744493
-8.239495285003432
-8.238757505386507
-8.153883010076179
-8.152573468775438
-8.149954490160912
-8.14850519271757
-8.067738682744997
-8.066339924253286
-8.064401546830084
-8.061098648722107
-8.011417628971156
-8.00635167459463
-7.975795538789714
-7.974202162355935
-7.9726277747772665
-7.9709899523383765
-7.869986639228876
-7.867796737361648
-7.866887835134178
-7.862852813592649
-7.829649034350557
-7.8283871373860165
-7.8267606545831025
-7.825771848767048
-7.776230721087751
-7.77411106040201
-7.771903252761984
-7.769172463997844
-7.669338648554682
-7.668291013779068
-7.666698950746103
-7.664208701644202
-7.644221379192321
-7.6425057314136025
-7.623329264299752
-7.622853140428533
-7.622284748508057
-7.620814468282182
-7.572558658405842
-7.570781420551208
-7.570312964983761
-7.569841043023514
-7.4868573793206465
-7.485998896412324
-7.48158790951783
-7.48090581387607
-7.4375870700644855
-7.435197744319084
-7.432026434954233
-7.429327257887077
-7.419358227266742
-7.41831297457388
-7.415031849891168
-7.413153013716185
-7.388262499609178
-7.3861650518812345
-7.384507916725135
-7.381396515028053
-7.341076866910673
-7.33991391247181
-7.337453567299428
-7.334401475274558
-7.248622772021244
-7.245325855630212
-7.244195139936649
-7.241332149553143
-7.2387906220886
-7.238053632034754
-7.237756740307837
-7.233486561512028
-7.231770126956927
-7.2282227861436885
-7.227012715054693
-7.226156266474102
-7.222464613349342
-7.221249403125397
-7.220198686495582
-7.219197069729362
-7.215704997584712
-7.213396386230435
-7.144075702665016
-7.141388676233307
-7.140163721614156
-7.137972494388632
-7.078744317887791
-7.078185162248082
-7.0755097492590036
-7.073270094112557
-7.030509517423944
-7.02909864655844
-7.025680192205356
-7.022991630542044
-7.001863805513555
-7.0012423798472065
-6.997543166580031
-6.995546445809133
-6.98030618403414
-6.97846262666308
-6.976157837809437
-6.974828118947204
-6.873267540998597
-6.87231149697604
-6.870744828084589
-6.868586840939317
-6.798671849045905
-6.798204949481959
-6.796880133839907
-6.796584724281699
-6.777187040496668
-6.773788309785496
-6.771160760354583
-6.7685921333273855
-6.767871630084012
-6.766725046845411
-6.639535058044011
-6.6382263766352585
-6.637133439788846
-6.634231459473728
-6.568114647842359
-6.567458101975346
-6.5648645717546605
-6.564089081519935
-6.535848900794398
-6.531757161581056
-6.5314795720411825
-6.52835500507865
-6.402450133831629
-6.4004622535665305
-6.398941872874569
-6.397302187062052
-6.353772807093839
-6.348923699264775
-6.294028121288214
-6.291188146237817
-6.289574119526146
-6.286192328205701
-6.180925743899831
-6.179812917864535
-6.178260647820462
-6.175940772270031
-6.068841223580682
-6.066955728936644
-6.065072701815273
-6.062800834121439
-6.002725441181442
-5.999871077069873
-5.889194742735951
-5.886179180513183
-5.884557026184499
-5.880324746697037
-5.768473943670828
-5.763898566869797
5.7638985671601874
5.768473943370355
5.880324737739954
5.884557033197804
5.886179194620916
5.88919473055465
5.9998710775270725
6.002725440714268
6.062800840191637
6.065072702348852
6.066955721020099
6.068841224866885
6.175940785712246
6.178260637462306
6.179812926379965
6.180925732279162
6.2861923225075405
6.289574127626374
6.291188144348829
6.294028120750058
6.3489237075557705
6.353772798769894
6.3973021865362165
6.398941870509224
6.400462248806707
6.402450141465393
6.528355009119527
6.531479561871133
6.531757171724945
6.5358488967597035
6.564089073403187
6.564864578056557
6.567458111992419
6.568114639590763
6.634231460162257
6.637133429504395
6.638226383003944
6.639535061247826
6.766725042327378
6.7678716219225095
6.768592142126595
6.771160761732742
6.773788315063454
6.777187037745786
6.79658473806205
6.796880146059449
6.798204936723605
6.798671835679811
6.86858684587797
6.870744818715523
6.872311490721613
6.8732675516716135
6.974828115344437
6.976157846672971
6.978462619862726
6.98030618534125
6.995546436638947
6.997543176711571
7.00124238113534
7.001863803355752
7.022991636076874
7.02568018691114
7.029098649667545
7.0305095141409035
7.073270108004062
7.075509739233838
7.0781851553328154
7.078744320874066
7.137972495418136
7.140163723593774
7.141388663907645
7.144075711968853
7.213396373965042
7.215705009816742
7.219197071180593
7.220198692696846
7.221249399220653
7.222464610770863
7.226156273321499
7.227012708362022
7.228222793250424
7.23177011944718
7.233486554482714
7.237756741864167
7.238053629732597
7.238790629569278
7.241332150690415
7.244195153306843
7.245325842628738
7.2486227697891445
7.334401477423475
7.337453565879624
7.3399139022909905
7.341076876328959
7.381396525064712
7.384507909875253
7.3861650415449995
7.388262506745149
7.413152999572981
7.4150318633960115
7.4183129714198595
7.419358231074977
7.429327248538799
7.432026446297165
7.435197753817492
7.43758705845415
7.480905813351548
7.481587912422245
7.485998891727056
7.486857381641926
7.569841034797779
7.570312960087284
7.570781424702646
7.572558667322094
7.620814470513398
7.622284745394561
7.622853140527173
7.623329265107797
7.64250572579478
7.644221384697407
7.66420869376041
7.6666989615500585
7.668291014834519
7.669338644618934
7.769172462548429
7.77190324463709
7.774111070040194
7.776230720989883
7.825771838184891
7.8267606662552875
7.828387147973909
7.829649022654892
7.862852813352361
7.866887848147131
7.867796726443636
7.8699866373421035
7.970989950942805
7.972627774969898
7.9742021542745185
7.97579554802941
8.00635167978347
8.011417623783158
8.061098646803119
8.06440154995691
8.066339921665069
8.067738684087582
8.14850520452348
8.149954479587905
8.152573463280127
8.153883014322037
8.238757509787167
8.23949528080173
8.24111566019893
8.24245874999405
8.291293209867343
8.292223002102036
8.374548336581896
8.37871075780728
8.38058536530166
8.383710663568904
8.464319868731051
8.467462009291419
