-2.8177495830687773
-2.8177495689266405
-2.760445769008541
-2.760445768711854
-2.7604457548695174
-2.7604457545728294
-2.701926899964554
-2.7019268858224184
-2.669445636938129
-2.6694456361292986
-2.6694456228191403
-2.66944562201031
-2.608886378837322
-2.6088863783236396
-2.6088863647045195
-2.608886364190837
-2.5516457174206795
-2.5516457158593893
-2.551645703364991
-2.5516457018037006
-2.5124026946199316
-2.5124026804777957
-2.4882210505391593
-2.4882210492672185
-2.48822103645434
-2.488221035182399
-2.416935662307539
-2.4169356597243463
-2.4169356484033266
-2.416935645820134
-2.386864713090538
-2.386864712326049
-2.38686469896908
-2.386864698204591
-2.3498778957317943
-2.3498778934234106
-2.3498778817793267
-2.3498778794709425
-2.2782706974786042
-2.2782706935826034
-2.278270683883709
-2.278270679987708
-2.2543466933039813
-2.254346679161846
-2.2422768087592266
-2.2422768069377383
-2.242276794734884
-2.2422767929133953
-2.2070037381265473
-2.2070037344758258
-2.2070037244637426
-2.207003720813021
-2.1513406317772636
-2.151340626287547
-2.151340618744113
-2.1513406132543964
-2.1006573119176966
-2.100657310842057
-2.1006572978165265
-2.100657296740887
-2.0920670788373705
-2.092067075626662
-2.0920670650645223
-2.0920670618538137
-2.075720270906151
-2.0757202656109954
-2.0757202577927476
-2.075720252497592
-2.0532301451993034
-2.053230137910451
-2.053230133080202
-2.0532301257913494
-1.9994204273149763
-1.9994204181841317
-1.9994204165155456
-1.9994204073847015
-1.973854644666132
-1.9738546374990884
-1.9738546324745982
-1.9738546253075546
-1.9530729134625984
-1.953072908521091
-1.953072900211881
-1.9530728952703742
-1.939510380835572
-1.9395103783131393
-1.939510366920209
-1.9395103643977758
-1.9347979910308135
-1.9347979768886776
-1.9178191192808849
-1.9178191101885746
-1.9178191084489922
-1.917819099356681
-1.8444460741698678
-1.8444460672265566
-1.8444460618495415
-1.8444460549062303
-1.7887005507672598
-1.7887005463917982
-1.788700537319013
-1.7887005329435515
-1.7843512368729106
-1.7843512278515543
-1.7843512259818524
-1.7843512169604956
-1.7585171711850116
-1.7585171696878783
-1.7585171571223446
-1.7585171556252113
-1.6694122245672147
-1.669412217988953
-1.6694122120481703
-1.669412205469908
-1.6027679780753352
-1.6027679691704062
-1.6027679670888786
-1.6027679581839493
-1.5906387975586054
-1.5906387940588536
-1.5906387838563527
-1.590638780356601
-1.562473043397143
-1.5624730292550073
-1.4552042123076891
-1.4552042063138362
-1.4552041994985632
-1.4552041935047095
-1.3782406595102645
-1.3782406507940907
-1.3782406483734646
-1.3782406396572906
-1.370792163053495
-1.37079216091305
-1.370792149074279
-1.370792146933834
-1.211015552958854
-1.2110155479303921
-1.2110155397408895
-1.2110155347124274
-1.1475279043957163
-1.1475278902535797
-1.1173570089803357
-1.1173570005853026
-1.1173569975995012
-1.1173569892044675
-0.9509510011489439
-0.9509509978307492
-0.9509509874015959
-0.950950984083401
-0.8283935191655136
-0.8283935113840123
-0.828393507356693
-0.8283934995751917
-0.7012811957372422
-0.7012811815951066
-0.5231857523900099
-0.5231857461002667
-0.523185739723553
-0.5231857334338098
-0.23590536435557688
-0.2359053502134403
0.23590535021344164
0.23590536435557632
0.5231857334338089
0.5231857397235531
0.5231857461002659
0.5231857523900098
0.701281181595106
0.7012811957372416
0.8283934995751929
0.8283935073566935
0.8283935113840133
0.8283935191655136
0.9509509840834015
0.9509509874015968
0.9509509978307497
0.9509510011489445
1.117356989204467
1.1173569975995008
1.117357000585302
1.1173570089803355
1.1475278902535793
1.1475279043957147
1.211015534712428
1.2110155397408897
1.2110155479303915
1.2110155529588533
1.3707921469338338
1.3707921490742785
1.3707921609130507
1.3707921630534952
1.3782406396572906
1.3782406483734644
1.3782406507940905
1.3782406595102645
1.4552041935047102
1.4552041994985634
1.4552042063138357
1.4552042123076894
1.5624730292550069
1.5624730433971428
1.590638780356601
1.5906387838563527
1.5906387940588542
1.5906387975586056
1.6027679581839502
1.6027679670888795
1.602767969170407
1.6027679780753368
1.6694122054699088
1.6694122120481707
1.6694122179889523
1.6694122245672143
1.7585171556252113
1.758517157122345
1.7585171696878774
1.758517171185011
1.7843512169604965
1.784351225981852
1.7843512278515539
1.7843512368729098
1.7887005329435501
1.7887005373190126
1.7887005463917975
1.7887005507672595
1.8444460549062305
1.8444460618495417
1.8444460672265561
1.8444460741698674
1.9178190993566808
1.9178191084489904
1.9178191101885735
1.9178191192808838
1.9347979768886778
1.9347979910308133
1.9395103643977754
1.9395103669202085
1.9395103783131382
1.9395103808355716
1.953072895270373
1.9530729002118796
1.953072908521091
1.9530729134625973
1.9738546253075542
1.9738546324745974
1.973854637499088
1.973854644666131
1.999420407384702
1.9994204165155451
1.9994204181841317
1.999420427314975
2.053230125791348
2.0532301330802016
2.0532301379104503
2.0532301451993034
2.075720252497592
2.0757202577927476
2.0757202656109954
2.075720270906151
2.0920670618538133
2.0920670650645214
2.092067075626662
2.09206707883737
2.100657296740887
2.1006572978165265
2.100657310842057
2.100657311917697
2.151340613254396
2.1513406187441126
2.151340626287546
2.1513406317772628
2.207003720813021
2.207003724463742
2.2070037344758253
2.207003738126547
2.2422767929133953
2.2422767947348845
2.242276806937738
2.2422768087592266
2.254346679161846
2.2543466933039813
2.278270679987708
2.2782706838837092
2.278270693582603
2.278270697478604
2.3498778794709425
2.3498778817793267
2.3498778934234106
2.3498778957317947
2.386864698204592
2.3868646989690805
2.3868647123260485
2.3868647130905374
2.416935645820135
2.416935648403328
2.4169356597243454
2.4169356623075386
2.488221035182399
2.4882210364543393
2.4882210492672185
2.4882210505391593
2.512402680477796
2.5124026946199307
2.5516457018036993
2.5516457033649895
2.551645715859388
2.551645717420678
2.6088863641908375
2.6088863647045195
2.608886378323641
2.608886378837323
2.6694456220103113
2.669445622819142
2.6694456361292964
2.669445636938127
2.701926885822418
2.7019268999645534
2.7604457545728316
2.7604457548695187
2.760445768711853
2.7604457690085407
2.817749568926642
2.8177495830687764
