-1.0822770391172878
-1.0822770391172873
-1.080205418195457
-1.0802054181954568
-1.0783859959427877
-1.078385995942787
-1.0748610739343614
-1.0748610739343611
-1.0586007027293014
-1.0586007027293012
-1.05263939966434
-1.0526393996643397
-1.0370701532549798
-1.0370701532549793
-1.0318929868025133
-1.0318929868025128
-1.0077317136067894
-1.007731713606789
-0.9994490119104781
-0.9994490119104777
-0.9789489994733023
-0.9789489994733018
-0.9663027992848229
-0.9663027992848229
-0.9589767900143595
-0.9589767900143595
-0.9580330790625192
-0.958033079062519
-0.9399372089041649
-0.9399372089041648
-0.9364929934367081
-0.936492993436708
-0.935201210951012
-0.9352012109510118
-0.927703106835287
-0.9277031068352869
-0.9258945684384866
-0.9258945684384864
-0.9163462128334018
-0.9163462128334017
-0.9053653181000415
-0.9053653181000415
-0.9030785610438639
-0.9030785610438633
-0.891273006841572
-0.8912730068415717
-0.8881288743437377
-0.8881288743437374
-0.857865103972166
-0.8578651039721658
-0.8480215161859838
-0.8480215161859831
-0.8276213622697194
-0.8276213622697189
-0.8272015844122024
-0.8272015844122016
-0.8158040602773594
-0.8158040602773593
-0.8123286855812006
-0.8123286855812006
-0.8075590049950516
-0.8075590049950512
-0.8052705133286676
-0.8052705133286675
-0.7978815134142745
-0.7978815134142745
-0.7971655292283111
-0.797165529228311
-0.7807159951096446
-0.7807159951096442
-0.7791040720592756
-0.7791040720592753
-0.7680961734076571
-0.768096173407657
-0.7620842862887566
-0.7620842862887564
-0.7513190634625562
-0.7513190634625561
-0.7483396909966211
-0.7483396909966209
-0.7365349399243347
-0.7365349399243346
-0.7085934710846582
-0.7085934710846581
-0.7028279452441233
-0.7028279452441228
-0.6943033423273847
-0.6943033423273846
-0.6542419195584643
-0.6542419195584642
-0.6337978728236129
-0.6337978728236128
-0.5947471479521148
-0.5947471479521148
-0.5857198389546499
-0.5857198389546497
-0.5761607960968502
-0.5761607960968499
-0.5426440037869833
-0.5426440037869832
-0.5161492583739404
-0.5161492583739402
-0.5043244129849196
-0.5043244129849196
-0.46874959645054814
-0.468749596450548
-0.46415562145708866
-0.46415562145708855
-0.1777608587476695
-0.17776085874766942
-0.17632847703882845
-0.1763284770388283
-0.16824530484946076
-0.16824530484946043
-0.16473589878606654
-0.16473589878606612
-0.15680111525375606
-0.15680111525375565
-0.14315582674957422
-0.14315582674957392
-0.13812624694713205
-0.13812624694713202
-0.13587802690348785
-0.13587802690348746
-0.034177962709797186
-0.034177962709796825
-0.010061585576384596
-0.010061585576384442
0.010061585576384592
0.01006158557638461
0.034177962709796915
0.03417796270979758
0.1358780269034876
0.13587802690348777
0.1381262469471319
0.13812624694713202
0.14315582674957397
0.14315582674957428
0.15680111525375537
0.15680111525375554
0.16473589878606604
0.1647358987860661
0.1682453048494602
0.16824530484946032
0.17632847703882812
0.17632847703882878
0.1777608587476694
0.17776085874766961
0.4641556214570884
0.46415562145708883
0.468749596450548
0.4687495964505481
0.5043244129849195
0.5043244129849197
0.5161492583739402
0.5161492583739402
0.5426440037869829
0.5426440037869835
0.5761607960968494
0.5761607960968497
0.5857198389546499
0.5857198389546501
0.5947471479521149
0.594747147952115
0.6337978728236126
0.6337978728236129
0.6542419195584638
0.654241919558464
0.6943033423273843
0.6943033423273846
0.7028279452441224
0.7028279452441233
0.7085934710846579
0.708593471084658
0.7365349399243347
0.736534939924335
0.7483396909966207
0.7483396909966213
0.751319063462556
0.7513190634625563
0.7620842862887566
0.7620842862887566
0.7680961734076571
0.7680961734076572
0.7791040720592752
0.7791040720592756
0.780715995109644
0.7807159951096445
0.7971655292283111
0.7971655292283111
0.7978815134142743
0.7978815134142749
0.8052705133286676
0.8052705133286677
0.8075590049950518
0.8075590049950523
0.8123286855812007
0.8123286855812011
0.8158040602773591
0.8158040602773594
0.8272015844122015
0.8272015844122016
0.827621362269719
0.8276213622697192
0.8480215161859833
0.8480215161859834
0.8578651039721658
0.8578651039721659
0.8881288743437377
0.8881288743437379
0.891273006841572
0.8912730068415721
0.9030785610438634
0.9030785610438636
0.9053653181000414
0.9053653181000416
0.9163462128334018
0.9163462128334021
0.9258945684384866
0.9258945684384867
0.9277031068352868
0.927703106835287
0.9352012109510117
0.9352012109510123
0.936492993436708
0.9364929934367082
0.939937208904165
0.9399372089041652
0.958033079062519
0.9580330790625192
0.9589767900143593
0.9589767900143598
0.9663027992848227
0.9663027992848231
0.9789489994733016
0.9789489994733018
0.9994490119104779
0.9994490119104783
1.007731713606789
1.0077317136067891
1.0318929868025126
1.0318929868025133
1.0370701532549795
1.0370701532549795
1.0526393996643393
1.05263939966434
1.0586007027293014
1.0586007027293016
1.0748610739343614
1.0748610739343616
1.0783859959427875
1.0783859959427877
1.080205418195457
1.0802054181954572
1.0822770391172873
1.0822770391172876
