-1.0822770391172873
-1.0822770391172871
-1.080205418195457
-1.0802054181954566
-1.0783859959427877
-1.0783859959427875
-1.0748610739343611
-1.0748610739343611
-1.0586007027293018
-1.0586007027293014
-1.05263939966434
-1.0526393996643393
-1.0370701532549795
-1.037070153254979
-1.031892986802513
-1.0318929868025126
-1.007731713606789
-1.0077317136067887
-0.9994490119104782
-0.999449011910478
-0.978948999473302
-0.9789489994733016
-0.9663027992848234
-0.9663027992848233
-0.9589767900143592
-0.9589767900143591
-0.9580330790625194
-0.9580330790625192
-0.9399372089041651
-0.9399372089041647
-0.9364929934367081
-0.9364929934367076
-0.9352012109510119
-0.9352012109510116
-0.9277031068352869
-0.9277031068352868
-0.9258945684384866
-0.9258945684384865
-0.9163462128334019
-0.9163462128334018
-0.9053653181000415
-0.9053653181000415
-0.9030785610438632
-0.9030785610438632
-0.8912730068415718
-0.8912730068415717
-0.8881288743437378
-0.8881288743437374
-0.857865103972166
-0.8578651039721658
-0.8480215161859835
-0.8480215161859833
-0.8276213622697196
-0.8276213622697189
-0.8272015844122014
-0.8272015844122014
-0.8158040602773595
-0.8158040602773592
-0.8123286855812006
-0.8123286855812004
-0.8075590049950518
-0.8075590049950517
-0.8052705133286681
-0.8052705133286674
-0.7978815134142744
-0.7978815134142742
-0.7971655292283113
-0.797165529228311
-0.7807159951096444
-0.780715995109644
-0.7791040720592757
-0.7791040720592753
-0.7680961734076571
-0.7680961734076569
-0.7620842862887567
-0.7620842862887561
-0.7513190634625565
-0.7513190634625561
-0.7483396909966212
-0.7483396909966209
-0.7365349399243347
-0.7365349399243346
-0.7085934710846585
-0.7085934710846582
-0.7028279452441234
-0.7028279452441234
-0.6943033423273844
-0.6943033423273844
-0.6542419195584643
-0.6542419195584642
-0.6337978728236128
-0.6337978728236128
-0.594747147952115
-0.5947471479521149
-0.5857198389546499
-0.5857198389546496
-0.57616079609685
-0.5761607960968497
-0.5426440037869837
-0.5426440037869833
-0.5161492583739403
-0.5161492583739401
-0.5043244129849196
-0.5043244129849195
-0.4687495964505481
-0.4687495964505481
-0.4641556214570886
-0.4641556214570886
-0.17776085874766936
-0.1777608587476693
-0.17632847703882845
-0.17632847703882826
-0.16824530484946038
-0.16824530484946038
-0.1647358987860663
-0.16473589878606615
-0.15680111525375598
-0.15680111525375567
-0.14315582674957406
-0.14315582674957394
-0.13812624694713202
-0.13812624694713196
-0.13587802690348774
-0.1358780269034877
-0.03417796270979709
-0.03417796270979688
-0.010061585576384511
-0.010061585576384424
0.01006158557638454
0.010061585576384596
0.034177962709797
0.03417796270979753
0.13587802690348774
0.13587802690348777
0.1381262469471317
0.13812624694713183
0.14315582674957406
0.1431558267495742
0.1568011152537557
0.15680111525375579
0.16473589878606626
0.16473589878606634
0.16824530484946046
0.16824530484946051
0.17632847703882848
0.1763284770388289
0.17776085874766945
0.17776085874766967
0.464155621457088
0.46415562145708866
0.4687495964505478
0.46874959645054803
0.5043244129849194
0.5043244129849196
0.51614925837394
0.5161492583739405
0.5426440037869833
0.5426440037869833
0.5761607960968493
0.5761607960968498
0.5857198389546501
0.5857198389546504
0.5947471479521147
0.5947471479521149
0.6337978728236128
0.633797872823613
0.6542419195584638
0.654241919558464
0.6943033423273843
0.6943033423273844
0.7028279452441235
0.702827945244124
0.708593471084658
0.7085934710846582
0.7365349399243343
0.7365349399243345
0.7483396909966207
0.7483396909966208
0.751319063462556
0.7513190634625564
0.7620842862887562
0.7620842862887566
0.7680961734076567
0.768096173407657
0.7791040720592752
0.7791040720592756
0.780715995109644
0.7807159951096443
0.7971655292283109
0.7971655292283112
0.7978815134142737
0.7978815134142745
0.8052705133286672
0.8052705133286676
0.8075590049950514
0.8075590049950521
0.8123286855812004
0.8123286855812007
0.8158040602773592
0.8158040602773592
0.8272015844122009
0.8272015844122014
0.8276213622697188
0.8276213622697188
0.8480215161859832
0.8480215161859833
0.857865103972166
0.8578651039721663
0.8881288743437376
0.8881288743437378
0.8912730068415717
0.891273006841572
0.9030785610438633
0.9030785610438634
0.9053653181000414
0.9053653181000414
0.916346212833402
0.9163462128334021
0.9258945684384864
0.9258945684384866
0.9277031068352867
0.9277031068352868
0.9352012109510116
0.9352012109510119
0.9364929934367078
0.936492993436708
0.9399372089041649
0.9399372089041653
0.9580330790625191
0.9580330790625193
0.9589767900143591
0.9589767900143595
0.9663027992848223
0.9663027992848231
0.9789489994733022
0.9789489994733022
0.999449011910478
0.9994490119104784
1.0077317136067885
1.007731713606789
1.0318929868025126
1.0318929868025128
1.0370701532549795
1.03707015325498
1.0526393996643393
1.0526393996643395
1.0586007027293012
1.0586007027293016
1.0748610739343614
1.0748610739343614
1.0783859959427875
1.0783859959427882
1.0802054181954561
1.0802054181954572
1.0822770391172873
1.0822770391172873
