-8.145481907714975
-8.144078543640942
-8.124125769728252
-8.12411262062259
-8.12268613545427
-8.12267110879011
-8.092973209797
-8.091568382676899
-7.998857543642106
-7.9975220602300325
-7.957035375098009
-7.95701093937155
-7.954581318878609
-7.954506233856972
-7.9179224246734705
-7.9165991060662595
-7.835943635946257
-7.834679844140122
-7.80361058324952
-7.803601546807857
-7.8022289489578425
-7.80212195515714
-7.75226375909468
-7.751023130514584
-7.70228735613227
-7.700994106729971
-7.6809141235555884
-7.680043534532832
-7.643250874095283
-7.642717805600323
-7.639290859272017
-7.6392210302170644
-7.586795393049388
-7.586779652147245
-7.582343450824297
-7.582312014310439
-7.517084627901392
-7.516191830324565
-7.511255355219643
-7.509978914259528
-7.506851441653933
-7.505555006440694
-7.497948974853258
-7.497062063569886
-7.421675719006671
-7.421595712062556
-7.4152513040348405
-7.41519426824076
-7.365859796790128
-7.365772370783082
-7.350054936150043
-7.350022917804195
-7.336373676609787
-7.335178301523956
-7.316208590610223
-7.314956961515424
-7.250650875156014
-7.250599730112409
-7.24177222937049
-7.241707447739358
-7.181339737404567
-7.1812268303609175
-7.172446145882782
-7.172225417576738
-7.166790396814681
-7.1667459274909575
-7.157181924974815
-7.157084504019811
-7.096399875731675
-7.096282416962497
-7.089062400170371
-7.0889556006837635
-7.032829711019115
-7.0315332293754444
-6.986597512266273
-6.986117091435303
-6.9762745139213065
-6.97546658801989
-6.966455858845562
-6.966449144740793
-6.904079066667637
-6.903996153524015
-6.90157085152616
-6.901532148913984
-6.819967467785595
-6.81896595413965
-6.808624486378776
-6.807406792049135
-6.804031671963263
-6.802780315609978
-6.797178981001335
-6.796201917136553
-6.73019509619023
-6.730120060672056
-6.719787229469709
-6.719749032696718
-6.643418642426767
-6.643279022934996
-6.613058728665181
-6.612994937589574
-6.593325719014294
-6.592135541928072
-6.578511700853804
-6.577254014213011
-6.510358830815877
-6.509082468027357
-6.464208876484096
-6.464144292727013
-6.449472265396446
-6.44931306384384
-6.4251295633044165
-6.42387399483409
-6.344805276593046
-6.343482012646291
-6.299426125919819
-6.299408981658659
-6.290120766536306
-6.29005835740272
-6.237227884375533
-6.235874426907454
-6.1389257446597325
-6.137523132772187
-6.092939411731333
-6.092929614389242
-6.091108611844962
-6.0910884829879395
-6.062594201438948
-6.061197817281447
6.061197817281449
6.062594201438949
6.091088482987942
6.091108611844962
6.092929614389246
6.092939411731334
6.137523132772186
6.1389257446597325
6.235874426907456
6.23722788437553
6.290058357402719
6.2901207665363055
6.29940898165866
6.299426125919818
6.343482012646293
6.344805276593046
6.423873994834089
6.425129563304415
6.4493130638438405
6.449472265396445
6.4641442927270125
6.464208876484095
6.509082468027356
6.510358830815877
6.577254014213011
6.578511700853802
6.59213554192807
6.593325719014293
6.612994937589571
6.613058728665182
6.643279022934996
6.643418642426766
6.719749032696718
6.7197872294697145
6.73012006067206
6.730195096190231
6.7962019171365515
6.797178981001335
6.802780315609973
6.804031671963261
6.807406792049134
6.808624486378775
6.818965954139648
6.819967467785594
6.901532148913985
6.901570851526161
6.903996153524019
6.904079066667637
6.96644914474079
6.966455858845564
6.975466588019891
6.976274513921307
6.986117091435305
6.986597512266274
7.031533229375446
7.032829711019115
7.088955600683764
7.089062400170368
7.096282416962496
7.096399875731674
7.157084504019811
7.1571819249748145
7.1667459274909575
7.166790396814685
7.1722254175767395
7.172446145882786
7.181226830360918
7.18133973740457
7.241707447739357
7.241772229370487
7.250599730112409
7.250650875156015
7.314956961515426
7.316208590610226
7.3351783015239596
7.336373676609787
7.350022917804193
7.350054936150044
7.365772370783085
7.365859796790128
7.41519426824076
7.415251304034842
7.42159571206256
7.421675719006669
7.497062063569886
7.4979489748532595
7.505555006440692
7.506851441653932
7.509978914259528
7.511255355219638
7.516191830324568
7.51708462790139
7.582312014310438
7.582343450824294
7.586779652147243
7.5867953930493846
7.639221030217064
7.6392908592720135
7.642717805600323
7.643250874095283
7.68004353453283
7.6809141235555884
7.700994106729969
7.702287356132266
7.751023130514581
7.7522637590946815
7.802121955157141
7.802228948957844
7.803601546807861
7.803610583249523
7.8346798441401235
7.835943635946255
7.91659910606626
7.9179224246734705
7.954506233856965
7.954581318878608
7.95701093937155
7.957035375098009
7.9975220602300325
7.998857543642107
8.0915683826769
8.092973209797
8.122671108790112
8.122686135454273
8.124112620622594
8.124125769728257
8.144078543640942
8.145481907714975
