-2.581061270844164
-2.5797320920527587
-2.5702127043325396
-2.570204853568187
-2.567179427010151
-2.5671214581637263
-2.5524033763090994
-2.5511048420379225
-2.4943795979822356
-2.49340852530044
-2.47066507665179
-2.470435132706096
-2.442230167292562
-2.441970278063413
-2.423379254174395
-2.422633229637583
-2.359050615418653
-2.3584684460884806
-2.3294437427086025
-2.3290890944360596
-2.283810672376597
-2.28303682608437
-2.266806383890375
-2.266125149961902
-2.263579346862624
-2.2630310886707807
-2.220830140274808
-2.220416143737813
-2.2047462965040077
-2.2043775078595464
-2.177740656853885
-2.1777263078240625
-2.151302837734668
-2.1511644064208646
-2.1330390241471533
-2.1324584757914633
-2.123855242508757
-2.1228967415578843
-2.099639450726866
-2.0991692874365673
-2.0949080922623122
-2.094337919521714
-2.094229587674216
-2.0940807152908265
-2.0725835036023166
-2.0724807402579595
-2.0426355944286323
-2.0423383662361334
-2.016222743122554
-2.0155997721016825
-2.011288158874705
-2.011033719959118
-1.995957291032968
-1.9957884987391692
-1.9604599257970505
-1.9602778178267277
-1.9439684876750052
-1.9438171254206233
-1.9210896723597972
-1.920746654129311
-1.8988904553884556
-1.8986842993158486
-1.8732256491150512
-1.8730755293625565
-1.8351486968603081
-1.8349440707206959
-1.8058017607943133
-1.805564574868742
-1.7886752488652322
-1.7876619209849136
-1.7706031945916518
-1.770570574811576
-1.7570342512451385
-1.7568588637570273
-1.6992228123154527
-1.6989644331864866
-1.6425263732447082
-1.642141883501923
-1.6340552112024431
-1.6340109456914877
-1.6100296915093477
-1.6095911747068308
-1.5637623015301871
-1.5634167173776679
-1.5559681701037344
-1.5554316268151223
-1.5371374869703094
-1.5371259371198975
-1.5158398967366622
-1.5156206714612988
-1.503140367003174
-1.5026532840069027
-1.464814700752137
-1.4641224915410693
-1.3989718179479211
-1.3987432319303759
-1.373342824750805
-1.3730413639435806
-1.2839480532780914
-1.2835945933717379
-1.2669438246740157
-1.2661080909064493
-1.2229050441727847
-1.2228327307593425
-1.1641675987307256
-1.1637269537303772
-1.1440564086945773
-1.1440071635579323
-0.9849978366618019
-0.984430651109218
-0.9751327129604817
-0.9747838872449375
-0.9301011983480658
-0.929809831907645
-0.8906318802628852
-0.8906245236437774
-0.8475014458431139
-0.847343957017302
-0.7884353026291748
-0.7876279100180366
-0.7213221423892389
-0.7203026765674833
-0.6594415449427905
-0.6594102979223111
-0.6089210786438854
-0.6086850902914859
-0.558415162104893
-0.5573630778058172
0.5573630778058167
0.5584151621048926
0.6086850902914855
0.6089210786438848
0.659410297922312
0.6594415449427918
0.720302676567483
0.7213221423892394
0.7876279100180363
0.7884353026291755
0.8473439570173025
0.8475014458431136
0.8906245236437771
0.8906318802628849
0.929809831907645
0.9301011983480658
0.9747838872449375
0.9751327129604813
0.9844306511092183
0.9849978366618013
1.144007163557932
1.1440564086945777
1.1637269537303767
1.1641675987307252
1.222832730759342
1.2229050441727845
1.2661080909064493
1.2669438246740157
1.2835945933717376
1.2839480532780894
1.37304136394358
1.3733428247508048
1.3987432319303752
1.3989718179479207
1.4641224915410693
1.464814700752137
1.5026532840069025
1.5031403670031733
1.5156206714612985
1.5158398967366626
1.5371259371198982
1.5371374869703096
1.5554316268151225
1.555968170103734
1.5634167173776679
1.5637623015301862
1.6095911747068306
1.610029691509347
1.6340109456914882
1.6340552112024433
1.6421418835019217
1.6425263732447093
1.698964433186487
1.6992228123154525
1.7568588637570273
1.7570342512451385
1.7705705748115754
1.7706031945916505
1.7876619209849136
1.7886752488652322
1.805564574868742
1.8058017607943142
1.8349440707206959
1.8351486968603083
1.8730755293625567
1.8732256491150512
1.8986842993158488
1.8988904553884554
1.9207466541293108
1.921089672359797
1.9438171254206231
1.9439684876750056
1.9602778178267275
1.96045992579705
1.995788498739169
1.9959572910329673
2.0110337199591184
2.0112881588747045
2.015599772101683
2.016222743122553
2.042338366236133
2.0426355944286327
2.0724807402579586
2.072583503602317
2.0940807152908265
2.0942295876742154
2.094337919521712
2.0949080922623122
2.099169287436566
2.0996394507268654
2.1228967415578848
2.1238552425087573
2.1324584757914633
2.133039024147154
2.151164406420864
2.1513028377346664
2.177726307824062
2.177740656853885
2.204377507859547
2.2047462965040077
2.220416143737813
2.2208301402748076
2.2630310886707807
2.263579346862624
2.2661251499619017
2.266806383890376
2.28303682608437
2.283810672376597
2.3290890944360587
2.3294437427086025
2.3584684460884806
2.359050615418653
2.4226332296375834
2.423379254174396
2.441970278063413
2.442230167292562
2.4704351327060965
2.4706650766517897
2.49340852530044
2.494379597982235
2.5511048420379234
2.5524033763091007
2.5671214581637267
2.5671794270101502
2.5702048535681876
2.570212704332542
2.579732092052759
2.581061270844165
