-8.001710523941163
-8.000572922526326
-7.99270036379292
-7.99267943497574
-7.981205599067192
-7.981094599366275
-7.968701892573152
-7.967591030047256
-7.893376681062959
-7.892605491132816
-7.867711050526199
-7.867457109700563
-7.780196373698692
-7.780057110300824
-7.755555465301456
-7.755138715613951
-7.6306858118207765
-7.630137449702312
-7.594890587677439
-7.594610902588108
-7.492920033531569
-7.492829088315816
-7.438187405999733
-7.437980476907965
-7.386202296905127
-7.38584109807214
-7.374895070360512
-7.374345138453897
-7.308001650157774
-7.30786900117528
-7.261309958172
-7.261275681309301
-7.260446533279681
-7.260310215431953
-7.246381504702209
-7.2462650641266775
-7.24343633006502
-7.243396964322024
-7.181429794711766
-7.1814092593232965
-7.130258504251108
-7.129542060831398
-7.116707078861393
-7.116463248181745
-7.052784672719219
-7.052626938003001
-7.014550785921332
-7.014485729450341
-6.894546215647174
-6.894207334055049
-6.857106821825628
-6.856535760082423
-6.702812054794268
-6.7024995051677125
-6.681029646232747
-6.680857768163435
-6.543654141972823
-6.543385019126252
-6.534756859855984
-6.534214720267023
-6.496670251705644
-6.496084052986359
-6.480171945861288
-6.479761540007474
-6.447736404662349
-6.447373996310426
-6.442059476114062
-6.441548164628134
-5.988035829804993
-5.987063416880897
-5.980809315169176
-5.979841479792697
-5.863629024511766
-5.862676053651075
-5.837115070632881
-5.836170480839207
-5.677650390206287
-5.676723276280314
-5.650290982871357
-5.649406915234554
-5.637152784097208
-5.636233546124349
-5.510954495428722
-5.510069238300437
-5.365955328603848
-5.3650046886963505
-5.315560245741038
-5.314615366975405
-5.048148771172801
-5.047212137641144
-4.987745305373571
-4.9868106593728685
-4.7392687672226455
-4.738349917776127
-4.720527321422879
-4.719621147656747
-4.689208689349193
-4.688270734230682
-4.588268412928285
-4.5873628134622715
-4.401254915783216
-4.400298718123412
-4.372975803078271
-4.3720231046950975
-4.1903310543637
-4.189375826943853
-4.180776548235561
-4.179821710654476
-0.7475164406689986
-0.7474184178737086
-0.7440169833989424
-0.7440154765818827
-0.7253191091825583
-0.725293236637854
-0.7187093466921081
-0.7186252540019764
-0.7027468146431346
-0.7027351725781399
-0.6719037458422765
-0.6718672011980438
-0.6717304430759511
-0.6716445717640485
-0.6654015080221841
-0.665382493498693
-0.0538765672297068
-0.05380881587795578
-0.004104818489727525
-0.0029533529672486816
0.0029533529672443114
0.0041048184897239225
0.053808815877955045
0.0538765672297057
0.6653824934986922
0.6654015080221816
0.6716445717640485
0.671730443075949
0.6718672011980417
0.6719037458422755
0.7027351725781427
0.7027468146431354
0.7186252540019755
0.7187093466921077
0.725293236637854
0.7253191091825597
0.7440154765818842
0.7440169833989424
0.7474184178737098
0.7475164406689986
4.179821710654478
4.180776548235561
4.189375826943853
4.190331054363702
4.372023104695098
4.372975803078274
4.400298718123413
4.401254915783219
4.587362813462269
4.588268412928282
4.688270734230681
4.689208689349194
4.719621147656745
4.72052732142288
4.738349917776127
4.7392687672226455
4.9868106593728685
4.987745305373571
5.047212137641144
5.0481487711728015
5.314615366975405
5.315560245741039
5.365004688696352
5.365955328603847
5.510069238300439
5.51095449542872
5.636233546124347
5.637152784097208
5.649406915234555
5.650290982871358
5.676723276280317
5.677650390206287
5.836170480839204
5.837115070632878
5.862676053651077
5.863629024511766
5.9798414797926975
5.980809315169175
5.987063416880898
5.988035829804992
6.441548164628134
6.442059476114064
6.447373996310427
6.447736404662349
6.479761540007477
6.480171945861286
6.496084052986362
6.496670251705647
6.534214720267023
6.534756859855986
6.543385019126253
6.543654141972822
6.680857768163433
6.681029646232745
6.702499505167711
6.702812054794266
6.856535760082422
6.857106821825627
6.894207334055049
6.894546215647172
7.01448572945034
7.014550785921335
7.052626938003
7.052784672719218
7.1164632481817485
7.116707078861392
7.129542060831398
7.130258504251108
7.181409259323292
7.1814297947117645
7.243396964322026
7.2434363300650215
7.246265064126679
7.246381504702212
7.260310215431948
7.260446533279681
7.261275681309297
7.261309958171998
7.307869001175282
7.308001650157775
7.374345138453902
7.374895070360513
7.3858410980721425
7.386202296905127
7.437980476907965
7.438187405999731
7.492829088315817
7.492920033531568
7.594610902588109
7.594890587677439
7.630137449702313
7.630685811820775
7.755138715613949
7.755555465301458
7.780057110300823
7.780196373698692
7.867457109700563
7.867711050526199
7.892605491132818
7.893376681062961
7.967591030047256
7.968701892573155
7.981094599366275
7.981205599067192
7.9926794349757415
7.992700363792919
8.000572922526327
8.001710523941165
