-1.4672128570915433
-1.4672128570915428
-1.359691634027899
-1.3596916340278986
-1.1528503964442278
-1.1528503964442272
-0.9613071684120634
-0.9613071684120632
-0.8255151828062699
-0.8255151828062689
-0.7599166534600718
-0.759916653460071
-0.20942369694624294
-0.20942369694624277
-0.11676713170676564
-0.11676713170676563
0.11676713170676531
0.11676713170676563
0.20942369694624263
0.2094236969462433
0.759916653460071
0.759916653460072
0.8255151828062695
0.8255151828062698
0.9613071684120637
0.9613071684120645
1.1528503964442272
1.1528503964442285
1.3596916340278977
1.3596916340278986
1.4672128570915424
1.4672128570915433
