-1.4031780836340795
-1.4031780836340795
-1.3884621404194804
-1.3884621404194801
-1.0296693788945195
-1.0296693788945193
-1.000441926169856
-1.0004419261698556
-0.6542033081731732
-0.6542033081731728
-0.6051174191494254
-0.6051174191494251
-0.32129359762041865
-0.32129359762041776
-0.28229345249041743
-0.2822934524904174
0.28229345249041665
0.28229345249041765
0.3212935976204181
0.3212935976204187
0.6051174191494249
0.6051174191494251
0.6542033081731732
0.6542033081731734
1.0004419261698552
1.0004419261698554
1.0296693788945186
1.029669378894519
1.3884621404194801
1.3884621404194808
1.4031780836340786
1.4031780836340788
