-1.467212857091544
-1.4672128570915433
-1.3596916340278988
-1.3596916340278984
-1.1528503964442276
-1.1528503964442267
-0.9613071684120642
-0.9613071684120632
-0.8255151828062702
-0.8255151828062702
-0.7599166534600713
-0.759916653460071
-0.20942369694624344
-0.20942369694624308
-0.11676713170676567
-0.11676713170676564
0.11676713170676546
0.11676713170676586
0.20942369694624308
0.20942369694624313
0.7599166534600712
0.7599166534600712
0.8255151828062691
0.8255151828062692
0.9613071684120633
0.9613071684120635
1.1528503964442276
1.152850396444228
1.3596916340278984
1.3596916340278993
1.4672128570915428
1.4672128570915428
