-1.2895583542939184
-1.2789719110575062
-1.2657036025336967
-1.2654600713196733
-1.2618284488808529
-1.257854497043301
-1.2440140398587447
-1.238552972765293
-1.2338457597575634
-1.2299465099451214
-1.2229608143666681
-1.2174900713028591
-1.2100213817528722
-1.2064313566020002
-1.2018335806380929
-1.1999087437640708
-1.191586769541932
-1.18789536899593
-1.1805897194237525
-1.1773184037617193
-1.171626980268803
-1.1677413145872249
-1.1607856442019175
-1.1590522612214065
-1.1559796842827463
-1.154521030471572
-1.1413191434369026
-1.139348735757357
-1.1329778647732718
-1.1299189487907024
-1.1253018520430982
-1.124266380392472
-1.1203956895794185
-1.115607615395042
-1.111208447201201
-1.1068905919699465
-1.1033983555528966
-1.1015516773581413
-1.094922345386268
-1.0870374743729618
-1.0843545496163967
-1.0796015238339702
-1.0785123974924666
-1.0754695077177794
-1.0732153535601563
-1.067769108182387
-1.0640373833934007
-1.0625740583899899
-1.0590702218848331
-1.0565541857979535
-1.0539596116738688
-1.053346824863053
-1.044383821271891
-1.0415205657314393
-1.0404108683967848
-1.037631527745889
-1.0323435500827893
-1.0276921291237058
-1.0224263510000309
-1.0195900273289265
-1.0185369377664386
-1.0169776501042005
-1.0156090793137205
-1.013824013226943
-1.0113648664431996
-1.010040085830295
-1.0090384962293713
-1.0077892462135438
-1.004332606757016
-1.000533453089068
-0.9983783370833872
-0.9967878473830986
-0.9894434502170603
-0.9850718024759066
-0.9816856016282546
-0.9757661493744512
-0.97237258110864
-0.9705410933126098
-0.9698148797893605
-0.9652794871228185
-0.9621122714343275
-0.9583294863135842
-0.9570824282649345
-0.9542967337663019
-0.9503510711732552
-0.9471956702124461
-0.9374259481326791
-0.9339145105955609
-0.93119701172014
-0.9289425731035628
-0.921415833612361
-0.91695611167765
-0.9141696344633052
-0.9100160726719567
-0.9077249883650479
-0.9059563233467527
-0.9044355075901093
-0.901223526689166
-0.8994170869342545
-0.8970307062802227
-0.8939899114863368
-0.8893028226174223
-0.8819795991085491
-0.877199700197222
-0.8754055441362553
-0.8748870925908196
-0.8704288371520194
-0.8664802646567942
-0.8661335625705191
-0.8540900035926751
-0.8511684333553661
-0.8484164458133895
-0.8458286200467703
-0.843244907173247
-0.8394721681996513
-0.8317614381062933
-0.8275583691048843
-0.8209563778644441
-0.8148864473333222
-0.8113571056799419
-0.8107928360067724
-0.8094069136865276
-0.8055931242466119
-0.8010323875056987
-0.7843312916904653
-0.7815758692682527
-0.7787945361436811
-0.7764710884570373
-0.7658220376074318
-0.7611943496913054
-0.7475165283533245
-0.7440901105717791
-0.7424451110153463
-0.7397335583290557
-0.7358525838239047
-0.7340325267747778
-0.7259760782510469
-0.7198942717926995
-0.6852651377943677
-0.6843939604342304
-0.6821284029842747
-0.677101185692484
-0.6756154204362601
-0.6729187196177763
-0.6705516428455464
-0.6646327771186672
-0.6309165067772092
-0.6212936279101255
-0.5968178665942735
-0.5892298786181108
-0.5869115424386855
-0.5845307150104747
-0.5204279163147407
-0.5088053299109273
-0.5082581262754925
-0.5055700402046229
-0.4477877453937708
-0.4452780702915273
-0.4442020271147521
-0.43709105926249137
-0.00010480486611867433
-9.538954721891052e-05
9.538954721843695e-05
0.00010480486611843437
0.4370910592624909
0.44420202711475143
0.44527807029152744
0.44778774539377053
0.5055700402046229
0.5082581262754924
0.5088053299109273
0.5204279163147404
0.5845307150104752
0.5869115424386854
0.5892298786181105
0.5968178665942735
0.6212936279101254
0.6309165067772095
0.6646327771186673
0.6705516428455464
0.6729187196177759
0.6756154204362603
0.6771011856924843
0.6821284029842747
0.6843939604342303
0.6852651377943679
0.7198942717926994
0.7259760782510468
0.7340325267747776
0.7358525838239053
0.7397335583290559
0.7424451110153469
0.7440901105717792
0.7475165283533246
0.7611943496913058
0.7658220376074318
0.7764710884570374
0.7787945361436818
0.7815758692682532
0.784331291690465
0.8010323875056989
0.805593124246612
0.8094069136865273
0.8107928360067721
0.8113571056799421
0.8148864473333224
0.8209563778644444
0.8275583691048846
0.8317614381062933
0.8394721681996511
0.843244907173247
0.8458286200467703
0.8484164458133898
0.8511684333553662
0.8540900035926751
0.8661335625705191
0.8664802646567944
0.8704288371520194
0.8748870925908194
0.8754055441362553
0.8771997001972224
0.8819795991085487
0.8893028226174227
0.893989911486337
0.897030706280223
0.8994170869342547
0.9012235266891659
0.9044355075901088
0.9059563233467532
0.907724988365048
0.9100160726719566
0.914169634463305
0.9169561116776499
0.921415833612361
0.9289425731035625
0.9311970117201399
0.9339145105955606
0.9374259481326792
0.9471956702124462
0.9503510711732555
0.9542967337663021
0.9570824282649346
0.9583294863135844
0.9621122714343275
0.9652794871228184
0.9698148797893603
0.9705410933126106
0.9723725811086398
0.9757661493744509
0.981685601628255
0.9850718024759068
0.9894434502170604
0.9967878473830988
0.9983783370833873
1.0005334530890684
1.0043326067570155
1.0077892462135438
1.0090384962293717
1.0100400858302951
1.011364866443199
1.013824013226943
1.015609079313721
1.0169776501042007
1.0185369377664382
1.0195900273289265
1.022426351000031
1.0276921291237058
1.0323435500827893
1.0376315277458887
1.0404108683967848
1.0415205657314384
1.044383821271891
1.053346824863053
1.0539596116738692
1.0565541857979535
1.0590702218848331
1.0625740583899899
1.0640373833934007
1.0677691081823872
1.0732153535601565
1.075469507717779
1.0785123974924666
1.0796015238339705
1.0843545496163962
1.0870374743729618
1.094922345386268
1.1015516773581409
1.1033983555528966
1.1068905919699463
1.1112084472012012
1.115607615395042
1.1203956895794183
1.124266380392472
1.1253018520430984
1.1299189487907022
1.1329778647732716
1.1393487357573568
1.1413191434369023
1.1545210304715723
1.1559796842827466
1.1590522612214067
1.1607856442019173
1.1677413145872249
1.1716269802688033
1.1773184037617195
1.1805897194237525
1.1878953689959295
1.1915867695419313
1.1999087437640705
1.2018335806380922
1.2064313566020002
1.210021381752872
1.217490071302859
1.2229608143666686
1.2299465099451217
1.2338457597575638
1.238552972765293
1.244014039858745
1.2578544970433008
1.261828448880853
1.2654600713196738
1.2657036025336963
1.2789719110575068
1.2895583542939182
