-1.2898219683579053
-1.286087937119252
-1.270679650432012
-1.2664829599028806
-1.26546598909627
-1.2600157404288934
-1.2511536021131662
-1.2420379666613242
-1.2399899814226736
-1.2358739514447217
-1.2305385680837644
-1.229272073710029
-1.2205482334884905
-1.2172373150166436
-1.2100082534116434
-1.2068631054854333
-1.200130792731416
-1.1949971094192553
-1.1935720246202934
-1.1877711345501785
-1.1848979279063383
-1.174496303840911
-1.1738255632042114
-1.173038676134501
-1.167268207875513
-1.1645167263278577
-1.1584381206516956
-1.1540920147197635
-1.1504297250200513
-1.1474452143496978
-1.144896482448868
-1.1435159111561781
-1.1380866277199158
-1.1339871068541725
-1.1333477619398604
-1.1279211544544754
-1.125516538694104
-1.1227393005889716
-1.1143326512168108
-1.1109029299163342
-1.1061903337595518
-1.1029696151006907
-1.100131387994364
-1.0973311190533703
-1.0962546053684525
-1.0942087401802345
-1.0902721373206319
-1.087623591683011
-1.0845629318010583
-1.0815747624519372
-1.0748951729960092
-1.0735050905053165
-1.0681470560978013
-1.0666837371746283
-1.0621515656581424
-1.0595866698109464
-1.0566635588058435
-1.0546307973073654
-1.051785677747195
-1.0507722652872955
-1.0470040356487305
-1.0441782395296477
-1.0435386755524332
-1.0415762902992425
-1.04053801517893
-1.035023815728955
-1.0332570279690498
-1.0303637302821886
-1.0289274477190293
-1.0266582718026325
-1.0247855419519039
-1.0236593681889192
-1.0164840308042802
-1.0140869653577724
-1.0120969249589367
-1.0106731510561047
-1.007466920663095
-1.005955704853251
-1.004131593091092
-1.0018924715199085
-1.0013335435225519
-1.00053655094046
-0.9987766868016444
-0.9968033054833113
-0.9933133681442531
-0.9923463664596219
-0.9906497863263508
-0.988377846360131
-0.9867239807376109
-0.9860304313987034
-0.9840130006823501
-0.979464576728512
-0.9771484493201383
-0.9732709624729401
-0.9692546551786648
-0.965885585110663
-0.9635845975283515
-0.9584481069771642
-0.9579361758772686
-0.9510957301661103
-0.9489728262717441
-0.9484088115261571
-0.9454745205972128
-0.9438825586136518
-0.9426903884536361
-0.9387414097650253
-0.9380309716546376
-0.9355369836402969
-0.9339227364378136
-0.9292031122132177
-0.91518779074301
-0.9130956412605581
-0.909304883134107
-0.9052297867619121
-0.8999148052831892
-0.895539651592156
-0.894061051468522
-0.8913855536727556
-0.89007441042463
-0.889247032051869
-0.8854834753603223
-0.884724132160547
-0.8823550995688566
-0.8775233002329658
-0.8596942664480074
-0.8534271865680468
-0.8533292910619417
-0.8501208815817888
-0.8411594728493779
-0.836395837291453
-0.8349118466913384
-0.8342105738282912
-0.8296213653078548
-0.8278229390591928
-0.8267999449344455
-0.8187688571561722
-0.7959211117554659
-0.7942556101857955
-0.7907889610987242
-0.7891711404820405
-0.7779502945328898
-0.7770418035826578
-0.7718152518162923
-0.7646074047758165
-0.7610600395795815
-0.7592222152647431
-0.7376746436717182
-0.7323473036720323
-0.7294838940348807
-0.7258013700135517
-0.7071207082882013
-0.7048059513313003
-0.7015742919579593
-0.698558101345175
-0.6872906339106799
-0.6828706669009981
-0.6614259179196574
-0.6575131514261038
-0.653129213751601
-0.6457164970768425
-0.6235476382054796
-0.6192213493131442
0.6192213493131442
0.6235476382054796
0.6457164970768425
0.653129213751601
0.6575131514261038
0.6614259179196577
0.6828706669009982
0.6872906339106797
0.6985581013451753
0.7015742919579593
0.7048059513312999
0.7071207082882013
0.7258013700135517
0.7294838940348807
0.7323473036720324
0.7376746436717182
0.759222215264743
0.7610600395795809
0.7646074047758162
0.7718152518162922
0.7770418035826573
0.7779502945328894
0.7891711404820406
0.7907889610987244
0.7942556101857959
0.7959211117554656
0.8187688571561722
0.8267999449344455
0.827822939059193
0.8296213653078548
0.8342105738282913
0.8349118466913383
0.8363958372914528
0.841159472849378
0.8501208815817887
0.8533292910619407
0.8534271865680466
0.8596942664480073
0.8775233002329658
0.8823550995688567
0.8847241321605468
0.885483475360323
0.8892470320518691
0.8900744104246289
0.8913855536727557
0.894061051468522
0.895539651592156
0.899914805283189
0.905229786761912
0.9093048831341067
0.913095641260558
0.9151877907430102
0.9292031122132174
0.9339227364378136
0.9355369836402968
0.9380309716546373
0.9387414097650255
0.9426903884536357
0.9438825586136517
0.9454745205972126
0.9484088115261566
0.9489728262717433
0.9510957301661099
0.9579361758772688
0.9584481069771646
0.9635845975283513
0.965885585110663
0.9692546551786645
0.97327096247294
0.9771484493201383
0.9794645767285121
0.9840130006823499
0.9860304313987036
0.9867239807376108
0.9883778463601309
0.9906497863263506
0.9923463664596222
0.9933133681442533
0.9968033054833115
0.9987766868016444
1.0005365509404598
1.0013335435225517
1.0018924715199085
1.0041315930910921
1.0059557048532515
1.0074669206630948
1.0106731510561053
1.0120969249589367
1.0140869653577729
1.0164840308042802
1.0236593681889192
1.0247855419519045
1.0266582718026325
1.0289274477190293
1.0303637302821886
1.0332570279690498
1.035023815728955
1.0405380151789299
1.041576290299242
1.0435386755524325
1.0441782395296477
1.04700403564873
1.0507722652872962
1.0517856777471948
1.054630797307366
1.0566635588058437
1.0595866698109462
1.0621515656581422
1.0666837371746285
1.0681470560978013
1.0735050905053165
1.074895172996009
1.0815747624519372
1.0845629318010586
1.087623591683011
1.0902721373206314
1.0942087401802343
1.0962546053684525
1.09733111905337
1.1001313879943642
1.1029696151006907
1.1061903337595504
1.110902929916334
1.1143326512168106
1.1227393005889716
1.125516538694104
1.1279211544544754
1.1333477619398602
1.133987106854173
1.1380866277199155
1.1435159111561777
1.1448964824488683
1.1474452143496978
1.1504297250200513
1.1540920147197635
1.1584381206516956
1.1645167263278577
1.1672682078755132
1.173038676134501
1.1738255632042116
1.1744963038409115
1.184897927906339
1.1877711345501787
1.1935720246202937
1.1949971094192555
1.2001307927314158
1.2068631054854333
1.2100082534116434
1.217237315016643
1.2205482334884905
1.2292720737100287
1.2305385680837637
1.2358739514447217
1.2399899814226727
1.2420379666613242
1.2511536021131664
1.2600157404288934
1.2654659890962703
1.2664829599028806
1.270679650432012
1.2860879371192524
1.289821968357906
