-1.39213698990235
-1.3921369899023488
-1.3689137768823156
-1.3689137768823156
-1.3689137768823154
-1.368913776882315
-1.345289730289367
-1.3452897302893665
-1.3322516743090984
-1.3322516743090977
-1.3322516743090975
-1.3322516743090975
-1.3079656163612357
-1.3079656163612354
-1.3079656163612348
-1.3079656163612343
-1.2852432616671858
-1.2852432616671856
-1.2852432616671852
-1.285243261667184
-1.2695446619731081
-1.2695446619731081
-1.2600514955924371
-1.2600514955924367
-1.2600514955924367
-1.2600514955924365
-1.2322528491680629
-1.2322528491680627
-1.2322528491680624
-1.232252849168062
-1.220122685104217
-1.2201226851042168
-1.2201226851042166
-1.2201226851042162
-1.2059546484700985
-1.2059546484700985
-1.2059546484700983
-1.2059546484700976
-1.1788926184989954
-1.178892618498995
-1.1788926184989947
-1.1788926184989943
-1.1686124612836517
-1.1686124612836508
-1.1641718985303788
-1.1641718985303786
-1.1641718985303782
-1.1641718985303775
-1.1513762789962492
-1.1513762789962487
-1.1513762789962487
-1.1513762789962483
-1.1318930358422088
-1.1318930358422086
-1.1318930358422084
-1.1318930358422081
-1.1100684336063864
-1.110068433606386
-1.1100684336063857
-1.1100684336063855
-1.1075364242301184
-1.1075364242301182
-1.107536424230118
-1.1075364242301178
-1.103205046431498
-1.1032050464314977
-1.1032050464314973
-1.1032050464314966
-1.0987544446111772
-1.0987544446111772
-1.098754444611177
-1.0987544446111768
-1.069177655694623
-1.0691776556946222
-1.0691776556946222
-1.069177655694622
-1.0573698357874175
-1.0573698357874173
-1.0573698357874173
-1.0573698357874173
-1.0505201801764432
-1.0505201801764428
-1.0505201801764426
-1.0505201801764423
-1.048259877087375
-1.0482598770873748
-1.0218172315036758
-1.0218172315036758
-1.0218172315036758
-1.0218172315036755
-0.9974901942348209
-0.9974901942348205
-0.9974901942348205
-0.9974901942348202
-0.9849819752563237
-0.9849819752563236
-0.9849819752563236
-0.9849819752563225
-0.984389508964419
-0.984389508964419
-0.9843895089644189
-0.9843895089644181
-0.9597219246007385
-0.9597219246007385
-0.9597219246007384
-0.9597219246007382
-0.9512634941187647
-0.9512634941187647
-0.9512634941187643
-0.9512634941187643
-0.9282152391641302
-0.9282152391641302
-0.9282152391641297
-0.9282152391641295
-0.9173495589187685
-0.917349558918768
-0.897703642860065
-0.8977036428600643
-0.8977036428600635
-0.8977036428600635
-0.8875038113615341
-0.8875038113615339
-0.8875038113615338
-0.8875038113615337
-0.8561099531515415
-0.8561099531515406
-0.8561099531515405
-0.8561099531515404
-0.8263337996026423
-0.8263337996026413
-0.8263337996026412
-0.8263337996026408
-0.8117904513172464
-0.8117904513172464
-0.8117904513172461
-0.8117904513172459
-0.7901381464793412
-0.7901381464793402
-0.7418879804165408
-0.7418879804165406
-0.7418879804165401
-0.7418879804165395
-0.741231671603178
-0.7412316716031779
-0.7412316716031776
-0.7412316716031774
-0.6902733230041986
-0.6902733230041983
-0.6486640984795226
-0.6486640984795224
-0.6486640984795222
-0.648664098479522
-0.5587120468478605
-0.5587120468478605
-0.5587120468478602
-0.5587120468478594
-0.48809695374756484
-0.4880969537475641
-0.48809695374756407
-0.4880969537475639
-0.00010983644148021123
-0.00010983644147982896
0.00010983644147932293
0.00010983644147989264
0.4880969537475637
0.48809695374756373
0.4880969537475639
0.48809695374756396
0.5587120468478596
0.5587120468478601
0.5587120468478601
0.5587120468478611
0.6486640984795218
0.6486640984795218
0.6486640984795223
0.6486640984795224
0.6902733230041982
0.6902733230041982
0.7412316716031769
0.7412316716031772
0.7412316716031778
0.7412316716031778
0.7418879804165395
0.7418879804165399
0.7418879804165402
0.7418879804165404
0.7901381464793402
0.7901381464793406
0.8117904513172466
0.8117904513172466
0.8117904513172468
0.8117904513172473
0.826333799602641
0.8263337996026413
0.8263337996026416
0.8263337996026416
0.8561099531515405
0.8561099531515405
0.8561099531515406
0.8561099531515408
0.887503811361533
0.8875038113615338
0.8875038113615338
0.8875038113615342
0.8977036428600635
0.8977036428600637
0.8977036428600637
0.8977036428600643
0.9173495589187677
0.9173495589187682
0.9282152391641294
0.92821523916413
0.9282152391641302
0.9282152391641304
0.9512634941187643
0.9512634941187645
0.9512634941187647
0.9512634941187647
0.959721924600738
0.9597219246007382
0.9597219246007382
0.9597219246007382
0.9843895089644182
0.9843895089644187
0.984389508964419
0.9843895089644191
0.9849819752563229
0.9849819752563231
0.9849819752563233
0.9849819752563234
0.9974901942348202
0.9974901942348204
0.9974901942348204
0.9974901942348218
1.021817231503675
1.0218172315036758
1.0218172315036762
1.0218172315036762
1.048259877087375
1.0482598770873752
1.0505201801764426
1.0505201801764426
1.050520180176443
1.0505201801764432
1.0573698357874173
1.0573698357874175
1.0573698357874177
1.0573698357874177
1.0691776556946218
1.069177655694622
1.0691776556946222
1.0691776556946224
1.0987544446111768
1.098754444611177
1.098754444611177
1.0987544446111772
1.1032050464314955
1.1032050464314973
1.1032050464314973
1.1032050464314977
1.1075364242301171
1.1075364242301176
1.107536424230118
1.1075364242301184
1.1100684336063853
1.1100684336063855
1.110068433606386
1.1100684336063864
1.1318930358422072
1.1318930358422081
1.1318930358422084
1.1318930358422084
1.1513762789962485
1.1513762789962487
1.1513762789962487
1.151376278996249
1.1641718985303782
1.1641718985303784
1.1641718985303784
1.1641718985303788
1.1686124612836508
1.1686124612836513
1.1788926184989947
1.1788926184989947
1.1788926184989947
1.1788926184989952
1.2059546484700978
1.2059546484700978
1.205954648470098
1.2059546484700983
1.220122685104216
1.2201226851042166
1.220122685104217
1.220122685104217
1.2322528491680622
1.2322528491680627
1.232252849168063
1.2322528491680633
1.2600514955924356
1.2600514955924362
1.260051495592437
1.2600514955924378
1.2695446619731088
1.2695446619731097
1.2852432616671834
1.2852432616671843
1.2852432616671843
1.2852432616671845
1.3079656163612345
1.307965616361235
1.3079656163612357
1.3079656163612357
1.332251674309097
1.3322516743090975
1.3322516743090975
1.332251674309098
1.3452897302893665
1.3452897302893676
1.3689137768823159
1.3689137768823159
1.3689137768823165
1.3689137768823167
1.3921369899023495
1.3921369899023504
