-3.0991019996958307
-3.0760023583462863
-3.038748845169705
-3.0236597548032367
-3.0175710847929333
-3.014234561731775
-2.9670461904389134
-2.947934665345687
-2.933702630002073
-2.927109702072326
-2.9141695223710546
-2.904413140745964
-2.8650094732390774
-2.8595059323854186
-2.8457823729493064
-2.8411162087466506
-2.810436187693505
-2.79492480391813
-2.785837584777081
-2.7819462184583936
-2.7514853216347808
-2.7450636355295317
-2.7268342848814684
-2.714186323642587
-2.7082147248744315
-2.7042671813040893
-2.655701033087953
-2.647171796136276
-2.640595446549639
-2.6322549756377884
-2.6190801696051356
-2.615523888409842
-2.5974685090667786
-2.5865877471762544
-2.5752636192388203
-2.561448027427311
-2.554856375365857
-2.551703274481602
-2.5068781973918504
-2.4944115095446064
-2.486648774971575
-2.480019688534897
-2.4741152704908522
-2.459847227603394
-2.4537481486256922
-2.4417658394077875
-2.4381054019884774
-2.4357875217338587
-2.4212148989867495
-2.4087664420298918
-2.4011310754842783
-2.39308134936796
-2.364819456045179
-2.3502374985259507
-2.3471143098592653
-2.3463053068552253
-2.308293620305464
-2.306654792408292
-2.294581559385438
-2.2898901225409434
-2.286313555975739
-2.2849341913976957
-2.278804787157149
-2.273865434426525
-2.2707220311167653
-2.2628658377400837
-2.25982438376908
-2.2554461773890964
-2.245773664164685
-2.238665577992246
-2.234088551633667
-2.22458811746849
-2.193731326175178
-2.1874787563662705
-2.179605889899494
-2.1752484512428376
-2.1586489852439854
-2.1549040752696556
-2.148272315510014
-2.1470353037100787
-2.139089203007882
-2.1311795588501012
-2.129743989143423
-2.1245086498435453
-2.1208125037349164
-2.1131756245475635
-2.1106213123842634
-2.107323597538546
-2.0987200587297434
-2.0980667615002346
-2.0909932581181825
-2.0864843894853116
-2.073917291565422
-2.0702058284259586
-2.0135291346176083
-2.0110467752500454
-2.004311040506558
-1.9980187231514341
-1.9671863543983226
-1.9584424865252916
-1.9494924974816636
-1.9425454836029168
-1.9412158052777033
-1.9374681511166156
-1.9356752534134851
-1.9315792939270837
-1.9180099215712185
-1.9148470866765797
-1.905244592840401
-1.894195819468959
-1.826813475452157
-1.8187802217623075
-1.8103373285993245
-1.8003301386972879
-1.7591814901905398
-1.752003775328225
-1.7453468115666113
-1.7400266825096855
-1.7344702123927063
-1.7295389134956634
-1.7240443471337548
-1.7163355280764132
-1.6991302024030845
-1.6905383680400488
-1.5973105763641333
-1.5841667278389249
-1.5761796796575316
-1.574973373361538
-1.508119632849523
-1.506819757859579
-1.502435137845129
-1.498819194993649
-1.4956724655860647
-1.4925505942215755
-1.4836448586030742
-1.4782075412240114
-1.330753172585947
-1.3118228918549748
-1.3062087383045635
-1.3046945621827104
-1.2564041510459332
-1.2479397846485814
-1.223546601535863
-1.2151350956912645
-1.2127310444975428
-1.2081517272955653
-1.0473802116192028
-1.0353904520714559
-1.0284106391904277
-1.0222224279353698
-0.9120970740087765
-0.9053454750162366
-0.9009920537571182
-0.8892780712972579
-0.7634441626005095
-0.7537932606628815
-0.5783432427118282
-0.5721766715012578
-0.5649439983497713
-0.5546276898547124
-0.2677976409315998
-0.2566807257582398
0.2566807257582409
0.26779764093160074
0.5546276898547128
0.5649439983497704
0.5721766715012571
0.5783432427118287
0.753793260662882
0.7634441626005098
0.8892780712972589
0.9009920537571184
0.9053454750162336
0.9120970740087763
1.0222224279353695
1.0284106391904282
1.0353904520714563
1.0473802116192026
1.208151727295566
1.2127310444975428
1.2151350956912654
1.2235466015358634
1.2479397846485816
1.256404151045932
1.304694562182709
1.3062087383045624
1.3118228918549746
1.3307531725859463
1.4782075412240112
1.4836448586030737
1.492550594221575
1.495672465586065
1.498819194993648
1.5024351378451293
1.5068197578595788
1.5081196328495226
1.5749733733615374
1.5761796796575307
1.5841667278389249
1.5973105763641338
1.6905383680400483
1.6991302024030839
1.7163355280764123
1.7240443471337543
1.7295389134956627
1.734470212392706
1.740026682509685
1.7453468115666118
1.7520037753282247
1.7591814901905392
1.8003301386972876
1.8103373285993243
1.8187802217623095
1.8268134754521557
1.8941958194689592
1.9052445928404012
1.91484708667658
1.9180099215712172
1.9315792939270844
1.9356752534134858
1.9374681511166152
1.941215805277703
1.9425454836029152
1.9494924974816648
1.9584424865252912
1.9671863543983226
1.9980187231514346
2.004311040506558
2.011046775250046
2.0135291346176074
2.070205828425958
2.073917291565422
2.086484389485311
2.0909932581181816
2.0980667615002346
2.0987200587297434
2.107323597538547
2.1106213123842634
2.113175624547563
2.1208125037349164
2.124508649843541
2.1297439891434227
2.131179558850101
2.139089203007882
2.1470353037100782
2.148272315510012
2.154904075269656
2.158648985243985
2.175248451242838
2.179605889899493
2.18747875636627
2.193731326175178
2.2245881174684894
2.2340885516336675
2.2386655779922457
2.2457736641646844
2.2554461773890955
2.259824383769081
2.2628658377400837
2.2707220311167653
2.2738654344265243
2.2788047871571497
2.2849341913976957
2.2863135559757395
2.289890122540943
2.2945815593854384
2.3066547924082905
2.3082936203054634
2.346305306855224
2.3471143098592666
2.3502374985259498
2.364819456045179
2.3930813493679604
2.4011310754842787
2.4087664420298918
2.4212148989867486
2.4357875217338587
2.4381054019884782
2.441765839407788
2.453748148625693
2.4598472276033934
2.4741152704908522
2.4800196885348966
2.486648774971576
2.4944115095446078
2.50687819739185
2.5517032744816013
2.5548563753658566
2.5614480274273106
2.57526361923882
2.5865877471762535
2.597468509066778
2.6155238884098417
2.619080169605136
2.632254975637788
2.6405954465496384
2.647171796136276
2.6557010330879525
2.704267181304089
2.708214724874431
2.714186323642588
2.7268342848814697
2.7450636355295313
2.7514853216347817
2.781946218458393
2.785837584777081
2.7949248039181307
2.8104361876935053
2.841116208746651
2.845782372949307
2.8595059323854186
2.865009473239078
2.9044131407459655
2.914169522371055
2.927109702072326
2.933702630002073
2.9479346653456875
2.967046190438914
3.014234561731775
3.0175710847929325
3.0236597548032376
3.038748845169705
3.0760023583462868
3.099101999695831
