-10.099725685169817
-10.099725671027683
-9.979220213225886
-9.979220213054067
-9.979220199084793
-9.979220198912975
-9.857241663315557
-9.857241649173417
-9.790549742463167
-9.790549742009288
-9.790549728328312
-9.790549727874431
-9.66619063564305
-9.666190635360714
-9.666190621503732
-9.666190621221396
-9.551771548607311
-9.55177154777129
-9.551771534489907
-9.551771533653886
-9.47128658603067
-9.471286571888534
-9.424262138848425
-9.424262138183032
-9.424262124721956
-9.42426212405656
-9.287582405853056
-9.287582404556888
-9.287582391770448
-9.28758239047428
-9.224247668610328
-9.224247668226369
-9.224247654473407
-9.224247654089448
-9.156394710280852
-9.15639470915337
-9.156394696183732
-9.156394695056251
-9.028251201611008
-9.028251199818564
-9.028251187582923
-9.02825118579048
-8.970408045452453
-8.970408031310319
-8.950396208022877
-8.950396207174363
-8.950396193906219
-8.950396193057705
-8.89323883095121
-8.893238829324357
-8.89323881690296
-8.893238815276105
-8.807406234126486
-8.807406231870257
-8.807406220165488
-8.807406217909259
-8.688559588944843
-8.68855958847839
-8.688559574810396
-8.688559574343948
-8.680997931947086
-8.680997930594836
-8.68099791786975
-8.6809979165175
-8.668955053400495
-8.668955051306023
-8.668955039414318
-8.668955037319844
-8.657853429114944
-8.657853426519523
-8.657853415213005
-8.657853412617586
-8.51697147729081
-8.516971474853776
-8.516971463360239
-8.516971460923203
-8.451083357061933
-8.451083355236392
-8.451083343038116
-8.451083341212577
-8.410778831031324
-8.410778830056726
-8.410778816922813
-8.410778815948214
-8.397256394279445
-8.397256380137309
-8.295108880244815
-8.295108878071602
-8.29510886627066
-8.295108864097443
-8.173266504774222
-8.173266503319965
-8.173266490707059
-8.1732664892528
-8.109503546157825
-8.109503545646776
-8.109503532024927
-8.109503531513878
-8.01188534523376
-8.011885343425783
-8.011885331207672
-8.011885329399696
-7.862895940980386
-7.862895939984159
-7.862895926873387
-7.862895925877157
-7.811157441169453
-7.811157427027317
-7.695008382438133
-7.695008381082385
-7.6950083683611314
-7.695008367005381
-7.554817362734616
-7.5548173622463315
-7.5548173486009125
-7.5548173481126275
-7.379924580331679
-7.379924579479615
-7.379924566215232
-7.3799245653631695
-7.28946844361358
-7.289468429471443
-7.1415845251081445
-7.1415845151081445
-7.141584515108137
-7.14158450510814
-7.108049775961437
-7.108049775595759
-7.108049761824028
-7.108049761458347
-6.970122428925622
-6.970122418925618
-6.9701224189256115
-6.970122408925611
-6.921877854993844
-6.921877840851707
-6.697210976544125
-6.6972109665441275
-6.697210966544123
-6.697210956544121
-6.343036363950479
-6.343036353950481
-6.343036353950478
-6.343036343950479
-5.93775694475783
-5.937756934757831
-5.937756934757822
-5.937756924757823
-5.523322400567469
-5.523322390567469
-5.523322390567469
-5.523322380567468
-5.15443257272536
-5.154432562725361
-5.154432562725353
-5.1544325527253525
-4.8945067748120294
-4.894506764812031
-4.894506764812028
-4.89450675481203
-4.177762551906053e-06
-4.163620434862719e-06
4.1636204387116255e-06
4.17776255574761e-06
4.894506754812039
4.894506764812028
4.89450676481204
4.894506774812028
5.154432552725359
5.154432562725354
5.15443256272536
5.154432572725354
5.5233223805674685
5.523322390567468
5.523322390567469
5.523322400567471
5.93775692475782
5.93775693475782
5.9377569347578225
5.9377569447578225
6.343036343950482
6.343036353950485
6.343036353950485
6.3430363639504845
6.697210956544126
6.697210966544118
6.6972109665441275
6.697210976544118
6.921877840851704
6.921877854993842
6.970122408925618
6.970122418925612
6.97012241892562
6.970122428925612
7.108049761458349
7.108049761824028
7.10804977559575
7.108049775961427
7.1415845051081455
7.141584515108132
7.141584515108146
7.141584525108135
7.2894684294714445
7.289468443613578
7.379924565363169
7.379924566215233
7.379924579479614
7.379924580331677
7.554817348112627
7.55481734860091
7.5548173622463315
7.554817362734617
7.69500836700538
7.695008368361129
7.695008381082384
7.695008382438132
7.811157427027317
7.811157441169451
7.862895925877154
7.862895926873384
7.862895939984158
7.862895940980386
8.011885329399687
8.011885331207665
8.01188534342578
8.011885345233756
8.109503531513871
8.10950353202492
8.109503545646774
8.109503546157821
8.173266489252793
8.173266490707052
8.17326650331996
8.173266504774219
8.295108864097442
8.295108866270654
8.295108878071604
8.295108880244818
8.397256380137309
8.397256394279447
8.410778815948214
8.410778816922813
8.410778830056726
8.410778831031326
8.451083341212579
8.451083343038118
8.45108335523639
8.451083357061929
8.516971460923202
8.516971463360237
8.516971474853774
8.51697147729081
8.657853412617587
8.65785341521301
8.657853426519518
8.65785342911494
8.668955037319845
8.668955039414316
8.668955051306021
8.668955053400493
8.680997916517505
8.680997917869762
8.680997930594835
8.680997931947083
8.68855957434395
8.6885595748104
8.688559588478386
8.688559588944837
8.807406217909266
8.807406220165497
8.80740623187026
8.80740623412649
8.893238815276103
8.893238816902956
8.893238829324355
8.89323883095121
8.950396193057705
8.950396193906219
8.950396207174363
8.950396208022877
8.970408031310319
8.970408045452455
9.02825118579048
9.028251187582923
9.028251199818568
9.02825120161101
9.15639469505625
9.156394696183732
9.156394709153371
9.156394710280852
9.224247654089446
9.224247654473407
9.224247668226369
9.224247668610328
9.287582390474283
9.287582391770453
9.28758240455689
9.28758240585306
9.424262124056561
9.424262124721956
9.424262138183034
9.424262138848428
9.471286571888538
9.471286586030672
9.551771533653884
9.551771534489903
9.551771547771288
9.551771548607308
9.666190621221396
9.666190621503734
9.666190635360714
9.66619063564305
9.790549727874433
9.790549728328314
9.790549742009283
9.790549742463163
9.857241649173423
9.857241663315556
9.979220198912977
9.979220199084795
9.979220213054072
9.97922021322589
10.099725671027693
10.099725685169822
