-9.416680263972237
-9.370142570997762
-9.327323444165009
-9.277670132305568
-9.260034539312356
-9.230482111206202
-9.202870908326933
-9.15400459055651
-9.137460046391084
-9.117918103130338
-9.092452923415406
-9.06698911030685
-9.041616853574926
-9.018374649069425
-8.980405151908833
-8.96853635177675
-8.955133075205554
-8.909454778444536
-8.902844145234502
-8.8881555087461
-8.840994702982169
-8.831625529530033
-8.797079166989995
-8.784486689200353
-8.757198298688488
-8.74817802327547
-8.73374642785444
-8.70625155008067
-8.677068491879897
-8.664297764837746
-8.644463091480542
-8.627767457330258
-8.60419870941406
-8.596359440211709
-8.585427844827905
-8.565986627735864
-8.525414656782132
-8.521650708275201
-8.501669308904232
-8.480208367892024
-8.466963422748515
-8.45792935171861
-8.431755182611617
-8.41910710263739
-8.408985229535109
-8.395663263329379
-8.392321001353318
-8.365017585906347
-8.363427065149349
-8.331295631532413
-8.31381888978076
-8.30793325776534
-8.274167349760548
-8.26218185125717
-8.256792316776238
-8.24055019917451
-8.226707183368523
-8.21184347038154
-8.2046706308907
-8.193228813574596
-8.184349397376511
-8.169374837267604
-8.151973916388567
-8.128735168068616
-8.122814808943605
-8.11620145751606
-8.103643566880677
-8.088008142455218
-8.07731483643292
-8.069798726224693
-8.055240356329959
-8.052676620968121
-8.041412501329903
-8.03363551093042
-8.020609858654291
-8.005784032199406
-7.996553319877436
-7.969912378221382
-7.967321254216136
-7.9604409936481355
-7.94272157060553
-7.940039436602239
-7.9290561762931935
-7.915432970920351
-7.897527679221568
-7.881676794076551
-7.881043032977273
-7.875809267440824
-7.8610637016735945
-7.8411839129192025
-7.827028778797219
-7.815571671074662
-7.811224676919393
-7.7988780061968
-7.774060170534622
-7.745681389611216
-7.741144335278562
-7.716314360829276
-7.7109304245380565
-7.696005847034193
-7.691312694044362
-7.681109168918432
-7.669740377720448
-7.6545225264221015
-7.653066735191982
-7.636458996565408
-7.619297869935218
-7.601399599117599
-7.580282954608181
-7.563837487384597
-7.538045997125759
-7.510832571197655
-7.497021957162108
-7.477573639365689
-7.4696172479069345
-7.45569865736005
-7.447778176093094
-7.431954296292144
-7.412468160149701
-7.397092248978707
-7.388951604299663
-7.368097736666028
-7.348392419875561
-7.328938921945493
-7.292303283446699
-7.255737640441659
-7.236723309459579
-7.221956301949022
-7.21674136752854
-7.204535811623053
-7.164755727715709
-7.1527733579596
-7.144749404697181
-7.133444681906755
-7.101260331121031
-7.087872746566395
-7.041279817417601
-7.001017289962855
-6.968379376065489
-6.957259763084236
-6.94616084283862
-6.9297512218635955
-6.908225173460803
-6.869326125758874
-6.8358631632895195
-6.808900779581129
-6.779162155380594
-6.757995500459642
-6.741586008841058
-6.696849351046966
-6.66048324457902
-6.642431952780952
-6.623936851154229
-6.610836431489263
-6.577622129151261
-6.503745858538306
-6.483457192866801
-6.442231359388608
-6.4058440368740595
-6.356526840753378
-6.327485461470227
-6.283307739046956
6.283307739046955
6.3274854614702285
6.356526840753377
6.405844036874058
6.442231359388607
6.483457192866801
6.5037458585383074
6.577622129151258
6.610836431489262
6.623936851154222
6.642431952780952
6.66048324457902
6.696849351046966
6.741586008841058
6.757995500459643
6.779162155380596
6.808900779581127
6.83586316328952
6.8693261257588745
6.908225173460803
6.929751221863595
6.94616084283862
6.957259763084238
6.968379376065488
7.001017289962855
7.041279817417602
7.087872746566396
7.101260331121032
7.133444681906758
7.144749404697181
7.1527733579596005
7.1647557277157095
7.204535811623055
7.216741367528544
7.221956301949022
7.236723309459582
7.255737640441658
7.292303283446699
7.328938921945494
7.34839241987556
7.368097736666029
7.388951604299662
7.397092248978708
7.4124681601497
7.431954296292143
7.447778176093093
7.4556986573600526
7.469617247906934
7.477573639365692
7.49702195716211
7.510832571197655
7.538045997125759
7.563837487384596
7.580282954608182
7.601399599117598
7.619297869935219
7.636458996565412
7.653066735191979
7.654522526422095
7.6697403777204505
7.68110916891843
7.691312694044366
7.6960058470341925
7.710930424538055
7.716314360829277
7.741144335278562
7.745681389611218
7.774060170534624
7.798878006196801
7.8112246769193865
7.81557167107466
7.8270287787972155
7.841183912919201
7.8610637016735945
7.875809267440825
7.881043032977278
7.8816767940765535
7.897527679221566
7.915432970920351
7.9290561762931935
7.94003943660224
7.9427215706055305
7.960440993648136
7.967321254216136
7.969912378221384
7.9965533198774335
8.005784032199402
8.020609858654293
8.033635510930418
8.041412501329901
8.052676620968121
8.055240356329957
8.069798726224693
8.077314836432917
8.088008142455216
8.103643566880674
8.116201457516059
8.122814808943602
8.128735168068616
8.151973916388563
8.169374837267606
8.184349397376513
8.193228813574596
8.204670630890702
8.21184347038154
8.226707183368525
8.240550199174509
8.256792316776243
8.262181851257168
8.274167349760544
8.30793325776534
8.31381888978076
8.331295631532415
8.363427065149349
8.36501758590635
8.392321001353316
8.39566326332938
8.408985229535109
8.41910710263739
8.431755182611617
8.45792935171861
8.466963422748517
8.48020836789202
8.501669308904233
8.521650708275201
8.525414656782134
8.565986627735867
8.585427844827908
8.596359440211705
8.604198709414058
8.627767457330256
8.64446309148054
8.664297764837748
8.677068491879897
8.706251550080667
8.733746427854435
8.74817802327547
8.757198298688488
8.784486689200353
8.797079166989993
8.831625529530035
8.840994702982169
8.888155508746102
8.902844145234507
8.90945477844454
8.955133075205557
8.968536351776738
8.980405151908837
9.018374649069427
9.041616853574924
9.066989110306848
9.092452923415404
9.11791810313034
9.137460046391082
9.154004590556507
9.202870908326934
9.230482111206198
9.260034539312352
9.277670132305566
9.327323444165009
9.370142570997762
9.41668026397224
