-1.5081484057275454
-1.5081484057275447
-1.482989924955842
-1.4829899249558418
-1.4829899249558418
-1.4829899249558414
-1.4573972078134825
-1.4573972078134811
-1.4432726471681903
-1.4432726471681896
-1.4432726471681891
-1.4432726471681887
-1.416962751058006
-1.4169627510580047
-1.4169627510580045
-1.4169627510580043
-1.3923468668061172
-1.3923468668061165
-1.3923468668061165
-1.3923468668061154
-1.3753400504708684
-1.3753400504708677
-1.3650557868918063
-1.365055786891806
-1.365055786891806
-1.3650557868918058
-1.334940586598734
-1.334940586598734
-1.334940586598734
-1.3349405865987334
-1.3217995755295688
-1.321799575529568
-1.3217995755295677
-1.3217995755295668
-1.3064508691759402
-1.30645086917594
-1.3064508691759398
-1.3064508691759387
-1.2771336700405787
-1.277133670040578
-1.2771336700405778
-1.277133670040577
-1.2659968330572893
-1.2659968330572886
-1.26118622340791
-1.26118622340791
-1.2611862234079099
-1.2611862234079096
-1.2473243022459362
-1.247324302245936
-1.247324302245936
-1.247324302245936
-1.2262174554957261
-1.226217455495726
-1.2262174554957255
-1.2262174554957255
-1.2025741364069185
-1.2025741364069182
-1.2025741364069182
-1.2025741364069178
-1.199831126249295
-1.1998311262492947
-1.1998311262492947
-1.1998311262492947
-1.195138800300789
-1.195138800300789
-1.1951388003007888
-1.1951388003007877
-1.1903173149954425
-1.1903173149954425
-1.1903173149954422
-1.1903173149954418
-1.158275793669174
-1.158275793669174
-1.158275793669174
-1.1582757936691737
-1.1454839887697026
-1.1454839887697024
-1.1454839887697024
-1.1454839887697017
-1.1380635285244802
-1.1380635285244798
-1.1380635285244798
-1.1380635285244793
-1.1356148668446564
-1.1356148668446562
-1.1069686674623154
-1.1069686674623151
-1.106968667462315
-1.1069686674623145
-1.0806143770877223
-1.0806143770877223
-1.0806143770877221
-1.0806143770877215
-1.0670638065276836
-1.0670638065276834
-1.0670638065276832
-1.067063806527683
-1.066421968044787
-1.0664219680447868
-1.0664219680447866
-1.0664219680447857
-1.0396987516508007
-1.0396987516508007
-1.0396987516508
-1.039698751650799
-1.0305354519619954
-1.030535451961995
-1.030535451961995
-1.0305354519619945
-1.0055665090944743
-1.0055665090944739
-1.0055665090944732
-1.0055665090944728
-0.9937953554953325
-0.9937953554953322
-0.972512279765069
-0.9725122797650688
-0.9725122797650684
-0.9725122797650684
-0.9614624623083284
-0.9614624623083278
-0.9614624623083278
-0.9614624623083277
-0.9274524492475025
-0.9274524492475025
-0.9274524492475021
-0.9274524492475019
-0.895194949569528
-0.895194949569528
-0.8951949495695277
-0.8951949495695275
-0.8794396555936843
-0.8794396555936839
-0.8794396555936834
-0.8794396555936832
-0.8559829920192857
-0.8559829920192843
-0.8037119787845856
-0.8037119787845854
-0.8037119787845851
-0.8037119787845851
-0.8030009775701097
-0.8030009775701095
-0.8030009775701091
-0.8030009775701088
-0.7477960999212149
-0.7477960999212148
-0.7027194400194828
-0.7027194400194814
-0.7027194400194813
-0.7027194400194808
-0.6052713840851826
-0.6052713840851821
-0.6052713840851819
-0.6052713840851816
-0.5287716998931941
-0.528771699893194
-0.5287716998931936
-0.5287716998931934
-0.00011898947826982833
-0.00011898947826941331
0.00011898947826966967
0.00011898947827009795
0.528771699893193
0.5287716998931935
0.5287716998931943
0.5287716998931947
0.6052713840851812
0.6052713840851813
0.6052713840851818
0.605271384085182
0.7027194400194824
0.7027194400194826
0.702719440019483
0.7027194400194833
0.7477960999212143
0.7477960999212144
0.8030009775701084
0.8030009775701086
0.8030009775701091
0.8030009775701092
0.8037119787845854
0.8037119787845856
0.8037119787845856
0.8037119787845857
0.8559829920192847
0.8559829920192851
0.8794396555936836
0.8794396555936836
0.8794396555936839
0.8794396555936842
0.8951949495695277
0.895194949569528
0.8951949495695282
0.8951949495695284
0.9274524492475017
0.9274524492475017
0.9274524492475019
0.9274524492475024
0.9614624623083278
0.961462462308328
0.961462462308328
0.9614624623083281
0.9725122797650687
0.972512279765069
0.9725122797650692
0.9725122797650697
0.9937953554953322
0.9937953554953324
1.0055665090944739
1.0055665090944739
1.005566509094474
1.005566509094474
1.0305354519619947
1.030535451961995
1.030535451961995
1.0305354519619951
1.0396987516507994
1.0396987516507998
1.0396987516508
1.0396987516508003
1.0664219680447864
1.066421968044787
1.0664219680447873
1.0664219680447873
1.0670638065276834
1.0670638065276834
1.0670638065276836
1.067063806527684
1.0806143770877217
1.080614377087722
1.0806143770877223
1.0806143770877226
1.1069686674623151
1.1069686674623154
1.1069686674623154
1.1069686674623158
1.1356148668446564
1.1356148668446568
1.1380635285244793
1.1380635285244793
1.1380635285244798
1.1380635285244798
1.1454839887697017
1.1454839887697026
1.1454839887697028
1.1454839887697033
1.1582757936691732
1.1582757936691739
1.1582757936691743
1.1582757936691745
1.1903173149954405
1.1903173149954418
1.1903173149954427
1.1903173149954427
1.1951388003007886
1.1951388003007886
1.1951388003007888
1.1951388003007897
1.1998311262492944
1.1998311262492947
1.1998311262492947
1.199831126249295
1.2025741364069171
1.2025741364069182
1.2025741364069185
1.2025741364069196
1.2262174554957257
1.226217455495726
1.226217455495726
1.226217455495726
1.2473243022459357
1.2473243022459357
1.2473243022459362
1.2473243022459366
1.2611862234079099
1.26118622340791
1.26118622340791
1.2611862234079105
1.2659968330572886
1.265996833057289
1.2771336700405778
1.2771336700405778
1.2771336700405778
1.2771336700405784
1.3064508691759391
1.3064508691759398
1.3064508691759402
1.3064508691759404
1.3217995755295677
1.321799575529568
1.321799575529568
1.3217995755295684
1.3349405865987334
1.3349405865987338
1.3349405865987343
1.3349405865987352
1.3650557868918052
1.3650557868918054
1.3650557868918056
1.365055786891806
1.375340050470867
1.3753400504708673
1.3923468668061167
1.392346866806117
1.3923468668061174
1.3923468668061179
1.4169627510580034
1.4169627510580038
1.416962751058004
1.4169627510580045
1.443272647168189
1.4432726471681896
1.4432726471681896
1.4432726471681905
1.457397207813481
1.4573972078134811
1.482989924955842
1.4829899249558423
1.482989924955843
1.4829899249558436
1.5081484057275447
1.5081484057275458
