-1.5097451626705831
-1.5097451626705825
-1.4869387074975318
-1.4869387074975313
-1.48693870749753
-1.4869387074975295
-1.4637769582493212
-1.463776958249321
-1.4509411376963923
-1.4509411376963917
-1.4509411376963917
-1.450941137696391
-1.4271953085359093
-1.4271953085359081
-1.4271953085359081
-1.4271953085359061
-1.4047508446157686
-1.4047508446157684
-1.4047508446157675
-1.4047508446157664
-1.3896510043576331
-1.389651004357633
-1.3802105633184814
-1.3802105633184814
-1.3802105633184811
-1.380210563318481
-1.3524839341144206
-1.3524839341144193
-1.3524839341144186
-1.3524839341144184
-1.3413518048227289
-1.3413518048227282
-1.3413518048227278
-1.341351804822727
-1.3269774134041719
-1.3269774134041714
-1.3269774134041707
-1.3269774134041707
-1.2991870658404894
-1.299187065840489
-1.2991870658404887
-1.2991870658404883
-1.291247232210084
-1.2912472322100839
-1.2865117647694069
-1.2865117647694067
-1.2865117647694067
-1.2865117647694064
-1.2726127830940668
-1.2726127830940666
-1.2726127830940663
-1.272612783094066
-1.250423734686381
-1.2504237346863807
-1.2504237346863807
-1.2504237346863805
-1.2341828354336757
-1.2341828354336752
-1.2341828354336752
-1.234182835433675
-1.230360419104783
-1.2303604191047826
-1.2303604191047826
-1.2303604191047826
-1.222790161848812
-1.2227901618488117
-1.2227901618488117
-1.2227901618488117
-1.2115354107800747
-1.2115354107800744
-1.2115354107800742
-1.2115354107800738
-1.18667806459363
-1.1866780645936286
-1.1866780645936283
-1.1866780645936281
-1.1829937933992938
-1.1829937933992938
-1.1829937933992933
-1.1829937933992931
-1.1787532587948661
-1.1787532587948648
-1.1787532587948648
-1.1787532587948648
-1.1755345640553116
-1.175534564055311
-1.175534564055311
-1.1755345640553108
-1.1743488101360733
-1.1743488101360728
-1.157523689880638
-1.1575236898806378
-1.1575236898806376
-1.1575236898806371
-1.1374171532144755
-1.1374171532144752
-1.1374171532144752
-1.1374171532144748
-1.1214071497491565
-1.1214071497491565
-1.1214071497491562
-1.1214071497491562
-1.1125508383339677
-1.1125508383339675
-1.1125508383339673
-1.112550838333967
-1.1109025870165938
-1.1109025870165923
-1.1109025870165918
-1.110902587016591
-1.0778740792947636
-1.0778740792947636
-1.0778740792947634
-1.0778740792947634
-1.0551975417415598
-1.0551975417415596
-1.0551975417415593
-1.0551975417415587
-1.0498568036780878
-1.0498568036780875
-1.049856803678087
-1.049856803678086
-1.0471120321566445
-1.0471120321566443
-1.008811373550298
-1.0088113735502975
-1.0088113735502975
-1.0088113735502973
-0.985959477923427
-0.9859594779234266
-0.9859594779234266
-0.9859594779234258
-0.9788192707635436
-0.9788192707635436
-0.9788192707635432
-0.9788192707635428
-0.9361488275984979
-0.9361488275984979
-0.9361488275984975
-0.9361488275984973
-0.920754351782739
-0.9207543517827389
-0.9037485296406739
-0.9037485296406732
-0.9037485296406732
-0.9037485296406722
-0.8672064988420339
-0.8672064988420337
-0.8672064988420337
-0.8672064988420334
-0.8321261256849807
-0.8321261256849806
-0.8321261256849801
-0.8321261256849796
-0.810126932610481
-0.8101269326104806
-0.7724586877979325
-0.7724586877979317
-0.7724586877979314
-0.7724586877979308
-0.7328568767284225
-0.7328568767284217
0.732856876728422
0.7328568767284221
0.7724586877979307
0.7724586877979308
0.7724586877979308
0.7724586877979318
0.8101269326104786
0.8101269326104803
0.8321261256849788
0.8321261256849791
0.8321261256849792
0.8321261256849801
0.8672064988420336
0.867206498842034
0.867206498842034
0.867206498842034
0.9037485296406721
0.9037485296406725
0.9037485296406731
0.9037485296406733
0.920754351782739
0.9207543517827419
0.9361488275984976
0.9361488275984977
0.9361488275984979
0.9361488275984983
0.9788192707635424
0.9788192707635425
0.9788192707635427
0.9788192707635441
0.9859594779234248
0.9859594779234253
0.9859594779234256
0.9859594779234258
1.0088113735502973
1.0088113735502975
1.0088113735502975
1.008811373550298
1.0471120321566438
1.0471120321566443
1.049856803678087
1.049856803678087
1.0498568036780873
1.0498568036780873
1.0551975417415584
1.0551975417415587
1.0551975417415596
1.0551975417415598
1.0778740792947628
1.077874079294763
1.0778740792947634
1.0778740792947634
1.110902587016591
1.1109025870165918
1.1109025870165918
1.1109025870165923
1.1125508383339673
1.1125508383339673
1.1125508383339675
1.1125508383339675
1.1214071497491562
1.1214071497491562
1.1214071497491562
1.121407149749158
1.1374171532144743
1.1374171532144752
1.1374171532144757
1.1374171532144761
1.1575236898806371
1.1575236898806374
1.1575236898806374
1.1575236898806376
1.1743488101360728
1.1743488101360728
1.1755345640553108
1.1755345640553108
1.175534564055311
1.1755345640553116
1.1787532587948648
1.1787532587948648
1.1787532587948653
1.1787532587948655
1.182993793399293
1.182993793399293
1.1829937933992933
1.1829937933992933
1.1866780645936288
1.1866780645936292
1.1866780645936292
1.1866780645936292
1.2115354107800738
1.2115354107800742
1.2115354107800749
1.2115354107800755
1.2227901618488113
1.2227901618488117
1.222790161848812
1.2227901618488124
1.230360419104783
1.230360419104783
1.2303604191047834
1.2303604191047834
1.2341828354336752
1.2341828354336752
1.2341828354336752
1.2341828354336752
1.2504237346863802
1.2504237346863805
1.2504237346863811
1.2504237346863811
1.2726127830940652
1.2726127830940663
1.2726127830940663
1.2726127830940666
1.2865117647694067
1.2865117647694067
1.2865117647694069
1.2865117647694069
1.2912472322100836
1.2912472322100839
1.2991870658404887
1.2991870658404887
1.299187065840489
1.2991870658404892
1.3269774134041705
1.3269774134041712
1.3269774134041716
1.3269774134041734
1.341351804822727
1.3413518048227286
1.3413518048227289
1.3413518048227298
1.352483934114418
1.3524839341144184
1.3524839341144186
1.3524839341144188
1.3802105633184802
1.380210563318481
1.380210563318481
1.3802105633184811
1.3896510043576324
1.3896510043576327
1.4047508446157675
1.4047508446157675
1.4047508446157677
1.4047508446157682
1.4271953085359073
1.4271953085359073
1.4271953085359077
1.427195308535908
1.4509411376963908
1.4509411376963914
1.4509411376963917
1.450941137696392
1.4637769582493214
1.4637769582493219
1.4869387074975304
1.4869387074975304
1.4869387074975313
1.4869387074975313
1.5097451626705818
1.5097451626705825
