-1.360142391837442
-1.3559990005147162
-1.3396536177583542
-1.3372947802198323
-1.3280800565117985
-1.3251233663658
-1.3147609833900815
-1.3113764485114028
-1.304692250604664
-1.3014540482688657
-1.2942079856086701
-1.2907743934754548
-1.284422685786672
-1.2719146337279468
-1.27009613444324
-1.2677825005359902
-1.2567921291109452
-1.2504189652349809
-1.2476813073710658
-1.238267416237268
-1.2363462425875775
-1.2319209307880385
-1.2219193953632115
-1.218528555935698
-1.2161259325247111
-1.2121023637157895
-1.2103084997762905
-1.201019991320211
-1.194481751562922
-1.1921097300383412
-1.1897017398021132
-1.1850838758792888
-1.1845449276834665
-1.1807936560653085
-1.178013140057087
-1.1654992028605284
-1.1632439514082415
-1.1564572394823907
-1.1541002884521894
-1.1521081143261045
-1.1482560749656696
-1.1441952241957325
-1.141247713760657
-1.1365306377334823
-1.1337715958756573
-1.1293206631738073
-1.1250083795678543
-1.122131235320786
-1.1200672256853819
-1.1140689106088388
-1.109746841682591
-1.103842819360967
-1.102981834449516
-1.09583016965022
-1.0929032601370985
-1.0893114042425156
-1.088146118787495
-1.0847818222579977
-1.0801373108758878
-1.0755483783289799
-1.0734119992953361
-1.0700478151855277
-1.0667270282757548
-1.063648203353266
-1.0619069378296981
-1.0573341840743131
-1.0496221993808976
-1.0481240195293453
-1.044030659164146
-1.0411328089200012
-1.037684006261183
-1.035756592788154
-1.0339643282089621
-1.0291601203899068
-1.0224606701866021
-1.0212638030864754
-1.0170383129919827
-1.0156848394111155
-1.0136923582851574
-1.0080482824073937
-1.0041716138297156
-1.0006823843957082
-0.9982364590530312
-0.994066332763497
-0.9929821954501383
-0.9820290038590546
-0.9811456834195942
-0.9752726335557159
-0.9735823552369018
-0.9682032388897697
-0.966784826483009
-0.9639482140656915
-0.9576411969750641
-0.9559464021714977
-0.9532897301536144
-0.9501077585119779
-0.9471715772320952
-0.9439952119249418
-0.9372076859087676
-0.9347135769741374
-0.9315995476682265
-0.9284836957942975
-0.9213731294565922
-0.916968148372622
-0.916675697307412
-0.9129553613176112
-0.9082527590399602
-0.8985750301832547
-0.8936180848259717
-0.8924279914448581
-0.8910902553453276
-0.8893515218147314
-0.8871288018998731
-0.8800376505562075
-0.8724928157781527
-0.869895641840327
-0.8689689571035062
-0.8637597063452208
-0.8556981154059183
-0.8496592936221886
-0.8479924593291098
-0.8438633805389171
-0.8351779147391354
-0.8267823599124031
-0.8199636289341362
-0.8157407970715151
-0.8082500358876628
-0.8034887130725816
-0.800856001977804
-0.7968842998897855
-0.7859748189692424
-0.7804037490015655
-0.7790244056597024
-0.7769493003523161
-0.763138515446723
-0.7616471206157597
-0.7440839627919448
-0.7342626069083834
-0.7225217193048539
-0.720204578683514
-0.7180034683814509
-0.7149141397256545
-0.6989795693283709
-0.6975119146904042
-0.6846639559287635
-0.6713665057440239
-0.6542201309152847
-0.6523887824985594
-0.642910765781948
-0.6405547614308222
-0.6227759245364193
-0.6082129192578458
-0.5598027738714065
-0.5482717993605288
-0.5136812608439315
-0.5073667397376224
-0.4616787457536465
-0.4546252262520772
-0.4442396987701453
-0.44339033520075033
-0.0001189207069853901
-9.134551223845646e-05
9.134551223849998e-05
0.00011892070698494776
0.4433903352007503
0.44423969877014546
0.454625226252077
0.46167874575364615
0.5073667397376227
0.5136812608439316
0.5482717993605293
0.559802773871407
0.6082129192578457
0.6227759245364193
0.6405547614308221
0.642910765781948
0.6523887824985599
0.6542201309152846
0.6713665057440239
0.6846639559287636
0.6975119146904042
0.6989795693283706
0.7149141397256542
0.7180034683814508
0.7202045786835143
0.7225217193048539
0.7342626069083831
0.7440839627919449
0.7616471206157597
0.7631385154467231
0.7769493003523161
0.7790244056597022
0.7804037490015654
0.7859748189692423
0.7968842998897854
0.8008560019778035
0.8034887130725814
0.8082500358876628
0.8157407970715151
0.8199636289341363
0.826782359912403
0.8351779147391353
0.8438633805389174
0.8479924593291095
0.8496592936221885
0.8556981154059182
0.8637597063452206
0.8689689571035061
0.8698956418403271
0.8724928157781527
0.8800376505562073
0.8871288018998735
0.8893515218147313
0.8910902553453283
0.8924279914448583
0.8936180848259717
0.8985750301832548
0.90825275903996
0.9129553613176111
0.9166756973074117
0.9169681483726217
0.921373129456592
0.9284836957942978
0.9315995476682266
0.9347135769741373
0.9372076859087678
0.9439952119249417
0.9471715772320951
0.9501077585119782
0.9532897301536142
0.9559464021714975
0.9576411969750642
0.963948214065692
0.9667848264830092
0.9682032388897697
0.9735823552369018
0.9752726335557159
0.9811456834195944
0.9820290038590551
0.9929821954501384
0.994066332763496
0.998236459053031
1.0006823843957082
1.0041716138297163
1.0080482824073937
1.0136923582851578
1.0156848394111153
1.0170383129919827
1.0212638030864756
1.0224606701866024
1.0291601203899068
1.0339643282089623
1.035756592788154
1.0376840062611832
1.041132808920001
1.044030659164146
1.0481240195293455
1.0496221993808983
1.0573341840743131
1.0619069378296981
1.0636482033532666
1.0667270282757553
1.0700478151855277
1.0734119992953364
1.0755483783289799
1.0801373108758876
1.084781822257998
1.0881461187874948
1.0893114042425152
1.092903260137099
1.0958301696502204
1.1029818344495168
1.103842819360967
1.109746841682591
1.114068910608839
1.1200672256853814
1.1221312353207857
1.1250083795678538
1.1293206631738073
1.1337715958756576
1.1365306377334825
1.1412477137606567
1.1441952241957327
1.14825607496567
1.1521081143261045
1.1541002884521894
1.1564572394823904
1.1632439514082415
1.1654992028605287
1.178013140057087
1.1807936560653085
1.184544927683466
1.1850838758792885
1.1897017398021135
1.1921097300383412
1.1944817515629222
1.201019991320211
1.2103084997762898
1.2121023637157893
1.2161259325247114
1.2185285559356982
1.2219193953632113
1.2319209307880385
1.2363462425875784
1.238267416237268
1.2476813073710658
1.2504189652349804
1.2567921291109458
1.2677825005359897
1.27009613444324
1.2719146337279468
1.284422685786672
1.2907743934754545
1.2942079856086701
1.3014540482688652
1.3046922506046639
1.3113764485114026
1.3147609833900815
1.3251233663658
1.3280800565117983
1.3372947802198325
1.339653617758354
1.3559990005147164
1.3601423918374422
