-3.2705899081956535
-3.2188976701188325
-3.1817114956522023
-3.1774885922568856
-3.1647107518681974
-3.141887878597803
-3.124910937058385
-3.085647303317315
-3.0742435068500615
-3.060761602061042
-3.0486396675322642
-3.035529178074362
-3.0108399390814617
-2.9905154773572566
-2.9757968048329757
-2.9607204173028303
-2.948086129598854
-2.9243554985490388
-2.905124289840337
-2.8980767901255815
-2.8757620603606546
-2.8726049323150384
-2.8593639694335318
-2.8539267462592095
-2.8327088864736116
-2.8187547671507405
-2.7888863795450547
-2.769350735746726
-2.7663103225381076
-2.7539157606475295
-2.740692611247854
-2.7335290094877718
-2.7166956200911243
-2.711475833813376
-2.6974305474923774
-2.6947956260338346
-2.685560454754546
-2.6760128759447257
-2.626297519735115
-2.616769795031844
-2.6033910168600407
-2.5936180608957926
-2.589337253045092
-2.5843315118166306
-2.5743476782203327
-2.569775757058754
-2.5549744803273042
-2.55138185533764
-2.5371372269426438
-2.5222245318478227
-2.5044511915565915
-2.4968701947086274
-2.487960600572494
-2.4756640356172293
-2.450345260052574
-2.4462461530304975
-2.426858268186461
-2.415638745114858
-2.407823605836662
-2.4066912703059242
-2.402446290960489
-2.3922031235707264
-2.3889229084359047
-2.381955797315515
-2.3796973010328966
-2.368759549394178
-2.3515238724111684
-2.347592350047806
-2.3434461363669463
-2.3323346063533035
-2.3238320051412398
-2.3082606892186477
-2.2940412103123102
-2.288437136104461
-2.285065746673054
-2.2782575308431627
-2.2718748933063555
-2.258635098777777
-2.251094448866758
-2.2443608827062853
-2.2417097417193186
-2.2317299333688387
-2.223507324225804
-2.221548990675724
-2.212879692518209
-2.2091171729478876
-2.197248137911885
-2.184082657671641
-2.1822520498025373
-2.17647202187466
-2.1735876961418095
-2.1583325261273605
-2.1555494029765665
-2.1415714286863112
-2.118252640790686
-2.103135961998513
-2.083331017818819
-2.0812181787879283
-2.0646870931837853
-2.0519365109748744
-2.035838931638273
-2.0326970908241266
-2.0296851469691255
-2.017740970058042
-2.014389807610109
-2.0084919679787263
-1.9903698600637416
-1.984600346388517
-1.9753621132463866
-1.9523449482984998
-1.9124625110199218
-1.8922475067236257
-1.8884816606846713
-1.878375393609152
-1.8515917308518948
-1.8314215876119453
-1.821824147338381
-1.8155115522974392
-1.8045531958864787
-1.8035073347321289
-1.7900130025818342
-1.7772094225606532
-1.763630092454411
-1.7490008820267309
-1.663654592061908
-1.6509616509891958
-1.6336839760043034
-1.6234789755747603
-1.589583742801524
-1.5753682350814688
-1.5720665912015093
-1.5548935422167627
-1.548471097128603
-1.5350317060750045
-1.5244200862376696
-1.51747887790176
-1.398678051612569
-1.3716766762356818
-1.366170242630769
-1.3544558168733352
-1.3058272839252933
-1.2904730956720833
-1.2797077252746445
-1.2648092566110414
-1.2593314343018027
-1.2472398334114128
-1.0891970962989255
-1.0795935805966963
-1.0594891456707398
-1.0547683464049695
-0.9559032453211307
-0.9390789754725386
-0.9283478635727408
-0.9222201737758446
-0.7962572661456135
-0.7839788101520196
-0.6096330982327881
-0.5921072942984356
-0.5827105409769742
-0.5733368878044229
-0.26921879864887943
-0.2590857344252836
0.25908573442528415
0.26921879864887843
0.573336887804423
0.5827105409769713
0.5921072942984348
0.609633098232788
0.7839788101520201
0.7962572661456132
0.9222201737758451
0.9283478635727412
0.9390789754725393
0.9559032453211314
1.0547683464049715
1.0594891456707403
1.0795935805966959
1.0891970962989252
1.2472398334114128
1.2593314343018027
1.2648092566110414
1.279707725274644
1.2904730956720836
1.3058272839252936
1.3544558168733354
1.366170242630768
1.3716766762356825
1.3986780516125696
1.517478877901759
1.524420086237669
1.5350317060750045
1.548471097128602
1.5548935422167631
1.572066591201509
1.5753682350814684
1.5895837428015234
1.62347897557476
1.6336839760043025
1.6509616509891962
1.6636545920619081
1.7490008820267304
1.76363009245441
1.7772094225606536
1.790013002581834
1.8035073347321289
1.8045531958864787
1.8155115522974399
1.8218241473383812
1.831421587611945
1.8515917308518948
1.8783753936091525
1.8884816606846708
1.892247506723626
1.9124625110199216
1.9523449482984996
1.9753621132463866
1.984600346388517
1.990369860063742
2.0084919679787263
2.014389807610105
2.017740970058042
2.0296851469691255
2.0326970908241266
2.0358389316382732
2.051936510974874
2.064687093183785
2.081218178787929
2.08333101781882
2.103135961998513
2.1182526407906863
2.141571428686311
2.1555494029765674
2.1583325261273596
2.1735876961418095
2.1764720218746603
2.182252049802537
2.1840826576716403
2.1972481379118856
2.209117172947888
2.2128796925182077
2.221548990675724
2.2235073242258063
2.2317299333688387
2.241709741719318
2.2443608827062844
2.2510944488667586
2.258635098777777
2.271874893306355
2.2782575308431623
2.2850657466730544
2.28843713610446
2.2940412103123107
2.3082606892186472
2.323832005141239
2.3323346063533035
2.343446136366948
2.3475923500478064
2.3515238724111684
2.368759549394177
2.3796973010328966
2.3819557973155137
2.388922908435905
2.392203123570727
2.402446290960489
2.4066912703059256
2.4078236058366635
2.4156387451148578
2.426858268186461
2.4462461530304993
2.4503452600525746
2.4756640356172284
2.4879606005724946
2.4968701947086247
2.504451191556591
2.522224531847822
2.5371372269426433
2.551381855337639
2.554974480327303
2.5697757570587534
2.574347678220334
2.5843315118166297
2.589337253045091
2.5936180608957926
2.603391016860041
2.6167697950318436
2.6262975197351146
2.6760128759447253
2.685560454754546
2.694795626033836
2.6974305474923783
2.711475833813375
2.716695620091123
2.7335290094877718
2.740692611247854
2.7539157606475304
2.766310322538108
2.7693507357467264
2.7888863795450547
2.818754767150741
2.8327088864736116
2.853926746259211
2.8593639694335327
2.8726049323150398
2.8757620603606555
2.8980767901255824
2.905124289840337
2.924355498549038
2.9480861295988534
2.9607204173028303
2.9757968048329757
2.9905154773572558
3.010839939081462
3.0355291780743614
3.0486396675322633
3.0607616020610418
3.074243506850062
3.0856473033173146
3.124910937058385
3.1418878785978026
3.1647107518681965
3.177488592256886
3.1817114956522023
3.218897670118833
3.270589908195652
