-9.981773642386882
-9.82726936537303
-9.802464834553108
-9.764097975978121
-9.730719830438758
-9.690677933672358
-9.660426688252622
-9.61969476315577
-9.595497656682857
-9.572224411401317
-9.539061695229138
-9.492962363801736
-9.461281225232876
-9.444642527840976
-9.412548470846804
-9.389886224402773
-9.374535670208493
-9.353538791313863
-9.322693011697824
-9.285224900161229
-9.263963747003583
-9.248565725414256
-9.24795679597616
-9.212781247703036
-9.19170612218058
-9.182984373100867
-9.139512155717116
-9.122985736733886
-9.11044321705277
-9.094465493392716
-9.076425689906715
-9.064902958404298
-9.044139539856612
-9.022142777572046
-9.007766612608542
-8.985411415215088
-8.958978596731326
-8.951300390817327
-8.930238702803601
-8.919107739867316
-8.881793340992834
-8.861447110599258
-8.852198048751907
-8.803761559403856
-8.794677413460066
-8.772327880024097
-8.761064916147081
-8.758404916325787
-8.725056810786167
-8.711550452001715
-8.70832962799022
-8.680142418790684
-8.66079470354017
-8.639869263510308
-8.612650614507082
-8.601843337926837
-8.593327903950774
-8.586817617002254
-8.558627093722002
-8.549564725733818
-8.535445190307149
-8.513030079531339
-8.493992945556299
-8.487809869038296
-8.478157264986002
-8.46772808545853
-8.457462680084658
-8.44611701022286
-8.424552448329166
-8.403360228310916
-8.390180601777152
-8.372184470129348
-8.367954664375535
-8.34200203557383
-8.328463474424119
-8.32059301462129
-8.304422069349274
-8.293752189927416
-8.283314771757487
-8.275565155855986
-8.257529120958324
-8.23952064446246
-8.229778085074848
-8.210750775037278
-8.196168048615432
-8.194111769361433
-8.174277585380699
-8.165107590742517
-8.157011416294091
-8.129621871132354
-8.120271270271058
-8.104972492931187
-8.093447338694132
-8.083635116292543
-8.06290961449591
-8.040981373623117
-8.031154229547377
-8.022965950290118
-8.001126541328317
-7.981625672355793
-7.9578741091298495
-7.949933944809217
-7.938692030138277
-7.919017864479803
-7.91071106437754
-7.884937591500034
-7.861601678526762
-7.848272333611276
-7.8369617234414495
-7.806770788241193
-7.80084182917342
-7.774591158405476
-7.753474413771593
-7.734160320872066
-7.714446224431433
-7.707686748361878
-7.6640672288099125
-7.652509585291824
-7.636215551207501
-7.618953503897567
-7.599923505523897
-7.583847148714139
-7.55384210777427
-7.5302270958374615
-7.524546133425004
-7.505621497244002
-7.483558616253531
-7.4647472554517895
-7.424884123216565
-7.399937099539015
-7.380664722663168
-7.372357910139703
-7.345055493799055
-7.333437307726225
-7.283254629270711
-7.261092533345593
-7.227380758685806
-7.220462923085718
-7.196615934153076
-7.171335111948835
-7.146450591967549
-7.128717360938128
-7.104171187744552
-7.078761364923953
-7.043954593141599
-7.015557719358865
-6.995131555319601
-6.978631058100878
-6.957204640849153
-6.894827792331284
-6.884046338610658
-6.830228582405258
-6.810297001216671
-6.764259370341867
-6.726926199352362
-6.686941672972355
-6.6668126880228105
-6.6276156036708
-6.548271752085956
-6.53823181447937
-6.491324928537582
-6.445270361864457
6.445270361864464
6.491324928537579
6.538231814479372
6.54827175208595
6.627615603670804
6.6668126880228105
6.686941672972353
6.726926199352363
6.764259370341866
6.810297001216665
6.830228582405258
6.884046338610661
6.8948277923312835
6.957204640849154
6.978631058100879
6.9951315553196025
7.015557719358867
7.0439545931416
7.078761364923954
7.10417118774455
7.128717360938128
7.146450591967549
7.171335111948835
7.196615934153075
7.220462923085718
7.227380758685803
7.261092533345592
7.283254629270709
7.333437307726226
7.345055493799055
7.372357910139702
7.38066472266317
7.399937099539015
7.4248841232165645
7.464747255451787
7.4835586162535295
7.505621497244002
7.524546133425004
7.530227095837461
7.55384210777427
7.583847148714138
7.599923505523899
7.618953503897562
7.636215551207503
7.652509585291824
7.664067228809912
7.707686748361878
7.7144462244314305
7.734160320872066
7.753474413771594
7.774591158405475
7.80084182917342
7.8067707882412005
7.83696172344145
7.848272333611274
7.861601678526761
7.884937591500032
7.910711064377538
7.919017864479805
7.938692030138272
7.949933944809216
7.9578741091298495
7.981625672355792
8.001126541328315
8.022965950290116
8.031154229547372
8.040981373623117
8.062909614495908
8.083635116292543
8.093447338694133
8.104972492931186
8.120271270271058
8.129621871132354
8.157011416294095
8.165107590742515
8.174277585380697
8.194111769361433
8.196168048615428
8.210750775037278
8.229778085074848
8.23952064446247
8.257529120958324
8.275565155855986
8.283314771757487
8.29375218992742
8.304422069349272
8.320593014621288
8.32846347442412
8.342002035573827
8.367954664375535
8.372184470129348
8.390180601777152
8.403360228310914
8.424552448329159
8.446117010222858
8.457462680084655
8.46772808545853
8.478157264986002
8.4878098690383
8.4939929455563
8.513030079531339
8.535445190307149
8.54956472573382
8.558627093722
8.586817617002257
8.593327903950774
8.601843337926839
8.612650614507084
8.639869263510311
8.660794703540168
8.680142418790682
8.708329627990219
8.711550452001713
8.725056810786171
8.758404916325793
8.761064916147086
8.772327880024095
8.794677413460064
8.803761559403858
8.852198048751905
8.861447110599258
8.881793340992834
8.919107739867316
8.930238702803601
8.951300390817327
8.958978596731324
8.985411415215085
9.00776661260854
9.022142777572046
9.044139539856616
9.064902958404298
9.076425689906715
9.094465493392715
9.110443217052769
9.122985736733886
9.139512155717116
9.182984373100869
9.191706122180578
9.212781247703038
9.247956795976156
9.24856572541426
9.263963747003581
9.285224900161227
9.322693011697826
9.353538791313866
9.374535670208493
9.38988622440277
9.412548470846803
9.444642527840974
9.461281225232874
9.492962363801734
9.539061695229138
9.572224411401319
9.595497656682863
9.619694763155767
9.660426688252624
9.690677933672363
9.730719830438758
9.764097975978123
9.80246483455311
9.827269365373036
9.981773642386882
