-9.898513352419887
-9.881119023472586
-9.788080520785167
-9.75568592053867
-9.713247605717743
-9.67575263738104
-9.658717819820925
-9.624933040385942
-9.540648494547636
-9.5180563376728
-9.441616812773386
-9.438179151814815
-9.408018798191822
-9.37222185585119
-9.364617903379735
-9.325072035164975
-9.316832597627204
-9.280896646913678
-9.255986780722521
-9.240413204867268
-9.205747942890504
-9.179063065223856
-9.154522369425822
-9.140388430231214
-9.090386756363143
-9.073455236406893
-9.045361507106684
-9.040143983460728
-9.000234179444819
-8.993211917467884
-8.984606047702199
-8.933678423259098
-8.926060647822682
-8.922886158717846
-8.879202377916908
-8.87404856315794
-8.838427239374314
-8.827564658986526
-8.8093752609618
-8.787740738352685
-8.778832737733643
-8.75929845863042
-8.722090840898408
-8.67680538990025
-8.658012150138614
-8.642361312596138
-8.619282367013389
-8.594192119082736
-8.580443794301257
-8.563616396498281
-8.55488631499814
-8.520270883694216
-8.508108262937956
-8.489411081643713
-8.46426505581781
-8.456700694713359
-8.42734724414853
-8.415693269510818
-8.405473747279348
-8.38622620276947
-8.359738446992715
-8.33923600535415
-8.33119427793136
-8.317785975228697
-8.305665045055308
-8.297985372798825
-8.282878425477971
-8.272416783094473
-8.242604659579971
-8.217111212104541
-8.185862069645317
-8.16552261680696
-8.156322051283118
-8.138517768968132
-8.099327639780878
-8.09232206530719
-8.071214646623934
-8.062041432989401
-8.038163794221175
-8.020969881965298
-8.010772116439789
-8.00659944901273
-7.9773025978756955
-7.957762889426301
-7.904638693393931
-7.88615084688774
-7.871194227374611
-7.849069773166656
-7.824729157025119
-7.802035147745783
-7.784321178200926
-7.775187776696752
-7.768616275554538
-7.747660555212675
-7.721195466027773
-7.698425942250778
-7.678419461915035
-7.611599272017598
-7.606707472598051
-7.576791421364159
-7.571785544867968
-7.5405970240555105
-7.524022450191768
-7.493047639097246
-7.454517812276913
-7.446107181114183
-7.375851573474527
-7.372072779731305
-7.335357775213405
-7.285617409348968
-7.2607656045392766
-7.238980259889385
-7.201102215533763
-7.182503027348096
-7.0889607032454025
-7.082891060289334
-7.077268660735715
-7.0487991726389385
-7.028006595473055
-6.982057143654823
-6.964974919303559
-6.9541929128316555
-6.917214956717548
-6.89649916063882
-6.8851893425261785
-6.836315749578218
-6.806335671876588
-6.784868576489961
-6.733565446185202
-6.66286156716939
-6.655225965503183
-6.6256310778178324
-6.5800108230218814
-6.568226475392482
-6.518064020987703
-6.513866984456282
-6.478117044046058
-6.429693699271298
-6.355517934414101
-6.300602704320742
-6.220332684418195
-6.07833690876495
-5.958360760186886
-5.939610633385424
-5.896619557713043
-5.630868324306114
-5.528454687195331
-5.488996872138796
-5.488463467227522
-5.29472069113929
-5.230143483064098
-5.116780056217781
-5.013448593372232
-4.970343655941525
-4.9290987929180075
-4.769588576622341
-4.633482365002456
-4.630148272291048
-4.605662750157947
-4.471917886599514
-5.0426652971073375e-06
-3.184460576680379e-06
3.200004315856026e-06
5.02712133560188e-06
4.4719178666104815
4.605662750279976
4.630148272293284
4.633482384858409
4.7695885566427485
4.929098792919856
4.970343675896486
5.013448593395374
5.116780036255025
5.230143483068735
5.2947206911415305
5.488463448529145
5.488996890820286
5.528454687167416
5.630868324381411
5.896619577599678
5.939610633468074
5.958360760209555
6.078336888898027
6.2203327043445
6.300602704379022
6.355517914487423
6.429693719019761
6.478117054638541
6.51386697443086
6.5180640213673
6.568226457381888
6.580010828362855
6.625631070156691
6.655225960498109
6.662861567005915
6.73356544961651
6.784868575308365
6.806335673517742
6.836315748403427
6.885189356897989
6.896499161562403
6.917214958000199
6.954192910730554
6.96497491939808
6.982057141553806
7.028006603240059
7.04879916638405
7.077268671847138
7.082891073878103
7.088960693590861
7.182503037394974
7.201102204815865
7.238980259653486
7.260765608367757
7.285617400365989
7.335357779012687
7.372072784196334
7.375851569908531
7.446107177098556
7.454517805742359
7.493047641705026
7.524022457094004
7.540597028486861
7.571785538550741
7.576791421737167
7.606707472292538
7.611599267040115
7.6784194584698096
7.698425941753448
7.721195472040559
7.747660558339193
7.768616280526152
7.775187771563752
7.784321181367399
7.802035150401477
7.824729150579137
7.849069768752161
7.87119422674674
7.886150850396825
7.904638688224744
7.957762895228202
7.977302596368825
8.006599449299562
8.010772116372625
8.02096987954012
8.03816378881761
8.062041431986028
8.071214645988027
8.092322069604606
8.09932763780547
8.138517771328473
8.156322056529586
8.165522617416174
8.185862068508264
8.217111212823792
8.24260466378747
8.272416780157107
8.282878427430742
8.297985373413225
8.305665044107338
8.317785968102708
8.331194272158557
8.339236000904101
8.359738449654003
8.386226207524393
8.405473748521265
8.41569327046368
8.427347246330486
8.456700695441894
8.464265053298359
8.489411082901492
8.50810825816924
8.520270880909884
8.55488631531535
8.563616400076423
8.5804437968442
8.594192124829767
8.619282370663102
8.642361310913401
8.658012144489163
8.67680539573765
8.722090843363533
8.759298458087448
8.778832739904393
8.78774073819794
8.80937526344556
8.827564656290024
8.838427244901064
8.874048563851508
8.879202372662423
8.922886150904509
8.926060646006015
8.93367842610016
8.98460605200869
8.993211918584995
9.00023418342052
9.040143977571663
9.045361508190284
9.073455238091443
9.090386755460322
9.140388423477889
9.154522367568637
9.179063073097744
9.20574794362945
9.240413198963461
9.255986779960555
9.280896646899997
9.316832599713836
9.325072031688698
9.364617905481929
9.37222185988011
9.40801879882567
9.438179150626596
9.44161680509203
9.518056341492974
9.540648490843644
9.624933043399835
9.658717822533006
9.675752638293746
9.71324761197663
9.755685917728
9.788080515265337
9.881119032155903
9.898513341493551
